[-0.7313970667520917, 0.009220495200800696]
[-0.7313970667520917, 0.009220495200800696]
[-0.7313970667520917, 0.009220495200800696]
[-0.7313970667520917, 0.009220495200800696]
[-0.7313970667520917, 0.009220495200800696]
[-0.7313970667520917, 0.009220495200800696]
[-0.7313970667520917, 0.009220495200800696]
[-0.7313970667520917, 0.009220495200800696]
[-0.7285884678599476, 0.00930822141393205]
[-0.7285884678599476, 0.00930822141393205]
[-0.7285884678599476, 0.00930822141393205]
[-0.7285884678599476, 0.00930822141393205]
[-0.7285884678599476, 0.00930822141393205]
[-0.7285884678599476, 0.00930822141393205]
[-0.7285884678599476, 0.00930822141393205]
[-0.7285884678599476, 0.00930822141393205]
[-0.7256226869931481, 0.009125858838809127]
[-0.7256226869931481, 0.009125858838809127]
[-0.7256226869931481, 0.009125858838809127]
[-0.7256226869931481, 0.009125858838809127]
[-0.7256226869931481, 0.009125858838809127]
[-0.7256226869931481, 0.009125858838809127]
[-0.7256226869931481, 0.009125858838809127]
[-0.7256226869931481, 0.009125858838809127]
[-0.7228831489449576, 0.008886421078122745]
[-0.7228831489449576, 0.008886421078122745]
[-0.7228831489449576, 0.008886421078122745]
[-0.7228831489449576, 0.008886421078122745]
[-0.7228831489449576, 0.008886421078122745]
[-0.7228831489449576, 0.008886421078122745]
[-0.7228831489449576, 0.008886421078122745]
[-0.7228831489449576, 0.008886421078122745]
[-0.7197782015199112, 0.008701833434395134]
[-0.7197782015199112, 0.008701833434395134]
[-0.7197782015199112, 0.008701833434395134]
[-0.7197782015199112, 0.008701833434395134]
[-0.7197782015199112, 0.008701833434395134]
[-0.7197782015199112, 0.008701833434395134]
[-0.7197782015199112, 0.008701833434395134]
[-0.7197782015199112, 0.008701833434395134]
[-0.7168615864732285, 0.008607073634891774]
[-0.7168615864732285, 0.008607073634891774]
[-0.7168615864732285, 0.008607073634891774]
[-0.7168615864732285, 0.008607073634891774]
[-0.7168615864732285, 0.008607073634891774]
[-0.7168615864732285, 0.008607073634891774]
[-0.7168615864732285, 0.008607073634891774]
[-0.7168615864732285, 0.008607073634891774]
[-0.7139611851736849, 0.00852900429617339]
[-0.7139611851736849, 0.00852900429617339]
[-0.7139611851736849, 0.00852900429617339]
[-0.7139611851736849, 0.00852900429617339]
[-0.7139611851736849, 0.00852900429617339]
[-0.7139611851736849, 0.00852900429617339]
[-0.7139611851736849, 0.00852900429617339]
[-0.7139611851736849, 0.00852900429617339]
[-0.7113491204339947, 0.008477816243701088]
[-0.7113491204339947, 0.008477816243701088]
[-0.7113491204339947, 0.008477816243701088]
[-0.7113491204339947, 0.008477816243701088]
[-0.7113491204339947, 0.008477816243701088]
[-0.7113491204339947, 0.008477816243701088]
[-0.7113491204339947, 0.008477816243701088]
[-0.7113491204339947, 0.008477816243701088]
[-0.7084268715289508, 0.008414854868804703]
[-0.7084268715289508, 0.008414854868804703]
[-0.7084268715289508, 0.008414854868804703]
[-0.7084268715289508, 0.008414854868804703]
[-0.7084268715289508, 0.008414854868804703]
[-0.7084268715289508, 0.008414854868804703]
[-0.7084268715289508, 0.008414854868804703]
[-0.7084268715289508, 0.008414854868804703]
[-0.7054994310675589, 0.008363439171267558]
[-0.7054994310675589, 0.008363439171267558]
[-0.7054994310675589, 0.008363439171267558]
[-0.7054994310675589, 0.008363439171267558]
[-0.7054994310675589, 0.008363439171267558]
[-0.7054994310675589, 0.008363439171267558]
[-0.7054994310675589, 0.008363439171267558]
[-0.7054994310675589, 0.008363439171267558]
[-0.7025297162347168, 0.008311889188603127]
[-0.7025297162347168, 0.008311889188603127]
[-0.7025297162347168, 0.008311889188603127]
[-0.7025297162347168, 0.008311889188603127]
[-0.7025297162347168, 0.008311889188603127]
[-0.7025297162347168, 0.008311889188603127]
[-0.7025297162347168, 0.008311889188603127]
[-0.7025297162347168, 0.008311889188603127]
[-0.6994743486663239, 0.008274902522546892]
[-0.6994743486663239, 0.008274902522546892]
[-0.6994743486663239, 0.008274902522546892]
[-0.6994743486663239, 0.008274902522546892]
[-0.6994743486663239, 0.008274902522546892]
[-0.6994743486663239, 0.008274902522546892]
[-0.6994743486663239, 0.008274902522546892]
[-0.6994743486663239, 0.008274902522546892]
[-0.6961523676249959, 0.008266293801210866]
[-0.6961523676249959, 0.008266293801210866]
[-0.6961523676249959, 0.008266293801210866]
[-0.6961523676249959, 0.008266293801210866]
[-0.6961523676249959, 0.008266293801210866]
[-0.6961523676249959, 0.008266293801210866]
[-0.6961523676249959, 0.008266293801210866]
[-0.6961523676249959, 0.008266293801210866]
[-0.693193941992392, 0.008275681477903127]
[-0.693193941992392, 0.008275681477903127]
[-0.693193941992392, 0.008275681477903127]
[-0.693193941992392, 0.008275681477903127]
[-0.693193941992392, 0.008275681477903127]
[-0.693193941992392, 0.008275681477903127]
[-0.693193941992392, 0.008275681477903127]
[-0.693193941992392, 0.008275681477903127]
[-0.6902211185261539, 0.00827024348839892]
[-0.6902211185261539, 0.00827024348839892]
[-0.6902211185261539, 0.00827024348839892]
[-0.6902211185261539, 0.00827024348839892]
[-0.6902211185261539, 0.00827024348839892]
[-0.6902211185261539, 0.00827024348839892]
[-0.6902211185261539, 0.00827024348839892]
[-0.6902211185261539, 0.00827024348839892]
[-0.6877091806870363, 0.008246738153607944]
[-0.6877091806870363, 0.008246738153607944]
[-0.6877091806870363, 0.008246738153607944]
[-0.6877091806870363, 0.008246738153607944]
[-0.6877091806870363, 0.008246738153607944]
[-0.6877091806870363, 0.008246738153607944]
[-0.6877091806870363, 0.008246738153607944]
[-0.6877091806870363, 0.008246738153607944]
[-0.6846183652829998, 0.008185588697331292]
[-0.6846183652829998, 0.008185588697331292]
[-0.6846183652829998, 0.008185588697331292]
[-0.6846183652829998, 0.008185588697331292]
[-0.6846183652829998, 0.008185588697331292]
[-0.6846183652829998, 0.008185588697331292]
[-0.6846183652829998, 0.008185588697331292]
[-0.6846183652829998, 0.008185588697331292]
[-0.6817011176422757, 0.00816209379453319]
[-0.6817011176422757, 0.00816209379453319]
[-0.6817011176422757, 0.00816209379453319]
[-0.6817011176422757, 0.00816209379453319]
[-0.6817011176422757, 0.00816209379453319]
[-0.6817011176422757, 0.00816209379453319]
[-0.6817011176422757, 0.00816209379453319]
[-0.6817011176422757, 0.00816209379453319]
[-0.678996731058855, 0.008144074734972266]
[-0.678996731058855, 0.008144074734972266]
[-0.678996731058855, 0.008144074734972266]
[-0.678996731058855, 0.008144074734972266]
[-0.678996731058855, 0.008144074734972266]
[-0.678996731058855, 0.008144074734972266]
[-0.678996731058855, 0.008144074734972266]
[-0.678996731058855, 0.008144074734972266]
[-0.6761748194934812, 0.008102127446817766]
[-0.6761748194934812, 0.008102127446817766]
[-0.6761748194934812, 0.008102127446817766]
[-0.6761748194934812, 0.008102127446817766]
[-0.6761748194934812, 0.008102127446817766]
[-0.6761748194934812, 0.008102127446817766]
[-0.6761748194934812, 0.008102127446817766]
[-0.6761748194934812, 0.008102127446817766]
[-0.6737627051548855, 0.008046423836160563]
[-0.6737627051548855, 0.008046423836160563]
[-0.6737627051548855, 0.008046423836160563]
[-0.6737627051548855, 0.008046423836160563]
[-0.6737627051548855, 0.008046423836160563]
[-0.6737627051548855, 0.008046423836160563]
[-0.6737627051548855, 0.008046423836160563]
[-0.6737627051548855, 0.008046423836160563]
[-0.6709348801112295, 0.00794601629174813]
[-0.6709348801112295, 0.00794601629174813]
[-0.6709348801112295, 0.00794601629174813]
[-0.6709348801112295, 0.00794601629174813]
[-0.6709348801112295, 0.00794601629174813]
[-0.6709348801112295, 0.00794601629174813]
[-0.6709348801112295, 0.00794601629174813]
[-0.6709348801112295, 0.00794601629174813]
[-0.6681768010216078, 0.007850947595758087]
[-0.6681768010216078, 0.007850947595758087]
[-0.6681768010216078, 0.007850947595758087]
[-0.6681768010216078, 0.007850947595758087]
[-0.6681768010216078, 0.007850947595758087]
[-0.6681768010216078, 0.007850947595758087]
[-0.6681768010216078, 0.007850947595758087]
[-0.6681768010216078, 0.007850947595758087]
[-0.6655067327510923, 0.007757315718744143]
[-0.6655067327510923, 0.007757315718744143]
[-0.6655067327510923, 0.007757315718744143]
[-0.6655067327510923, 0.007757315718744143]
[-0.6655067327510923, 0.007757315718744143]
[-0.6655067327510923, 0.007757315718744143]
[-0.6655067327510923, 0.007757315718744143]
[-0.6655067327510923, 0.007757315718744143]
[-0.6627047785440087, 0.007654045214762248]
[-0.6627047785440087, 0.007654045214762248]
[-0.6627047785440087, 0.007654045214762248]
[-0.6627047785440087, 0.007654045214762248]
[-0.6627047785440087, 0.007654045214762248]
[-0.6627047785440087, 0.007654045214762248]
[-0.6627047785440087, 0.007654045214762248]
[-0.6627047785440087, 0.007654045214762248]
[-0.6597565872626262, 0.0075498337220147645]
[-0.6597565872626262, 0.0075498337220147645]
[-0.6597565872626262, 0.0075498337220147645]
[-0.6597565872626262, 0.0075498337220147645]
[-0.6597565872626262, 0.0075498337220147645]
[-0.6597565872626262, 0.0075498337220147645]
[-0.6597565872626262, 0.0075498337220147645]
[-0.6597565872626262, 0.0075498337220147645]
[-0.6569995221134722, 0.00746885937864181]
[-0.6569995221134722, 0.00746885937864181]
[-0.6569995221134722, 0.00746885937864181]
[-0.6569995221134722, 0.00746885937864181]
[-0.6569995221134722, 0.00746885937864181]
[-0.6569995221134722, 0.00746885937864181]
[-0.6569995221134722, 0.00746885937864181]
[-0.6569995221134722, 0.00746885937864181]
[-0.6538936817786904, 0.007363923651963669]
[-0.6538936817786904, 0.007363923651963669]
[-0.6538936817786904, 0.007363923651963669]
[-0.6538936817786904, 0.007363923651963669]
[-0.6538936817786904, 0.007363923651963669]
[-0.6538936817786904, 0.007363923651963669]
[-0.6538936817786904, 0.007363923651963669]
[-0.6538936817786904, 0.007363923651963669]
[-0.6512404928400706, 0.007320414330125765]
[-0.6512404928400706, 0.007320414330125765]
[-0.6512404928400706, 0.007320414330125765]
[-0.6512404928400706, 0.007320414330125765]
[-0.6512404928400706, 0.007320414330125765]
[-0.6512404928400706, 0.007320414330125765]
[-0.6512404928400706, 0.007320414330125765]
[-0.6512404928400706, 0.007320414330125765]
[-0.6480902006488447, 0.007251538515785979]
[-0.6480902006488447, 0.007251538515785979]
[-0.6480902006488447, 0.007251538515785979]
[-0.6480902006488447, 0.007251538515785979]
[-0.6480902006488447, 0.007251538515785979]
[-0.6480902006488447, 0.007251538515785979]
[-0.6480902006488447, 0.007251538515785979]
[-0.6480902006488447, 0.007251538515785979]
[-0.6449820099999846, 0.007207517097949804]
[-0.6449820099999846, 0.007207517097949804]
[-0.6449820099999846, 0.007207517097949804]
[-0.6449820099999846, 0.007207517097949804]
[-0.6449820099999846, 0.007207517097949804]
[-0.6449820099999846, 0.007207517097949804]
[-0.6449820099999846, 0.007207517097949804]
[-0.6449820099999846, 0.007207517097949804]
[-0.642516084630289, 0.007171083778179222]
[-0.642516084630289, 0.007171083778179222]
[-0.642516084630289, 0.007171083778179222]
[-0.642516084630289, 0.007171083778179222]
[-0.642516084630289, 0.007171083778179222]
[-0.642516084630289, 0.007171083778179222]
[-0.642516084630289, 0.007171083778179222]
[-0.642516084630289, 0.007171083778179222]
[-0.6389953652357713, 0.007114890593508795]
[-0.6389953652357713, 0.007114890593508795]
[-0.6389953652357713, 0.007114890593508795]
[-0.6389953652357713, 0.007114890593508795]
[-0.6389953652357713, 0.007114890593508795]
[-0.6389953652357713, 0.007114890593508795]
[-0.6389953652357713, 0.007114890593508795]
[-0.6389953652357713, 0.007114890593508795]
[-0.636273763779567, 0.0070998429007532605]
[-0.636273763779567, 0.0070998429007532605]
[-0.636273763779567, 0.0070998429007532605]
[-0.636273763779567, 0.0070998429007532605]
[-0.636273763779567, 0.0070998429007532605]
[-0.636273763779567, 0.0070998429007532605]
[-0.636273763779567, 0.0070998429007532605]
[-0.636273763779567, 0.0070998429007532605]
[-0.6332924598647638, 0.007061298674493038]
[-0.6332924598647638, 0.007061298674493038]
[-0.6332924598647638, 0.007061298674493038]
[-0.6332924598647638, 0.007061298674493038]
[-0.6332924598647638, 0.007061298674493038]
[-0.6332924598647638, 0.007061298674493038]
[-0.6332924598647638, 0.007061298674493038]
[-0.6332924598647638, 0.007061298674493038]
[-0.6300453385576534, 0.00703108566830808]
[-0.6300453385576534, 0.00703108566830808]
[-0.6300453385576534, 0.00703108566830808]
[-0.6300453385576534, 0.00703108566830808]
[-0.6300453385576534, 0.00703108566830808]
[-0.6300453385576534, 0.00703108566830808]
[-0.6300453385576534, 0.00703108566830808]
[-0.6300453385576534, 0.00703108566830808]
[-0.626475196124755, 0.007051043217750518]
[-0.626475196124755, 0.007051043217750518]
[-0.626475196124755, 0.007051043217750518]
[-0.626475196124755, 0.007051043217750518]
[-0.626475196124755, 0.007051043217750518]
[-0.626475196124755, 0.007051043217750518]
[-0.626475196124755, 0.007051043217750518]
[-0.626475196124755, 0.007051043217750518]
[-0.6233388051176801, 0.007128857812191164]
[-0.6233388051176801, 0.007128857812191164]
[-0.6233388051176801, 0.007128857812191164]
[-0.6233388051176801, 0.007128857812191164]
[-0.6233388051176801, 0.007128857812191164]
[-0.6233388051176801, 0.007128857812191164]
[-0.6233388051176801, 0.007128857812191164]
[-0.6233388051176801, 0.007128857812191164]
[-0.6199475912789144, 0.007206499323174077]
[-0.6199475912789144, 0.007206499323174077]
[-0.6199475912789144, 0.007206499323174077]
[-0.6199475912789144, 0.007206499323174077]
[-0.6199475912789144, 0.007206499323174077]
[-0.6199475912789144, 0.007206499323174077]
[-0.6199475912789144, 0.007206499323174077]
[-0.6199475912789144, 0.007206499323174077]
[-0.6169514187724529, 0.007279527271886853]
[-0.6169514187724529, 0.007279527271886853]
[-0.6169514187724529, 0.007279527271886853]
[-0.6169514187724529, 0.007279527271886853]
[-0.6169514187724529, 0.007279527271886853]
[-0.6169514187724529, 0.007279527271886853]
[-0.6169514187724529, 0.007279527271886853]
[-0.6169514187724529, 0.007279527271886853]
[-0.6136903920420435, 0.00732634826494239]
[-0.6136903920420435, 0.00732634826494239]
[-0.6136903920420435, 0.00732634826494239]
[-0.6136903920420435, 0.00732634826494239]
[-0.6136903920420435, 0.00732634826494239]
[-0.6136903920420435, 0.00732634826494239]
[-0.6136903920420435, 0.00732634826494239]
[-0.6136903920420435, 0.00732634826494239]
[-0.6105923581418984, 0.007372265224800629]
[-0.6105923581418984, 0.007372265224800629]
[-0.6105923581418984, 0.007372265224800629]
[-0.6105923581418984, 0.007372265224800629]
[-0.6105923581418984, 0.007372265224800629]
[-0.6105923581418984, 0.007372265224800629]
[-0.6105923581418984, 0.007372265224800629]
[-0.6105923581418984, 0.007372265224800629]
[-0.6076036412059787, 0.0073973665704584555]
[-0.6076036412059787, 0.0073973665704584555]
[-0.6076036412059787, 0.0073973665704584555]
[-0.6076036412059787, 0.0073973665704584555]
[-0.6076036412059787, 0.0073973665704584555]
[-0.6076036412059787, 0.0073973665704584555]
[-0.6076036412059787, 0.0073973665704584555]
[-0.6076036412059787, 0.0073973665704584555]
[-0.6043270914960173, 0.007420105982900518]
[-0.6043270914960173, 0.007420105982900518]
[-0.6043270914960173, 0.007420105982900518]
[-0.6043270914960173, 0.007420105982900518]
[-0.6043270914960173, 0.007420105982900518]
[-0.6043270914960173, 0.007420105982900518]
[-0.6043270914960173, 0.007420105982900518]
[-0.6043270914960173, 0.007420105982900518]
[-0.6015391629416901, 0.007437073511518679]
[-0.6015391629416901, 0.007437073511518679]
[-0.6015391629416901, 0.007437073511518679]
[-0.6015391629416901, 0.007437073511518679]
[-0.6015391629416901, 0.007437073511518679]
[-0.6015391629416901, 0.007437073511518679]
[-0.6015391629416901, 0.007437073511518679]
[-0.6015391629416901, 0.007437073511518679]
[-0.5980107762085757, 0.007445230771745684]
[-0.5980107762085757, 0.007445230771745684]
[-0.5980107762085757, 0.007445230771745684]
[-0.5980107762085757, 0.007445230771745684]
[-0.5980107762085757, 0.007445230771745684]
[-0.5980107762085757, 0.007445230771745684]
[-0.5980107762085757, 0.007445230771745684]
[-0.5980107762085757, 0.007445230771745684]
[-0.5950083697552847, 0.007485751323612222]
[-0.5950083697552847, 0.007485751323612222]
[-0.5950083697552847, 0.007485751323612222]
[-0.5950083697552847, 0.007485751323612222]
[-0.5950083697552847, 0.007485751323612222]
[-0.5950083697552847, 0.007485751323612222]
[-0.5950083697552847, 0.007485751323612222]
[-0.5950083697552847, 0.007485751323612222]
[-0.591349131367587, 0.007525501307925385]
[-0.591349131367587, 0.007525501307925385]
[-0.591349131367587, 0.007525501307925385]
[-0.591349131367587, 0.007525501307925385]
[-0.591349131367587, 0.007525501307925385]
[-0.591349131367587, 0.007525501307925385]
[-0.591349131367587, 0.007525501307925385]
[-0.591349131367587, 0.007525501307925385]
[-0.588170350376025, 0.007603552345936102]
[-0.588170350376025, 0.007603552345936102]
[-0.588170350376025, 0.007603552345936102]
[-0.588170350376025, 0.007603552345936102]
[-0.588170350376025, 0.007603552345936102]
[-0.588170350376025, 0.007603552345936102]
[-0.588170350376025, 0.007603552345936102]
[-0.588170350376025, 0.007603552345936102]
[-0.5849744594559552, 0.007667339428981997]
[-0.5849744594559552, 0.007667339428981997]
[-0.5849744594559552, 0.007667339428981997]
[-0.5849744594559552, 0.007667339428981997]
[-0.5849744594559552, 0.007667339428981997]
[-0.5849744594559552, 0.007667339428981997]
[-0.5849744594559552, 0.007667339428981997]
[-0.5849744594559552, 0.007667339428981997]
[-0.5823903997515839, 0.007696697476545251]
[-0.5823903997515839, 0.007696697476545251]
[-0.5823903997515839, 0.007696697476545251]
[-0.5823903997515839, 0.007696697476545251]
[-0.5823903997515839, 0.007696697476545251]
[-0.5823903997515839, 0.007696697476545251]
[-0.5823903997515839, 0.007696697476545251]
[-0.5823903997515839, 0.007696697476545251]
[-0.579347122937359, 0.0076681860759873315]
[-0.579347122937359, 0.0076681860759873315]
[-0.579347122937359, 0.0076681860759873315]
[-0.579347122937359, 0.0076681860759873315]
[-0.579347122937359, 0.0076681860759873315]
[-0.579347122937359, 0.0076681860759873315]
[-0.579347122937359, 0.0076681860759873315]
[-0.579347122937359, 0.0076681860759873315]
[-0.5759803661309614, 0.00766080689966299]
[-0.5759803661309614, 0.00766080689966299]
[-0.5759803661309614, 0.00766080689966299]
[-0.5759803661309614, 0.00766080689966299]
[-0.5759803661309614, 0.00766080689966299]
[-0.5759803661309614, 0.00766080689966299]
[-0.5759803661309614, 0.00766080689966299]
[-0.5759803661309614, 0.00766080689966299]
[-0.5724930723169651, 0.00770471325570724]
[-0.5724930723169651, 0.00770471325570724]
[-0.5724930723169651, 0.00770471325570724]
[-0.5724930723169651, 0.00770471325570724]
[-0.5724930723169651, 0.00770471325570724]
[-0.5724930723169651, 0.00770471325570724]
[-0.5724930723169651, 0.00770471325570724]
[-0.5724930723169651, 0.00770471325570724]
[-0.5694317926299116, 0.007761114356318227]
[-0.5694317926299116, 0.007761114356318227]
[-0.5694317926299116, 0.007761114356318227]
[-0.5694317926299116, 0.007761114356318227]
[-0.5694317926299116, 0.007761114356318227]
[-0.5694317926299116, 0.007761114356318227]
[-0.5694317926299116, 0.007761114356318227]
[-0.5694317926299116, 0.007761114356318227]
[-0.5659122569703473, 0.007809877529996766]
[-0.5659122569703473, 0.007809877529996766]
[-0.5659122569703473, 0.007809877529996766]
[-0.5659122569703473, 0.007809877529996766]
[-0.5659122569703473, 0.007809877529996766]
[-0.5659122569703473, 0.007809877529996766]
[-0.5659122569703473, 0.007809877529996766]
[-0.5659122569703473, 0.007809877529996766]
[-0.5626782939294969, 0.007870122808317628]
[-0.5626782939294969, 0.007870122808317628]
[-0.5626782939294969, 0.007870122808317628]
[-0.5626782939294969, 0.007870122808317628]
[-0.5626782939294969, 0.007870122808317628]
[-0.5626782939294969, 0.007870122808317628]
[-0.5626782939294969, 0.007870122808317628]
[-0.5626782939294969, 0.007870122808317628]
[-0.5592480636883495, 0.007923288254150819]
[-0.5592480636883495, 0.007923288254150819]
[-0.5592480636883495, 0.007923288254150819]
[-0.5592480636883495, 0.007923288254150819]
[-0.5592480636883495, 0.007923288254150819]
[-0.5592480636883495, 0.007923288254150819]
[-0.5592480636883495, 0.007923288254150819]
[-0.5592480636883495, 0.007923288254150819]
[-0.5561151906427887, 0.007981282397664114]
[-0.5561151906427887, 0.007981282397664114]
[-0.5561151906427887, 0.007981282397664114]
[-0.5561151906427887, 0.007981282397664114]
[-0.5561151906427887, 0.007981282397664114]
[-0.5561151906427887, 0.007981282397664114]
[-0.5561151906427887, 0.007981282397664114]
[-0.5561151906427887, 0.007981282397664114]
[-0.5529019809433317, 0.008014450097540966]
[-0.5529019809433317, 0.008014450097540966]
[-0.5529019809433317, 0.008014450097540966]
[-0.5529019809433317, 0.008014450097540966]
[-0.5529019809433317, 0.008014450097540966]
[-0.5529019809433317, 0.008014450097540966]
[-0.5529019809433317, 0.008014450097540966]
[-0.5529019809433317, 0.008014450097540966]
[-0.5503488194857649, 0.008030341824780894]
[-0.5503488194857649, 0.008030341824780894]
[-0.5503488194857649, 0.008030341824780894]
[-0.5503488194857649, 0.008030341824780894]
[-0.5503488194857649, 0.008030341824780894]
[-0.5503488194857649, 0.008030341824780894]
[-0.5503488194857649, 0.008030341824780894]
[-0.5503488194857649, 0.008030341824780894]
[-0.5475163363112292, 0.007982801996841168]
[-0.5475163363112292, 0.007982801996841168]
[-0.5475163363112292, 0.007982801996841168]
[-0.5475163363112292, 0.007982801996841168]
[-0.5475163363112292, 0.007982801996841168]
[-0.5475163363112292, 0.007982801996841168]
[-0.5475163363112292, 0.007982801996841168]
[-0.5475163363112292, 0.007982801996841168]
[-0.5445695026195487, 0.00791332496160437]
[-0.5445695026195487, 0.00791332496160437]
[-0.5445695026195487, 0.00791332496160437]
[-0.5445695026195487, 0.00791332496160437]
[-0.5445695026195487, 0.00791332496160437]
[-0.5445695026195487, 0.00791332496160437]
[-0.5445695026195487, 0.00791332496160437]
[-0.5445695026195487, 0.00791332496160437]
[-0.5407942606320555, 0.007855628798743687]
[-0.5407942606320555, 0.007855628798743687]
[-0.5407942606320555, 0.007855628798743687]
[-0.5407942606320555, 0.007855628798743687]
[-0.5407942606320555, 0.007855628798743687]
[-0.5407942606320555, 0.007855628798743687]
[-0.5407942606320555, 0.007855628798743687]
[-0.5407942606320555, 0.007855628798743687]
[-0.5377886057674189, 0.00786128760456969]
[-0.5377886057674189, 0.00786128760456969]
[-0.5377886057674189, 0.00786128760456969]
[-0.5377886057674189, 0.00786128760456969]
[-0.5377886057674189, 0.00786128760456969]
[-0.5377886057674189, 0.00786128760456969]
[-0.5377886057674189, 0.00786128760456969]
[-0.5377886057674189, 0.00786128760456969]
[-0.5347121395615562, 0.007845817880289601]
[-0.5347121395615562, 0.007845817880289601]
[-0.5347121395615562, 0.007845817880289601]
[-0.5347121395615562, 0.007845817880289601]
[-0.5347121395615562, 0.007845817880289601]
[-0.5347121395615562, 0.007845817880289601]
[-0.5347121395615562, 0.007845817880289601]
[-0.5347121395615562, 0.007845817880289601]
[-0.5319819549797687, 0.007813111476937773]
[-0.5319819549797687, 0.007813111476937773]
[-0.5319819549797687, 0.007813111476937773]
[-0.5319819549797687, 0.007813111476937773]
[-0.5319819549797687, 0.007813111476937773]
[-0.5319819549797687, 0.007813111476937773]
[-0.5319819549797687, 0.007813111476937773]
[-0.5319819549797687, 0.007813111476937773]
[-0.5290660510245534, 0.007743949081906701]
[-0.5290660510245534, 0.007743949081906701]
[-0.5290660510245534, 0.007743949081906701]
[-0.5290660510245534, 0.007743949081906701]
[-0.5290660510245534, 0.007743949081906701]
[-0.5290660510245534, 0.007743949081906701]
[-0.5290660510245534, 0.007743949081906701]
[-0.5290660510245534, 0.007743949081906701]
[-0.5258278868297, 0.007661994961075327]
[-0.5258278868297, 0.007661994961075327]
[-0.5258278868297, 0.007661994961075327]
[-0.5258278868297, 0.007661994961075327]
[-0.5258278868297, 0.007661994961075327]
[-0.5258278868297, 0.007661994961075327]
[-0.5258278868297, 0.007661994961075327]
[-0.5258278868297, 0.007661994961075327]
[-0.5226761203138088, 0.007638034911645766]
[-0.5226761203138088, 0.007638034911645766]
[-0.5226761203138088, 0.007638034911645766]
[-0.5226761203138088, 0.007638034911645766]
[-0.5226761203138088, 0.007638034911645766]
[-0.5226761203138088, 0.007638034911645766]
[-0.5226761203138088, 0.007638034911645766]
[-0.5226761203138088, 0.007638034911645766]
[-0.5193749189547178, 0.007623406066580092]
[-0.5193749189547178, 0.007623406066580092]
[-0.5193749189547178, 0.007623406066580092]
[-0.5193749189547178, 0.007623406066580092]
[-0.5193749189547178, 0.007623406066580092]
[-0.5193749189547178, 0.007623406066580092]
[-0.5193749189547178, 0.007623406066580092]
[-0.5193749189547178, 0.007623406066580092]
[-0.5165718447970258, 0.00763310560330749]
[-0.5165718447970258, 0.00763310560330749]
[-0.5165718447970258, 0.00763310560330749]
[-0.5165718447970258, 0.00763310560330749]
[-0.5165718447970258, 0.00763310560330749]
[-0.5165718447970258, 0.00763310560330749]
[-0.5165718447970258, 0.00763310560330749]
[-0.5165718447970258, 0.00763310560330749]
[-0.5136764099428617, 0.007601517435500705]
[-0.5136764099428617, 0.007601517435500705]
[-0.5136764099428617, 0.007601517435500705]
[-0.5136764099428617, 0.007601517435500705]
[-0.5136764099428617, 0.007601517435500705]
[-0.5136764099428617, 0.007601517435500705]
[-0.5136764099428617, 0.007601517435500705]
[-0.5136764099428617, 0.007601517435500705]
[-0.5104767878604238, 0.00754935706453315]
[-0.5104767878604238, 0.00754935706453315]
[-0.5104767878604238, 0.00754935706453315]
[-0.5104767878604238, 0.00754935706453315]
[-0.5104767878604238, 0.00754935706453315]
[-0.5104767878604238, 0.00754935706453315]
[-0.5104767878604238, 0.00754935706453315]
[-0.5104767878604238, 0.00754935706453315]
[-0.507879896387163, 0.0075029437767593216]
[-0.507879896387163, 0.0075029437767593216]
[-0.507879896387163, 0.0075029437767593216]
[-0.507879896387163, 0.0075029437767593216]
[-0.507879896387163, 0.0075029437767593216]
[-0.507879896387163, 0.0075029437767593216]
[-0.507879896387163, 0.0075029437767593216]
[-0.507879896387163, 0.0075029437767593216]
[-0.5043389626001522, 0.007438007561501399]
[-0.5043389626001522, 0.007438007561501399]
[-0.5043389626001522, 0.007438007561501399]
[-0.5043389626001522, 0.007438007561501399]
[-0.5043389626001522, 0.007438007561501399]
[-0.5043389626001522, 0.007438007561501399]
[-0.5043389626001522, 0.007438007561501399]
[-0.5043389626001522, 0.007438007561501399]
[-0.5011438261838508, 0.00743658719945596]
[-0.5011438261838508, 0.00743658719945596]
[-0.5011438261838508, 0.00743658719945596]
[-0.5011438261838508, 0.00743658719945596]
[-0.5011438261838508, 0.00743658719945596]
[-0.5011438261838508, 0.00743658719945596]
[-0.5011438261838508, 0.00743658719945596]
[-0.5011438261838508, 0.00743658719945596]
[-0.49779718765549574, 0.007443637262523833]
[-0.49779718765549574, 0.007443637262523833]
[-0.49779718765549574, 0.007443637262523833]
[-0.49779718765549574, 0.007443637262523833]
[-0.49779718765549574, 0.007443637262523833]
[-0.49779718765549574, 0.007443637262523833]
[-0.49779718765549574, 0.007443637262523833]
[-0.49779718765549574, 0.007443637262523833]
[-0.4947401311584576, 0.007458120829330356]
[-0.4947401311584576, 0.007458120829330356]
[-0.4947401311584576, 0.007458120829330356]
[-0.4947401311584576, 0.007458120829330356]
[-0.4947401311584576, 0.007458120829330356]
[-0.4947401311584576, 0.007458120829330356]
[-0.4947401311584576, 0.007458120829330356]
[-0.4947401311584576, 0.007458120829330356]
[-0.4917230120218558, 0.00744622981408423]
[-0.4917230120218558, 0.00744622981408423]
[-0.4917230120218558, 0.00744622981408423]
[-0.4917230120218558, 0.00744622981408423]
[-0.4917230120218558, 0.00744622981408423]
[-0.4917230120218558, 0.00744622981408423]
[-0.4917230120218558, 0.00744622981408423]
[-0.4917230120218558, 0.00744622981408423]
[-0.48840686241986525, 0.007432755579977491]
[-0.48840686241986525, 0.007432755579977491]
[-0.48840686241986525, 0.007432755579977491]
[-0.48840686241986525, 0.007432755579977491]
[-0.48840686241986525, 0.007432755579977491]
[-0.48840686241986525, 0.007432755579977491]
[-0.48840686241986525, 0.007432755579977491]
[-0.48840686241986525, 0.007432755579977491]
[-0.48547315100589217, 0.007446442976129962]
[-0.48547315100589217, 0.007446442976129962]
[-0.48547315100589217, 0.007446442976129962]
[-0.48547315100589217, 0.007446442976129962]
[-0.48547315100589217, 0.007446442976129962]
[-0.48547315100589217, 0.007446442976129962]
[-0.48547315100589217, 0.007446442976129962]
[-0.48547315100589217, 0.007446442976129962]
[-0.48270675256136136, 0.007432827525469273]
[-0.48270675256136136, 0.007432827525469273]
[-0.48270675256136136, 0.007432827525469273]
[-0.48270675256136136, 0.007432827525469273]
[-0.48270675256136136, 0.007432827525469273]
[-0.48270675256136136, 0.007432827525469273]
[-0.48270675256136136, 0.007432827525469273]
[-0.48270675256136136, 0.007432827525469273]
[-0.47949605154497743, 0.007386525373388041]
[-0.47949605154497743, 0.007386525373388041]
[-0.47949605154497743, 0.007386525373388041]
[-0.47949605154497743, 0.007386525373388041]
[-0.47949605154497743, 0.007386525373388041]
[-0.47949605154497743, 0.007386525373388041]
[-0.47949605154497743, 0.007386525373388041]
[-0.47949605154497743, 0.007386525373388041]
[-0.47645992493039135, 0.007361286514829853]
[-0.47645992493039135, 0.007361286514829853]
[-0.47645992493039135, 0.007361286514829853]
[-0.47645992493039135, 0.007361286514829853]
[-0.47645992493039135, 0.007361286514829853]
[-0.47645992493039135, 0.007361286514829853]
[-0.47645992493039135, 0.007361286514829853]
[-0.47645992493039135, 0.007361286514829853]
[-0.4735925314189175, 0.007322224815207814]
[-0.4735925314189175, 0.007322224815207814]
[-0.4735925314189175, 0.007322224815207814]
[-0.4735925314189175, 0.007322224815207814]
[-0.4735925314189175, 0.007322224815207814]
[-0.4735925314189175, 0.007322224815207814]
[-0.4735925314189175, 0.007322224815207814]
[-0.4735925314189175, 0.007322224815207814]
[-0.4703980200790162, 0.007268927036861545]
[-0.4703980200790162, 0.007268927036861545]
[-0.4703980200790162, 0.007268927036861545]
[-0.4703980200790162, 0.007268927036861545]
[-0.4703980200790162, 0.007268927036861545]
[-0.4703980200790162, 0.007268927036861545]
[-0.4703980200790162, 0.007268927036861545]
[-0.4703980200790162, 0.007268927036861545]
[-0.46786484541892437, 0.007224456820373038]
[-0.46786484541892437, 0.007224456820373038]
[-0.46786484541892437, 0.007224456820373038]
[-0.46786484541892437, 0.007224456820373038]
[-0.46786484541892437, 0.007224456820373038]
[-0.46786484541892437, 0.007224456820373038]
[-0.46786484541892437, 0.007224456820373038]
[-0.46786484541892437, 0.007224456820373038]
[-0.46527290927973713, 0.007141570566596014]
[-0.46527290927973713, 0.007141570566596014]
[-0.46527290927973713, 0.007141570566596014]
[-0.46527290927973713, 0.007141570566596014]
[-0.46527290927973713, 0.007141570566596014]
[-0.46527290927973713, 0.007141570566596014]
[-0.46527290927973713, 0.007141570566596014]
[-0.46527290927973713, 0.007141570566596014]
[-0.46196807532636047, 0.007029046295734888]
[-0.46196807532636047, 0.007029046295734888]
[-0.46196807532636047, 0.007029046295734888]
[-0.46196807532636047, 0.007029046295734888]
[-0.46196807532636047, 0.007029046295734888]
[-0.46196807532636047, 0.007029046295734888]
[-0.46196807532636047, 0.007029046295734888]
[-0.46196807532636047, 0.007029046295734888]
[-0.4585522311263672, 0.007021643417830041]
[-0.4585522311263672, 0.007021643417830041]
[-0.4585522311263672, 0.007021643417830041]
[-0.4585522311263672, 0.007021643417830041]
[-0.4585522311263672, 0.007021643417830041]
[-0.4585522311263672, 0.007021643417830041]
[-0.4585522311263672, 0.007021643417830041]
[-0.4585522311263672, 0.007021643417830041]
[-0.4552763120026829, 0.007061387108639184]
[-0.4552763120026829, 0.007061387108639184]
[-0.4552763120026829, 0.007061387108639184]
[-0.4552763120026829, 0.007061387108639184]
[-0.4552763120026829, 0.007061387108639184]
[-0.4552763120026829, 0.007061387108639184]
[-0.4552763120026829, 0.007061387108639184]
[-0.4552763120026829, 0.007061387108639184]
[-0.45274922338648566, 0.0070753786100784906]
[-0.45274922338648566, 0.0070753786100784906]
[-0.45274922338648566, 0.0070753786100784906]
[-0.45274922338648566, 0.0070753786100784906]
[-0.45274922338648566, 0.0070753786100784906]
[-0.45274922338648566, 0.0070753786100784906]
[-0.45274922338648566, 0.0070753786100784906]
[-0.45274922338648566, 0.0070753786100784906]
[-0.45029609309689284, 0.00701135855660993]
[-0.45029609309689284, 0.00701135855660993]
[-0.45029609309689284, 0.00701135855660993]
[-0.45029609309689284, 0.00701135855660993]
[-0.45029609309689284, 0.00701135855660993]
[-0.45029609309689284, 0.00701135855660993]
[-0.45029609309689284, 0.00701135855660993]
[-0.45029609309689284, 0.00701135855660993]
[-0.44772343476577287, 0.0069158726743750445]
[-0.44772343476577287, 0.0069158726743750445]
[-0.44772343476577287, 0.0069158726743750445]
[-0.44772343476577287, 0.0069158726743750445]
[-0.44772343476577287, 0.0069158726743750445]
[-0.44772343476577287, 0.0069158726743750445]
[-0.44772343476577287, 0.0069158726743750445]
[-0.44772343476577287, 0.0069158726743750445]
[-0.44481115239381835, 0.006814735353518012]
[-0.44481115239381835, 0.006814735353518012]
[-0.44481115239381835, 0.006814735353518012]
[-0.44481115239381835, 0.006814735353518012]
[-0.44481115239381835, 0.006814735353518012]
[-0.44481115239381835, 0.006814735353518012]
[-0.44481115239381835, 0.006814735353518012]
[-0.44481115239381835, 0.006814735353518012]
[-0.441585920134143, 0.006746745441957078]
[-0.441585920134143, 0.006746745441957078]
[-0.441585920134143, 0.006746745441957078]
[-0.441585920134143, 0.006746745441957078]
[-0.441585920134143, 0.006746745441957078]
[-0.441585920134143, 0.006746745441957078]
[-0.441585920134143, 0.006746745441957078]
[-0.441585920134143, 0.006746745441957078]
[-0.4384383535951959, 0.006717709902907019]
[-0.4384383535951959, 0.006717709902907019]
[-0.4384383535951959, 0.006717709902907019]
[-0.4384383535951959, 0.006717709902907019]
[-0.4384383535951959, 0.006717709902907019]
[-0.4384383535951959, 0.006717709902907019]
[-0.4384383535951959, 0.006717709902907019]
[-0.4384383535951959, 0.006717709902907019]
[-0.43519076311347, 0.00669715901108858]
[-0.43519076311347, 0.00669715901108858]
[-0.43519076311347, 0.00669715901108858]
[-0.43519076311347, 0.00669715901108858]
[-0.43519076311347, 0.00669715901108858]
[-0.43519076311347, 0.00669715901108858]
[-0.43519076311347, 0.00669715901108858]
[-0.43519076311347, 0.00669715901108858]
[-0.43192729180249184, 0.0066906656242136965]
[-0.43192729180249184, 0.0066906656242136965]
[-0.43192729180249184, 0.0066906656242136965]
[-0.43192729180249184, 0.0066906656242136965]
[-0.43192729180249184, 0.0066906656242136965]
[-0.43192729180249184, 0.0066906656242136965]
[-0.43192729180249184, 0.0066906656242136965]
[-0.43192729180249184, 0.0066906656242136965]
[-0.42879389007487745, 0.006692974653496868]
[-0.42879389007487745, 0.006692974653496868]
[-0.42879389007487745, 0.006692974653496868]
[-0.42879389007487745, 0.006692974653496868]
[-0.42879389007487745, 0.006692974653496868]
[-0.42879389007487745, 0.006692974653496868]
[-0.42879389007487745, 0.006692974653496868]
[-0.42879389007487745, 0.006692974653496868]
[-0.4257989778654845, 0.006685219162973315]
[-0.4257989778654845, 0.006685219162973315]
[-0.4257989778654845, 0.006685219162973315]
[-0.4257989778654845, 0.006685219162973315]
[-0.4257989778654845, 0.006685219162973315]
[-0.4257989778654845, 0.006685219162973315]
[-0.4257989778654845, 0.006685219162973315]
[-0.4257989778654845, 0.006685219162973315]
[-0.4228209232796436, 0.006657915661715022]
[-0.4228209232796436, 0.006657915661715022]
[-0.4228209232796436, 0.006657915661715022]
[-0.4228209232796436, 0.006657915661715022]
[-0.4228209232796436, 0.006657915661715022]
[-0.4228209232796436, 0.006657915661715022]
[-0.4228209232796436, 0.006657915661715022]
[-0.4228209232796436, 0.006657915661715022]
[-0.41997922591912884, 0.006620811652769188]
[-0.41997922591912884, 0.006620811652769188]
[-0.41997922591912884, 0.006620811652769188]
[-0.41997922591912884, 0.006620811652769188]
[-0.41997922591912884, 0.006620811652769188]
[-0.41997922591912884, 0.006620811652769188]
[-0.41997922591912884, 0.006620811652769188]
[-0.41997922591912884, 0.006620811652769188]
[-0.41683889129071183, 0.006579619528509738]
[-0.41683889129071183, 0.006579619528509738]
[-0.41683889129071183, 0.006579619528509738]
[-0.41683889129071183, 0.006579619528509738]
[-0.41683889129071183, 0.006579619528509738]
[-0.41683889129071183, 0.006579619528509738]
[-0.41683889129071183, 0.006579619528509738]
[-0.41683889129071183, 0.006579619528509738]
[-0.41387016005336086, 0.006561678359232159]
[-0.41387016005336086, 0.006561678359232159]
[-0.41387016005336086, 0.006561678359232159]
[-0.41387016005336086, 0.006561678359232159]
[-0.41387016005336086, 0.006561678359232159]
[-0.41387016005336086, 0.006561678359232159]
[-0.41387016005336086, 0.006561678359232159]
[-0.41387016005336086, 0.006561678359232159]
[-0.4109477594530202, 0.006524768751737659]
[-0.4109477594530202, 0.006524768751737659]
[-0.4109477594530202, 0.006524768751737659]
[-0.4109477594530202, 0.006524768751737659]
[-0.4109477594530202, 0.006524768751737659]
[-0.4109477594530202, 0.006524768751737659]
[-0.4109477594530202, 0.006524768751737659]
[-0.4109477594530202, 0.006524768751737659]
[-0.4081216103366261, 0.006478704861256055]
[-0.4081216103366261, 0.006478704861256055]
[-0.4081216103366261, 0.006478704861256055]
[-0.4081216103366261, 0.006478704861256055]
[-0.4081216103366261, 0.006478704861256055]
[-0.4081216103366261, 0.006478704861256055]
[-0.4081216103366261, 0.006478704861256055]
[-0.4081216103366261, 0.006478704861256055]
[-0.4054682153524683, 0.006427203452314777]
[-0.4054682153524683, 0.006427203452314777]
[-0.4054682153524683, 0.006427203452314777]
[-0.4054682153524683, 0.006427203452314777]
[-0.4054682153524683, 0.006427203452314777]
[-0.4054682153524683, 0.006427203452314777]
[-0.4054682153524683, 0.006427203452314777]
[-0.4054682153524683, 0.006427203452314777]
[-0.4025619417424821, 0.006356212988014718]
[-0.4025619417424821, 0.006356212988014718]
[-0.4025619417424821, 0.006356212988014718]
[-0.4025619417424821, 0.006356212988014718]
[-0.4025619417424821, 0.006356212988014718]
[-0.4025619417424821, 0.006356212988014718]
[-0.4025619417424821, 0.006356212988014718]
[-0.4025619417424821, 0.006356212988014718]
[-0.39941385696095, 0.006309807826053976]
[-0.39941385696095, 0.006309807826053976]
[-0.39941385696095, 0.006309807826053976]
[-0.39941385696095, 0.006309807826053976]
[-0.39941385696095, 0.006309807826053976]
[-0.39941385696095, 0.006309807826053976]
[-0.39941385696095, 0.006309807826053976]
[-0.39941385696095, 0.006309807826053976]
[-0.3968848354783166, 0.0062913307951980154]
[-0.3968848354783166, 0.0062913307951980154]
[-0.3968848354783166, 0.0062913307951980154]
[-0.3968848354783166, 0.0062913307951980154]
[-0.3968848354783166, 0.0062913307951980154]
[-0.3968848354783166, 0.0062913307951980154]
[-0.3968848354783166, 0.0062913307951980154]
[-0.3968848354783166, 0.0062913307951980154]
[-0.39401940473277774, 0.006212782627203155]
[-0.39401940473277774, 0.006212782627203155]
[-0.39401940473277774, 0.006212782627203155]
[-0.39401940473277774, 0.006212782627203155]
[-0.39401940473277774, 0.006212782627203155]
[-0.39401940473277774, 0.006212782627203155]
[-0.39401940473277774, 0.006212782627203155]
[-0.39401940473277774, 0.006212782627203155]
[-0.3914610173125894, 0.0061371434808565]
[-0.3914610173125894, 0.0061371434808565]
[-0.3914610173125894, 0.0061371434808565]
[-0.3914610173125894, 0.0061371434808565]
[-0.3914610173125894, 0.0061371434808565]
[-0.3914610173125894, 0.0061371434808565]
[-0.3914610173125894, 0.0061371434808565]
[-0.3914610173125894, 0.0061371434808565]
[-0.38863496275206877, 0.006047058702832156]
[-0.38863496275206877, 0.006047058702832156]
[-0.38863496275206877, 0.006047058702832156]
[-0.38863496275206877, 0.006047058702832156]
[-0.38863496275206877, 0.006047058702832156]
[-0.38863496275206877, 0.006047058702832156]
[-0.38863496275206877, 0.006047058702832156]
[-0.38863496275206877, 0.006047058702832156]
[-0.3857434438367785, 0.005977531971639573]
[-0.3857434438367785, 0.005977531971639573]
[-0.3857434438367785, 0.005977531971639573]
[-0.3857434438367785, 0.005977531971639573]
[-0.3857434438367785, 0.005977531971639573]
[-0.3857434438367785, 0.005977531971639573]
[-0.3857434438367785, 0.005977531971639573]
[-0.3857434438367785, 0.005977531971639573]
[-0.3823528035137687, 0.005923371550655332]
[-0.3823528035137687, 0.005923371550655332]
[-0.3823528035137687, 0.005923371550655332]
[-0.3823528035137687, 0.005923371550655332]
[-0.3823528035137687, 0.005923371550655332]
[-0.3823528035137687, 0.005923371550655332]
[-0.3823528035137687, 0.005923371550655332]
[-0.3823528035137687, 0.005923371550655332]
[-0.37944927542573054, 0.005898544501131326]
[-0.37944927542573054, 0.005898544501131326]
[-0.37944927542573054, 0.005898544501131326]
[-0.37944927542573054, 0.005898544501131326]
[-0.37944927542573054, 0.005898544501131326]
[-0.37944927542573054, 0.005898544501131326]
[-0.37944927542573054, 0.005898544501131326]
[-0.37944927542573054, 0.005898544501131326]
[-0.37656620199702595, 0.005858525883850206]
[-0.37656620199702595, 0.005858525883850206]
[-0.37656620199702595, 0.005858525883850206]
[-0.37656620199702595, 0.005858525883850206]
[-0.37656620199702595, 0.005858525883850206]
[-0.37656620199702595, 0.005858525883850206]
[-0.37656620199702595, 0.005858525883850206]
[-0.37656620199702595, 0.005858525883850206]
[-0.37377566587358224, 0.005807388050815295]
[-0.37377566587358224, 0.005807388050815295]
[-0.37377566587358224, 0.005807388050815295]
[-0.37377566587358224, 0.005807388050815295]
[-0.37377566587358224, 0.005807388050815295]
[-0.37377566587358224, 0.005807388050815295]
[-0.37377566587358224, 0.005807388050815295]
[-0.37377566587358224, 0.005807388050815295]
[-0.37056619022077697, 0.00576588947068787]
[-0.37056619022077697, 0.00576588947068787]
[-0.37056619022077697, 0.00576588947068787]
[-0.37056619022077697, 0.00576588947068787]
[-0.37056619022077697, 0.00576588947068787]
[-0.37056619022077697, 0.00576588947068787]
[-0.37056619022077697, 0.00576588947068787]
[-0.37056619022077697, 0.00576588947068787]
[-0.36751790493387676, 0.005766166212305838]
[-0.36751790493387676, 0.005766166212305838]
[-0.36751790493387676, 0.005766166212305838]
[-0.36751790493387676, 0.005766166212305838]
[-0.36751790493387676, 0.005766166212305838]
[-0.36751790493387676, 0.005766166212305838]
[-0.36751790493387676, 0.005766166212305838]
[-0.36751790493387676, 0.005766166212305838]
[-0.3648399088631434, 0.005759431245171743]
[-0.3648399088631434, 0.005759431245171743]
[-0.3648399088631434, 0.005759431245171743]
[-0.3648399088631434, 0.005759431245171743]
[-0.3648399088631434, 0.005759431245171743]
[-0.3648399088631434, 0.005759431245171743]
[-0.3648399088631434, 0.005759431245171743]
[-0.3648399088631434, 0.005759431245171743]
[-0.36185488504810387, 0.005722392095465709]
[-0.36185488504810387, 0.005722392095465709]
[-0.36185488504810387, 0.005722392095465709]
[-0.36185488504810387, 0.005722392095465709]
[-0.36185488504810387, 0.005722392095465709]
[-0.36185488504810387, 0.005722392095465709]
[-0.36185488504810387, 0.005722392095465709]
[-0.36185488504810387, 0.005722392095465709]
[-0.35884905189206473, 0.005695745829302704]
[-0.35884905189206473, 0.005695745829302704]
[-0.35884905189206473, 0.005695745829302704]
[-0.35884905189206473, 0.005695745829302704]
[-0.35884905189206473, 0.005695745829302704]
[-0.35884905189206473, 0.005695745829302704]
[-0.35884905189206473, 0.005695745829302704]
[-0.35884905189206473, 0.005695745829302704]
[-0.3557372652909172, 0.005670754286463365]
[-0.3557372652909172, 0.005670754286463365]
[-0.3557372652909172, 0.005670754286463365]
[-0.3557372652909172, 0.005670754286463365]
[-0.3557372652909172, 0.005670754286463365]
[-0.3557372652909172, 0.005670754286463365]
[-0.3557372652909172, 0.005670754286463365]
[-0.3557372652909172, 0.005670754286463365]
[-0.35268774452693985, 0.005649997530474457]
[-0.35268774452693985, 0.005649997530474457]
[-0.35268774452693985, 0.005649997530474457]
[-0.35268774452693985, 0.005649997530474457]
[-0.35268774452693985, 0.005649997530474457]
[-0.35268774452693985, 0.005649997530474457]
[-0.35268774452693985, 0.005649997530474457]
[-0.35268774452693985, 0.005649997530474457]
[-0.3498400333458906, 0.0056277487472548345]
[-0.3498400333458906, 0.0056277487472548345]
[-0.3498400333458906, 0.0056277487472548345]
[-0.3498400333458906, 0.0056277487472548345]
[-0.3498400333458906, 0.0056277487472548345]
[-0.3498400333458906, 0.0056277487472548345]
[-0.3498400333458906, 0.0056277487472548345]
[-0.3498400333458906, 0.0056277487472548345]
[-0.34749647163353214, 0.005583977443969493]
[-0.34749647163353214, 0.005583977443969493]
[-0.34749647163353214, 0.005583977443969493]
[-0.34749647163353214, 0.005583977443969493]
[-0.34749647163353214, 0.005583977443969493]
[-0.34749647163353214, 0.005583977443969493]
[-0.34749647163353214, 0.005583977443969493]
[-0.34749647163353214, 0.005583977443969493]
[-0.3448651583658969, 0.005493852382290056]
[-0.3448651583658969, 0.005493852382290056]
[-0.3448651583658969, 0.005493852382290056]
[-0.3448651583658969, 0.005493852382290056]
[-0.3448651583658969, 0.005493852382290056]
[-0.3448651583658969, 0.005493852382290056]
[-0.3448651583658969, 0.005493852382290056]
[-0.3448651583658969, 0.005493852382290056]
[-0.34206760023831145, 0.005418389572840184]
[-0.34206760023831145, 0.005418389572840184]
[-0.34206760023831145, 0.005418389572840184]
[-0.34206760023831145, 0.005418389572840184]
[-0.34206760023831145, 0.005418389572840184]
[-0.34206760023831145, 0.005418389572840184]
[-0.34206760023831145, 0.005418389572840184]
[-0.34206760023831145, 0.005418389572840184]
[-0.33922667902505166, 0.005368638117704074]
[-0.33922667902505166, 0.005368638117704074]
[-0.33922667902505166, 0.005368638117704074]
[-0.33922667902505166, 0.005368638117704074]
[-0.33922667902505166, 0.005368638117704074]
[-0.33922667902505166, 0.005368638117704074]
[-0.33922667902505166, 0.005368638117704074]
[-0.33922667902505166, 0.005368638117704074]
[-0.33673808647469816, 0.005337053063530461]
[-0.33673808647469816, 0.005337053063530461]
[-0.33673808647469816, 0.005337053063530461]
[-0.33673808647469816, 0.005337053063530461]
[-0.33673808647469816, 0.005337053063530461]
[-0.33673808647469816, 0.005337053063530461]
[-0.33673808647469816, 0.005337053063530461]
[-0.33673808647469816, 0.005337053063530461]
[-0.3341645594665985, 0.005281367053400019]
[-0.3341645594665985, 0.005281367053400019]
[-0.3341645594665985, 0.005281367053400019]
[-0.3341645594665985, 0.005281367053400019]
[-0.3341645594665985, 0.005281367053400019]
[-0.3341645594665985, 0.005281367053400019]
[-0.3341645594665985, 0.005281367053400019]
[-0.3341645594665985, 0.005281367053400019]
[-0.33181604808946313, 0.005218397599604975]
[-0.33181604808946313, 0.005218397599604975]
[-0.33181604808946313, 0.005218397599604975]
[-0.33181604808946313, 0.005218397599604975]
[-0.33181604808946313, 0.005218397599604975]
[-0.33181604808946313, 0.005218397599604975]
[-0.33181604808946313, 0.005218397599604975]
[-0.33181604808946313, 0.005218397599604975]
[-0.3289849589903503, 0.005133964742710536]
[-0.3289849589903503, 0.005133964742710536]
[-0.3289849589903503, 0.005133964742710536]
[-0.3289849589903503, 0.005133964742710536]
[-0.3289849589903503, 0.005133964742710536]
[-0.3289849589903503, 0.005133964742710536]
[-0.3289849589903503, 0.005133964742710536]
[-0.3289849589903503, 0.005133964742710536]
[-0.32622508140582973, 0.0050863306036464774]
[-0.32622508140582973, 0.0050863306036464774]
[-0.32622508140582973, 0.0050863306036464774]
[-0.32622508140582973, 0.0050863306036464774]
[-0.32622508140582973, 0.0050863306036464774]
[-0.32622508140582973, 0.0050863306036464774]
[-0.32622508140582973, 0.0050863306036464774]
[-0.32622508140582973, 0.0050863306036464774]
[-0.32347098259039564, 0.005048680449701139]
[-0.32347098259039564, 0.005048680449701139]
[-0.32347098259039564, 0.005048680449701139]
[-0.32347098259039564, 0.005048680449701139]
[-0.32347098259039564, 0.005048680449701139]
[-0.32347098259039564, 0.005048680449701139]
[-0.32347098259039564, 0.005048680449701139]
[-0.32347098259039564, 0.005048680449701139]
[-0.3200931629581796, 0.005025591966938209]
[-0.3200931629581796, 0.005025591966938209]
[-0.3200931629581796, 0.005025591966938209]
[-0.3200931629581796, 0.005025591966938209]
[-0.3200931629581796, 0.005025591966938209]
[-0.3200931629581796, 0.005025591966938209]
[-0.3200931629581796, 0.005025591966938209]
[-0.3200931629581796, 0.005025591966938209]
[-0.3174245149769636, 0.005035124109772558]
[-0.3174245149769636, 0.005035124109772558]
[-0.3174245149769636, 0.005035124109772558]
[-0.3174245149769636, 0.005035124109772558]
[-0.3174245149769636, 0.005035124109772558]
[-0.3174245149769636, 0.005035124109772558]
[-0.3174245149769636, 0.005035124109772558]
[-0.3174245149769636, 0.005035124109772558]
[-0.3146209904721501, 0.004997428382252686]
[-0.3146209904721501, 0.004997428382252686]
[-0.3146209904721501, 0.004997428382252686]
[-0.3146209904721501, 0.004997428382252686]
[-0.3146209904721501, 0.004997428382252686]
[-0.3146209904721501, 0.004997428382252686]
[-0.3146209904721501, 0.004997428382252686]
[-0.3146209904721501, 0.004997428382252686]
[-0.31200005169033174, 0.00495250324853516]
[-0.31200005169033174, 0.00495250324853516]
[-0.31200005169033174, 0.00495250324853516]
[-0.31200005169033174, 0.00495250324853516]
[-0.31200005169033174, 0.00495250324853516]
[-0.31200005169033174, 0.00495250324853516]
[-0.31200005169033174, 0.00495250324853516]
[-0.31200005169033174, 0.00495250324853516]
[-0.3094251905070834, 0.004911471183448741]
[-0.3094251905070834, 0.004911471183448741]
[-0.3094251905070834, 0.004911471183448741]
[-0.3094251905070834, 0.004911471183448741]
[-0.3094251905070834, 0.004911471183448741]
[-0.3094251905070834, 0.004911471183448741]
[-0.3094251905070834, 0.004911471183448741]
[-0.3094251905070834, 0.004911471183448741]
[-0.3072837638036207, 0.004876370339066133]
[-0.3072837638036207, 0.004876370339066133]
[-0.3072837638036207, 0.004876370339066133]
[-0.3072837638036207, 0.004876370339066133]
[-0.3072837638036207, 0.004876370339066133]
[-0.3072837638036207, 0.004876370339066133]
[-0.3072837638036207, 0.004876370339066133]
[-0.3072837638036207, 0.004876370339066133]
[-0.3044314573009615, 0.0047982855837404295]
[-0.3044314573009615, 0.0047982855837404295]
[-0.3044314573009615, 0.0047982855837404295]
[-0.3044314573009615, 0.0047982855837404295]
[-0.3044314573009615, 0.0047982855837404295]
[-0.3044314573009615, 0.0047982855837404295]
[-0.3044314573009615, 0.0047982855837404295]
[-0.3044314573009615, 0.0047982855837404295]
[-0.30204640591545423, 0.004731462105075794]
[-0.30204640591545423, 0.004731462105075794]
[-0.30204640591545423, 0.004731462105075794]
[-0.30204640591545423, 0.004731462105075794]
[-0.30204640591545423, 0.004731462105075794]
[-0.30204640591545423, 0.004731462105075794]
[-0.30204640591545423, 0.004731462105075794]
[-0.30204640591545423, 0.004731462105075794]
[-0.29876216864056104, 0.004664044570849244]
[-0.29876216864056104, 0.004664044570849244]
[-0.29876216864056104, 0.004664044570849244]
[-0.29876216864056104, 0.004664044570849244]
[-0.29876216864056104, 0.004664044570849244]
[-0.29876216864056104, 0.004664044570849244]
[-0.29876216864056104, 0.004664044570849244]
[-0.29876216864056104, 0.004664044570849244]
[-0.29650069512473903, 0.004633606871976215]
[-0.29650069512473903, 0.004633606871976215]
[-0.29650069512473903, 0.004633606871976215]
[-0.29650069512473903, 0.004633606871976215]
[-0.29650069512473903, 0.004633606871976215]
[-0.29650069512473903, 0.004633606871976215]
[-0.29650069512473903, 0.004633606871976215]
[-0.29650069512473903, 0.004633606871976215]
[-0.2937717084223774, 0.004568701833033742]
[-0.2937717084223774, 0.004568701833033742]
[-0.2937717084223774, 0.004568701833033742]
[-0.2937717084223774, 0.004568701833033742]
[-0.2937717084223774, 0.004568701833033742]
[-0.2937717084223774, 0.004568701833033742]
[-0.2937717084223774, 0.004568701833033742]
[-0.2937717084223774, 0.004568701833033742]
[-0.29103246120489995, 0.004533912352706301]
[-0.29103246120489995, 0.004533912352706301]
[-0.29103246120489995, 0.004533912352706301]
[-0.29103246120489995, 0.004533912352706301]
[-0.29103246120489995, 0.004533912352706301]
[-0.29103246120489995, 0.004533912352706301]
[-0.29103246120489995, 0.004533912352706301]
[-0.29103246120489995, 0.004533912352706301]
[-0.2884752147890301, 0.004524904695913617]
[-0.2884752147890301, 0.004524904695913617]
[-0.2884752147890301, 0.004524904695913617]
[-0.2884752147890301, 0.004524904695913617]
[-0.2884752147890301, 0.004524904695913617]
[-0.2884752147890301, 0.004524904695913617]
[-0.2884752147890301, 0.004524904695913617]
[-0.2884752147890301, 0.004524904695913617]
[-0.28552140563112616, 0.004497260482674555]
[-0.28552140563112616, 0.004497260482674555]
[-0.28552140563112616, 0.004497260482674555]
[-0.28552140563112616, 0.004497260482674555]
[-0.28552140563112616, 0.004497260482674555]
[-0.28552140563112616, 0.004497260482674555]
[-0.28552140563112616, 0.004497260482674555]
[-0.28552140563112616, 0.004497260482674555]
[-0.282678564517203, 0.004509949963187919]
[-0.282678564517203, 0.004509949963187919]
[-0.282678564517203, 0.004509949963187919]
[-0.282678564517203, 0.004509949963187919]
[-0.282678564517203, 0.004509949963187919]
[-0.282678564517203, 0.004509949963187919]
[-0.282678564517203, 0.004509949963187919]
[-0.282678564517203, 0.004509949963187919]
[-0.2799007871981311, 0.004528606085808682]
[-0.2799007871981311, 0.004528606085808682]
[-0.2799007871981311, 0.004528606085808682]
[-0.2799007871981311, 0.004528606085808682]
[-0.2799007871981311, 0.004528606085808682]
[-0.2799007871981311, 0.004528606085808682]
[-0.2799007871981311, 0.004528606085808682]
[-0.2799007871981311, 0.004528606085808682]
[-0.2772583174945114, 0.004547910207670964]
[-0.2772583174945114, 0.004547910207670964]
[-0.2772583174945114, 0.004547910207670964]
[-0.2772583174945114, 0.004547910207670964]
[-0.2772583174945114, 0.004547910207670964]
[-0.2772583174945114, 0.004547910207670964]
[-0.2772583174945114, 0.004547910207670964]
[-0.2772583174945114, 0.004547910207670964]
[-0.2744232132836824, 0.004555541405256002]
[-0.2744232132836824, 0.004555541405256002]
[-0.2744232132836824, 0.004555541405256002]
[-0.2744232132836824, 0.004555541405256002]
[-0.2744232132836824, 0.004555541405256002]
[-0.2744232132836824, 0.004555541405256002]
[-0.2744232132836824, 0.004555541405256002]
[-0.2744232132836824, 0.004555541405256002]
[-0.2716828226836747, 0.0045484963347723955]
[-0.2716828226836747, 0.0045484963347723955]
[-0.2716828226836747, 0.0045484963347723955]
[-0.2716828226836747, 0.0045484963347723955]
[-0.2716828226836747, 0.0045484963347723955]
[-0.2716828226836747, 0.0045484963347723955]
[-0.2716828226836747, 0.0045484963347723955]
[-0.2716828226836747, 0.0045484963347723955]
[-0.26909404945617005, 0.004523278789395956]
[-0.26909404945617005, 0.004523278789395956]
[-0.26909404945617005, 0.004523278789395956]
[-0.26909404945617005, 0.004523278789395956]
[-0.26909404945617005, 0.004523278789395956]
[-0.26909404945617005, 0.004523278789395956]
[-0.26909404945617005, 0.004523278789395956]
[-0.26909404945617005, 0.004523278789395956]
[-0.2664761110656784, 0.004480303154454349]
[-0.2664761110656784, 0.004480303154454349]
[-0.2664761110656784, 0.004480303154454349]
[-0.2664761110656784, 0.004480303154454349]
[-0.2664761110656784, 0.004480303154454349]
[-0.2664761110656784, 0.004480303154454349]
[-0.2664761110656784, 0.004480303154454349]
[-0.2664761110656784, 0.004480303154454349]
[-0.26391870494648784, 0.004432256333356987]
[-0.26391870494648784, 0.004432256333356987]
[-0.26391870494648784, 0.004432256333356987]
[-0.26391870494648784, 0.004432256333356987]
[-0.26391870494648784, 0.004432256333356987]
[-0.26391870494648784, 0.004432256333356987]
[-0.26391870494648784, 0.004432256333356987]
[-0.26391870494648784, 0.004432256333356987]
[-0.2613114100189562, 0.004390777761216664]
[-0.2613114100189562, 0.004390777761216664]
[-0.2613114100189562, 0.004390777761216664]
[-0.2613114100189562, 0.004390777761216664]
[-0.2613114100189562, 0.004390777761216664]
[-0.2613114100189562, 0.004390777761216664]
[-0.2613114100189562, 0.004390777761216664]
[-0.2613114100189562, 0.004390777761216664]
[-0.25882005559208077, 0.004359209135967227]
[-0.25882005559208077, 0.004359209135967227]
[-0.25882005559208077, 0.004359209135967227]
[-0.25882005559208077, 0.004359209135967227]
[-0.25882005559208077, 0.004359209135967227]
[-0.25882005559208077, 0.004359209135967227]
[-0.25882005559208077, 0.004359209135967227]
[-0.25882005559208077, 0.004359209135967227]
[-0.256248236993112, 0.004328696161874703]
[-0.256248236993112, 0.004328696161874703]
[-0.256248236993112, 0.004328696161874703]
[-0.256248236993112, 0.004328696161874703]
[-0.256248236993112, 0.004328696161874703]
[-0.256248236993112, 0.004328696161874703]
[-0.256248236993112, 0.004328696161874703]
[-0.256248236993112, 0.004328696161874703]
[-0.25385488701039355, 0.004303793609184841]
[-0.25385488701039355, 0.004303793609184841]
[-0.25385488701039355, 0.004303793609184841]
[-0.25385488701039355, 0.004303793609184841]
[-0.25385488701039355, 0.004303793609184841]
[-0.25385488701039355, 0.004303793609184841]
[-0.25385488701039355, 0.004303793609184841]
[-0.25385488701039355, 0.004303793609184841]
[-0.251440743373406, 0.0042654903561257255]
[-0.251440743373406, 0.0042654903561257255]
[-0.251440743373406, 0.0042654903561257255]
[-0.251440743373406, 0.0042654903561257255]
[-0.251440743373406, 0.0042654903561257255]
[-0.251440743373406, 0.0042654903561257255]
[-0.251440743373406, 0.0042654903561257255]
[-0.251440743373406, 0.0042654903561257255]
[-0.24900308727082812, 0.004202478395488706]
[-0.24900308727082812, 0.004202478395488706]
[-0.24900308727082812, 0.004202478395488706]
[-0.24900308727082812, 0.004202478395488706]
[-0.24900308727082812, 0.004202478395488706]
[-0.24900308727082812, 0.004202478395488706]
[-0.24900308727082812, 0.004202478395488706]
[-0.24900308727082812, 0.004202478395488706]
[-0.24625098697449055, 0.0041373520013870835]
[-0.24625098697449055, 0.0041373520013870835]
[-0.24625098697449055, 0.0041373520013870835]
[-0.24625098697449055, 0.0041373520013870835]
[-0.24625098697449055, 0.0041373520013870835]
[-0.24625098697449055, 0.0041373520013870835]
[-0.24625098697449055, 0.0041373520013870835]
[-0.24625098697449055, 0.0041373520013870835]
[-0.2436826465917027, 0.004101961575325]
[-0.2436826465917027, 0.004101961575325]
[-0.2436826465917027, 0.004101961575325]
[-0.2436826465917027, 0.004101961575325]
[-0.2436826465917027, 0.004101961575325]
[-0.2436826465917027, 0.004101961575325]
[-0.2436826465917027, 0.004101961575325]
[-0.2436826465917027, 0.004101961575325]
[-0.24082189619448896, 0.004081183115109721]
[-0.24082189619448896, 0.004081183115109721]
[-0.24082189619448896, 0.004081183115109721]
[-0.24082189619448896, 0.004081183115109721]
[-0.24082189619448896, 0.004081183115109721]
[-0.24082189619448896, 0.004081183115109721]
[-0.24082189619448896, 0.004081183115109721]
[-0.24082189619448896, 0.004081183115109721]
[-0.2382845298045888, 0.004086470569445211]
[-0.2382845298045888, 0.004086470569445211]
[-0.2382845298045888, 0.004086470569445211]
[-0.2382845298045888, 0.004086470569445211]
[-0.2382845298045888, 0.004086470569445211]
[-0.2382845298045888, 0.004086470569445211]
[-0.2382845298045888, 0.004086470569445211]
[-0.2382845298045888, 0.004086470569445211]
[-0.23566062861833442, 0.004086621224806589]
[-0.23566062861833442, 0.004086621224806589]
[-0.23566062861833442, 0.004086621224806589]
[-0.23566062861833442, 0.004086621224806589]
[-0.23566062861833442, 0.004086621224806589]
[-0.23566062861833442, 0.004086621224806589]
[-0.23566062861833442, 0.004086621224806589]
[-0.23566062861833442, 0.004086621224806589]
[-0.23288731377338476, 0.004089503044828357]
[-0.23288731377338476, 0.004089503044828357]
[-0.23288731377338476, 0.004089503044828357]
[-0.23288731377338476, 0.004089503044828357]
[-0.23288731377338476, 0.004089503044828357]
[-0.23288731377338476, 0.004089503044828357]
[-0.23288731377338476, 0.004089503044828357]
[-0.23288731377338476, 0.004089503044828357]
[-0.2303806964341753, 0.004121222265296995]
[-0.2303806964341753, 0.004121222265296995]
[-0.2303806964341753, 0.004121222265296995]
[-0.2303806964341753, 0.004121222265296995]
[-0.2303806964341753, 0.004121222265296995]
[-0.2303806964341753, 0.004121222265296995]
[-0.2303806964341753, 0.004121222265296995]
[-0.2303806964341753, 0.004121222265296995]
[-0.22778018358975566, 0.0041384348281959075]
[-0.22778018358975566, 0.0041384348281959075]
[-0.22778018358975566, 0.0041384348281959075]
[-0.22778018358975566, 0.0041384348281959075]
[-0.22778018358975566, 0.0041384348281959075]
[-0.22778018358975566, 0.0041384348281959075]
[-0.22778018358975566, 0.0041384348281959075]
[-0.22778018358975566, 0.0041384348281959075]
[-0.22536341609622051, 0.004142537684019897]
[-0.22536341609622051, 0.004142537684019897]
[-0.22536341609622051, 0.004142537684019897]
[-0.22536341609622051, 0.004142537684019897]
[-0.22536341609622051, 0.004142537684019897]
[-0.22536341609622051, 0.004142537684019897]
[-0.22536341609622051, 0.004142537684019897]
[-0.22536341609622051, 0.004142537684019897]
[-0.2226153762464536, 0.004146450979667254]
[-0.2226153762464536, 0.004146450979667254]
[-0.2226153762464536, 0.004146450979667254]
[-0.2226153762464536, 0.004146450979667254]
[-0.2226153762464536, 0.004146450979667254]
[-0.2226153762464536, 0.004146450979667254]
[-0.2226153762464536, 0.004146450979667254]
[-0.2226153762464536, 0.004146450979667254]
[-0.22000859332550368, 0.004162459431337817]
[-0.22000859332550368, 0.004162459431337817]
[-0.22000859332550368, 0.004162459431337817]
[-0.22000859332550368, 0.004162459431337817]
[-0.22000859332550368, 0.004162459431337817]
[-0.22000859332550368, 0.004162459431337817]
[-0.22000859332550368, 0.004162459431337817]
[-0.22000859332550368, 0.004162459431337817]
[-0.21743618060465733, 0.004177308170619084]
[-0.21743618060465733, 0.004177308170619084]
[-0.21743618060465733, 0.004177308170619084]
[-0.21743618060465733, 0.004177308170619084]
[-0.21743618060465733, 0.004177308170619084]
[-0.21743618060465733, 0.004177308170619084]
[-0.21743618060465733, 0.004177308170619084]
[-0.21743618060465733, 0.004177308170619084]
[-0.21488482640843082, 0.004191039360819625]
[-0.21488482640843082, 0.004191039360819625]
[-0.21488482640843082, 0.004191039360819625]
[-0.21488482640843082, 0.004191039360819625]
[-0.21488482640843082, 0.004191039360819625]
[-0.21488482640843082, 0.004191039360819625]
[-0.21488482640843082, 0.004191039360819625]
[-0.21488482640843082, 0.004191039360819625]
[-0.21207199216343256, 0.0042105380093509556]
[-0.21207199216343256, 0.0042105380093509556]
[-0.21207199216343256, 0.0042105380093509556]
[-0.21207199216343256, 0.0042105380093509556]
[-0.21207199216343256, 0.0042105380093509556]
[-0.21207199216343256, 0.0042105380093509556]
[-0.21207199216343256, 0.0042105380093509556]
[-0.21207199216343256, 0.0042105380093509556]
[-0.20936660788096925, 0.004248037807679856]
[-0.20936660788096925, 0.004248037807679856]
[-0.20936660788096925, 0.004248037807679856]
[-0.20936660788096925, 0.004248037807679856]
[-0.20936660788096925, 0.004248037807679856]
[-0.20936660788096925, 0.004248037807679856]
[-0.20936660788096925, 0.004248037807679856]
[-0.20936660788096925, 0.004248037807679856]
[-0.2071254051571972, 0.004298916744012105]
[-0.2071254051571972, 0.004298916744012105]
[-0.2071254051571972, 0.004298916744012105]
[-0.2071254051571972, 0.004298916744012105]
[-0.2071254051571972, 0.004298916744012105]
[-0.2071254051571972, 0.004298916744012105]
[-0.2071254051571972, 0.004298916744012105]
[-0.2071254051571972, 0.004298916744012105]
