[-0.7303739991833138, 0.006081820112773114]
[-0.7303739991833138, 0.006081820112773114]
[-0.7303739991833138, 0.006081820112773114]
[-0.7303739991833138, 0.006081820112773114]
[-0.7303739991833138, 0.006081820112773114]
[-0.7303739991833138, 0.006081820112773114]
[-0.7303739991833138, 0.006081820112773114]
[-0.7303739991833138, 0.006081820112773114]
[-0.7277264885424652, 0.006276743674918846]
[-0.7277264885424652, 0.006276743674918846]
[-0.7277264885424652, 0.006276743674918846]
[-0.7277264885424652, 0.006276743674918846]
[-0.7277264885424652, 0.006276743674918846]
[-0.7277264885424652, 0.006276743674918846]
[-0.7277264885424652, 0.006276743674918846]
[-0.7277264885424652, 0.006276743674918846]
[-0.7248646910846258, 0.006421731834271882]
[-0.7248646910846258, 0.006421731834271882]
[-0.7248646910846258, 0.006421731834271882]
[-0.7248646910846258, 0.006421731834271882]
[-0.7248646910846258, 0.006421731834271882]
[-0.7248646910846258, 0.006421731834271882]
[-0.7248646910846258, 0.006421731834271882]
[-0.7248646910846258, 0.006421731834271882]
[-0.7222546318614891, 0.0065061652319845144]
[-0.7222546318614891, 0.0065061652319845144]
[-0.7222546318614891, 0.0065061652319845144]
[-0.7222546318614891, 0.0065061652319845144]
[-0.7222546318614891, 0.0065061652319845144]
[-0.7222546318614891, 0.0065061652319845144]
[-0.7222546318614891, 0.0065061652319845144]
[-0.7222546318614891, 0.0065061652319845144]
[-0.7191661603646445, 0.006564853254919266]
[-0.7191661603646445, 0.006564853254919266]
[-0.7191661603646445, 0.006564853254919266]
[-0.7191661603646445, 0.006564853254919266]
[-0.7191661603646445, 0.006564853254919266]
[-0.7191661603646445, 0.006564853254919266]
[-0.7191661603646445, 0.006564853254919266]
[-0.7191661603646445, 0.006564853254919266]
[-0.7163883178900137, 0.006631410909079909]
[-0.7163883178900137, 0.006631410909079909]
[-0.7163883178900137, 0.006631410909079909]
[-0.7163883178900137, 0.006631410909079909]
[-0.7163883178900137, 0.006631410909079909]
[-0.7163883178900137, 0.006631410909079909]
[-0.7163883178900137, 0.006631410909079909]
[-0.7163883178900137, 0.006631410909079909]
[-0.713605858515007, 0.006667087443996532]
[-0.713605858515007, 0.006667087443996532]
[-0.713605858515007, 0.006667087443996532]
[-0.713605858515007, 0.006667087443996532]
[-0.713605858515007, 0.006667087443996532]
[-0.713605858515007, 0.006667087443996532]
[-0.713605858515007, 0.006667087443996532]
[-0.713605858515007, 0.006667087443996532]
[-0.711109005899753, 0.006692470561645926]
[-0.711109005899753, 0.006692470561645926]
[-0.711109005899753, 0.006692470561645926]
[-0.711109005899753, 0.006692470561645926]
[-0.711109005899753, 0.006692470561645926]
[-0.711109005899753, 0.006692470561645926]
[-0.711109005899753, 0.006692470561645926]
[-0.711109005899753, 0.006692470561645926]
[-0.7082774828834439, 0.006686381399727205]
[-0.7082774828834439, 0.006686381399727205]
[-0.7082774828834439, 0.006686381399727205]
[-0.7082774828834439, 0.006686381399727205]
[-0.7082774828834439, 0.006686381399727205]
[-0.7082774828834439, 0.006686381399727205]
[-0.7082774828834439, 0.006686381399727205]
[-0.7082774828834439, 0.006686381399727205]
[-0.7054630656020976, 0.006678740550964661]
[-0.7054630656020976, 0.006678740550964661]
[-0.7054630656020976, 0.006678740550964661]
[-0.7054630656020976, 0.006678740550964661]
[-0.7054630656020976, 0.006678740550964661]
[-0.7054630656020976, 0.006678740550964661]
[-0.7054630656020976, 0.006678740550964661]
[-0.7054630656020976, 0.006678740550964661]
[-0.7026023916259625, 0.006663683422401163]
[-0.7026023916259625, 0.006663683422401163]
[-0.7026023916259625, 0.006663683422401163]
[-0.7026023916259625, 0.006663683422401163]
[-0.7026023916259625, 0.006663683422401163]
[-0.7026023916259625, 0.006663683422401163]
[-0.7026023916259625, 0.006663683422401163]
[-0.7026023916259625, 0.006663683422401163]
[-0.6996520509641503, 0.006656830481212996]
[-0.6996520509641503, 0.006656830481212996]
[-0.6996520509641503, 0.006656830481212996]
[-0.6996520509641503, 0.006656830481212996]
[-0.6996520509641503, 0.006656830481212996]
[-0.6996520509641503, 0.006656830481212996]
[-0.6996520509641503, 0.006656830481212996]
[-0.6996520509641503, 0.006656830481212996]
[-0.696440475695057, 0.0066713971611053165]
[-0.696440475695057, 0.0066713971611053165]
[-0.696440475695057, 0.0066713971611053165]
[-0.696440475695057, 0.0066713971611053165]
[-0.696440475695057, 0.0066713971611053165]
[-0.696440475695057, 0.0066713971611053165]
[-0.696440475695057, 0.0066713971611053165]
[-0.696440475695057, 0.0066713971611053165]
[-0.6936089909525629, 0.00669912152337698]
[-0.6936089909525629, 0.00669912152337698]
[-0.6936089909525629, 0.00669912152337698]
[-0.6936089909525629, 0.00669912152337698]
[-0.6936089909525629, 0.00669912152337698]
[-0.6936089909525629, 0.00669912152337698]
[-0.6936089909525629, 0.00669912152337698]
[-0.6936089909525629, 0.00669912152337698]
[-0.6907664780265212, 0.006712346183106959]
[-0.6907664780265212, 0.006712346183106959]
[-0.6907664780265212, 0.006712346183106959]
[-0.6907664780265212, 0.006712346183106959]
[-0.6907664780265212, 0.006712346183106959]
[-0.6907664780265212, 0.006712346183106959]
[-0.6907664780265212, 0.006712346183106959]
[-0.6907664780265212, 0.006712346183106959]
[-0.688388408152459, 0.006707016138216259]
[-0.688388408152459, 0.006707016138216259]
[-0.688388408152459, 0.006707016138216259]
[-0.688388408152459, 0.006707016138216259]
[-0.688388408152459, 0.006707016138216259]
[-0.688388408152459, 0.006707016138216259]
[-0.688388408152459, 0.006707016138216259]
[-0.688388408152459, 0.006707016138216259]
[-0.685419123547323, 0.00666073737536322]
[-0.685419123547323, 0.00666073737536322]
[-0.685419123547323, 0.00666073737536322]
[-0.685419123547323, 0.00666073737536322]
[-0.685419123547323, 0.00666073737536322]
[-0.685419123547323, 0.00666073737536322]
[-0.685419123547323, 0.00666073737536322]
[-0.685419123547323, 0.00666073737536322]
[-0.6826015423257291, 0.006649001981655712]
[-0.6826015423257291, 0.006649001981655712]
[-0.6826015423257291, 0.006649001981655712]
[-0.6826015423257291, 0.006649001981655712]
[-0.6826015423257291, 0.006649001981655712]
[-0.6826015423257291, 0.006649001981655712]
[-0.6826015423257291, 0.006649001981655712]
[-0.6826015423257291, 0.006649001981655712]
[-0.6799921556857423, 0.006632826646371634]
[-0.6799921556857423, 0.006632826646371634]
[-0.6799921556857423, 0.006632826646371634]
[-0.6799921556857423, 0.006632826646371634]
[-0.6799921556857423, 0.006632826646371634]
[-0.6799921556857423, 0.006632826646371634]
[-0.6799921556857423, 0.006632826646371634]
[-0.6799921556857423, 0.006632826646371634]
[-0.6772584343957635, 0.006596309998587467]
[-0.6772584343957635, 0.006596309998587467]
[-0.6772584343957635, 0.006596309998587467]
[-0.6772584343957635, 0.006596309998587467]
[-0.6772584343957635, 0.006596309998587467]
[-0.6772584343957635, 0.006596309998587467]
[-0.6772584343957635, 0.006596309998587467]
[-0.6772584343957635, 0.006596309998587467]
[-0.6749424333309101, 0.006541148705744764]
[-0.6749424333309101, 0.006541148705744764]
[-0.6749424333309101, 0.006541148705744764]
[-0.6749424333309101, 0.006541148705744764]
[-0.6749424333309101, 0.006541148705744764]
[-0.6749424333309101, 0.006541148705744764]
[-0.6749424333309101, 0.006541148705744764]
[-0.6749424333309101, 0.006541148705744764]
[-0.6722286062535826, 0.006450621573662691]
[-0.6722286062535826, 0.006450621573662691]
[-0.6722286062535826, 0.006450621573662691]
[-0.6722286062535826, 0.006450621573662691]
[-0.6722286062535826, 0.006450621573662691]
[-0.6722286062535826, 0.006450621573662691]
[-0.6722286062535826, 0.006450621573662691]
[-0.6722286062535826, 0.006450621573662691]
[-0.6696040901263425, 0.006365040815595834]
[-0.6696040901263425, 0.006365040815595834]
[-0.6696040901263425, 0.006365040815595834]
[-0.6696040901263425, 0.006365040815595834]
[-0.6696040901263425, 0.006365040815595834]
[-0.6696040901263425, 0.006365040815595834]
[-0.6696040901263425, 0.006365040815595834]
[-0.6696040901263425, 0.006365040815595834]
[-0.6670835350986472, 0.006283205322008216]
[-0.6670835350986472, 0.006283205322008216]
[-0.6670835350986472, 0.006283205322008216]
[-0.6670835350986472, 0.006283205322008216]
[-0.6670835350986472, 0.006283205322008216]
[-0.6670835350986472, 0.006283205322008216]
[-0.6670835350986472, 0.006283205322008216]
[-0.6670835350986472, 0.006283205322008216]
[-0.6644358389703711, 0.006190812399843321]
[-0.6644358389703711, 0.006190812399843321]
[-0.6644358389703711, 0.006190812399843321]
[-0.6644358389703711, 0.006190812399843321]
[-0.6644358389703711, 0.006190812399843321]
[-0.6644358389703711, 0.006190812399843321]
[-0.6644358389703711, 0.006190812399843321]
[-0.6644358389703711, 0.006190812399843321]
[-0.6616264723453068, 0.00609297506379288]
[-0.6616264723453068, 0.00609297506379288]
[-0.6616264723453068, 0.00609297506379288]
[-0.6616264723453068, 0.00609297506379288]
[-0.6616264723453068, 0.00609297506379288]
[-0.6616264723453068, 0.00609297506379288]
[-0.6616264723453068, 0.00609297506379288]
[-0.6616264723453068, 0.00609297506379288]
[-0.6589826970828322, 0.006016371896811915]
[-0.6589826970828322, 0.006016371896811915]
[-0.6589826970828322, 0.006016371896811915]
[-0.6589826970828322, 0.006016371896811915]
[-0.6589826970828322, 0.006016371896811915]
[-0.6589826970828322, 0.006016371896811915]
[-0.6589826970828322, 0.006016371896811915]
[-0.6589826970828322, 0.006016371896811915]
[-0.6559618789736305, 0.005933295193243608]
[-0.6559618789736305, 0.005933295193243608]
[-0.6559618789736305, 0.005933295193243608]
[-0.6559618789736305, 0.005933295193243608]
[-0.6559618789736305, 0.005933295193243608]
[-0.6559618789736305, 0.005933295193243608]
[-0.6559618789736305, 0.005933295193243608]
[-0.6559618789736305, 0.005933295193243608]
[-0.6533775428137046, 0.005888473014323582]
[-0.6533775428137046, 0.005888473014323582]
[-0.6533775428137046, 0.005888473014323582]
[-0.6533775428137046, 0.005888473014323582]
[-0.6533775428137046, 0.005888473014323582]
[-0.6533775428137046, 0.005888473014323582]
[-0.6533775428137046, 0.005888473014323582]
[-0.6533775428137046, 0.005888473014323582]
[-0.6503171641110672, 0.0058293318203493675]
[-0.6503171641110672, 0.0058293318203493675]
[-0.6503171641110672, 0.0058293318203493675]
[-0.6503171641110672, 0.0058293318203493675]
[-0.6503171641110672, 0.0058293318203493675]
[-0.6503171641110672, 0.0058293318203493675]
[-0.6503171641110672, 0.0058293318203493675]
[-0.6503171641110672, 0.0058293318203493675]
[-0.6473201959861697, 0.005791158108504551]
[-0.6473201959861697, 0.005791158108504551]
[-0.6473201959861697, 0.005791158108504551]
[-0.6473201959861697, 0.005791158108504551]
[-0.6473201959861697, 0.005791158108504551]
[-0.6473201959861697, 0.005791158108504551]
[-0.6473201959861697, 0.005791158108504551]
[-0.6473201959861697, 0.005791158108504551]
[-0.644987222954679, 0.005768419811705307]
[-0.644987222954679, 0.005768419811705307]
[-0.644987222954679, 0.005768419811705307]
[-0.644987222954679, 0.005768419811705307]
[-0.644987222954679, 0.005768419811705307]
[-0.644987222954679, 0.005768419811705307]
[-0.644987222954679, 0.005768419811705307]
[-0.644987222954679, 0.005768419811705307]
[-0.6416233100819774, 0.005701153597127932]
[-0.6416233100819774, 0.005701153597127932]
[-0.6416233100819774, 0.005701153597127932]
[-0.6416233100819774, 0.005701153597127932]
[-0.6416233100819774, 0.005701153597127932]
[-0.6416233100819774, 0.005701153597127932]
[-0.6416233100819774, 0.005701153597127932]
[-0.6416233100819774, 0.005701153597127932]
[-0.6390671076043195, 0.005701208099908839]
[-0.6390671076043195, 0.005701208099908839]
[-0.6390671076043195, 0.005701208099908839]
[-0.6390671076043195, 0.005701208099908839]
[-0.6390671076043195, 0.005701208099908839]
[-0.6390671076043195, 0.005701208099908839]
[-0.6390671076043195, 0.005701208099908839]
[-0.6390671076043195, 0.005701208099908839]
[-0.636240312425082, 0.005670520957719439]
[-0.636240312425082, 0.005670520957719439]
[-0.636240312425082, 0.005670520957719439]
[-0.636240312425082, 0.005670520957719439]
[-0.636240312425082, 0.005670520957719439]
[-0.636240312425082, 0.005670520957719439]
[-0.636240312425082, 0.005670520957719439]
[-0.636240312425082, 0.005670520957719439]
[-0.6331244444713306, 0.00564827406079316]
[-0.6331244444713306, 0.00564827406079316]
[-0.6331244444713306, 0.00564827406079316]
[-0.6331244444713306, 0.00564827406079316]
[-0.6331244444713306, 0.00564827406079316]
[-0.6331244444713306, 0.00564827406079316]
[-0.6331244444713306, 0.00564827406079316]
[-0.6331244444713306, 0.00564827406079316]
[-0.6296528271839372, 0.005688997971407038]
[-0.6296528271839372, 0.005688997971407038]
[-0.6296528271839372, 0.005688997971407038]
[-0.6296528271839372, 0.005688997971407038]
[-0.6296528271839372, 0.005688997971407038]
[-0.6296528271839372, 0.005688997971407038]
[-0.6296528271839372, 0.005688997971407038]
[-0.6296528271839372, 0.005688997971407038]
[-0.6265948625035731, 0.005772114824849764]
[-0.6265948625035731, 0.005772114824849764]
[-0.6265948625035731, 0.005772114824849764]
[-0.6265948625035731, 0.005772114824849764]
[-0.6265948625035731, 0.005772114824849764]
[-0.6265948625035731, 0.005772114824849764]
[-0.6265948625035731, 0.005772114824849764]
[-0.6265948625035731, 0.005772114824849764]
[-0.6232821162041019, 0.00586156505811702]
[-0.6232821162041019, 0.00586156505811702]
[-0.6232821162041019, 0.00586156505811702]
[-0.6232821162041019, 0.00586156505811702]
[-0.6232821162041019, 0.00586156505811702]
[-0.6232821162041019, 0.00586156505811702]
[-0.6232821162041019, 0.00586156505811702]
[-0.6232821162041019, 0.00586156505811702]
[-0.6203850762451087, 0.005940012653633501]
[-0.6203850762451087, 0.005940012653633501]
[-0.6203850762451087, 0.005940012653633501]
[-0.6203850762451087, 0.005940012653633501]
[-0.6203850762451087, 0.005940012653633501]
[-0.6203850762451087, 0.005940012653633501]
[-0.6203850762451087, 0.005940012653633501]
[-0.6203850762451087, 0.005940012653633501]
[-0.6172451882760207, 0.005995911885348813]
[-0.6172451882760207, 0.005995911885348813]
[-0.6172451882760207, 0.005995911885348813]
[-0.6172451882760207, 0.005995911885348813]
[-0.6172451882760207, 0.005995911885348813]
[-0.6172451882760207, 0.005995911885348813]
[-0.6172451882760207, 0.005995911885348813]
[-0.6172451882760207, 0.005995911885348813]
[-0.6142968491359178, 0.00605436187796381]
[-0.6142968491359178, 0.00605436187796381]
[-0.6142968491359178, 0.00605436187796381]
[-0.6142968491359178, 0.00605436187796381]
[-0.6142968491359178, 0.00605436187796381]
[-0.6142968491359178, 0.00605436187796381]
[-0.6142968491359178, 0.00605436187796381]
[-0.6142968491359178, 0.00605436187796381]
[-0.611464217837912, 0.006091962808154328]
[-0.611464217837912, 0.006091962808154328]
[-0.611464217837912, 0.006091962808154328]
[-0.611464217837912, 0.006091962808154328]
[-0.611464217837912, 0.006091962808154328]
[-0.611464217837912, 0.006091962808154328]
[-0.611464217837912, 0.006091962808154328]
[-0.611464217837912, 0.006091962808154328]
[-0.6083325328497224, 0.006123026832049358]
[-0.6083325328497224, 0.006123026832049358]
[-0.6083325328497224, 0.006123026832049358]
[-0.6083325328497224, 0.006123026832049358]
[-0.6083325328497224, 0.006123026832049358]
[-0.6083325328497224, 0.006123026832049358]
[-0.6083325328497224, 0.006123026832049358]
[-0.6083325328497224, 0.006123026832049358]
[-0.605671009211994, 0.006147863161058791]
[-0.605671009211994, 0.006147863161058791]
[-0.605671009211994, 0.006147863161058791]
[-0.605671009211994, 0.006147863161058791]
[-0.605671009211994, 0.006147863161058791]
[-0.605671009211994, 0.006147863161058791]
[-0.605671009211994, 0.006147863161058791]
[-0.605671009211994, 0.006147863161058791]
[-0.6022510231369161, 0.006173905637432559]
[-0.6022510231369161, 0.006173905637432559]
[-0.6022510231369161, 0.006173905637432559]
[-0.6022510231369161, 0.006173905637432559]
[-0.6022510231369161, 0.006173905637432559]
[-0.6022510231369161, 0.006173905637432559]
[-0.6022510231369161, 0.006173905637432559]
[-0.6022510231369161, 0.006173905637432559]
[-0.5993438080242831, 0.006220404465513555]
[-0.5993438080242831, 0.006220404465513555]
[-0.5993438080242831, 0.006220404465513555]
[-0.5993438080242831, 0.006220404465513555]
[-0.5993438080242831, 0.006220404465513555]
[-0.5993438080242831, 0.006220404465513555]
[-0.5993438080242831, 0.006220404465513555]
[-0.5993438080242831, 0.006220404465513555]
[-0.595782241667665, 0.00627679105653832]
[-0.595782241667665, 0.00627679105653832]
[-0.595782241667665, 0.00627679105653832]
[-0.595782241667665, 0.00627679105653832]
[-0.595782241667665, 0.00627679105653832]
[-0.595782241667665, 0.00627679105653832]
[-0.595782241667665, 0.00627679105653832]
[-0.595782241667665, 0.00627679105653832]
[-0.5927027132819861, 0.006364045093225202]
[-0.5927027132819861, 0.006364045093225202]
[-0.5927027132819861, 0.006364045093225202]
[-0.5927027132819861, 0.006364045093225202]
[-0.5927027132819861, 0.006364045093225202]
[-0.5927027132819861, 0.006364045093225202]
[-0.5927027132819861, 0.006364045093225202]
[-0.5927027132819861, 0.006364045093225202]
[-0.5896315898904818, 0.006438845920883816]
[-0.5896315898904818, 0.006438845920883816]
[-0.5896315898904818, 0.006438845920883816]
[-0.5896315898904818, 0.006438845920883816]
[-0.5896315898904818, 0.006438845920883816]
[-0.5896315898904818, 0.006438845920883816]
[-0.5896315898904818, 0.006438845920883816]
[-0.5896315898904818, 0.006438845920883816]
[-0.5871813546796704, 0.006482831354009435]
[-0.5871813546796704, 0.006482831354009435]
[-0.5871813546796704, 0.006482831354009435]
[-0.5871813546796704, 0.006482831354009435]
[-0.5871813546796704, 0.006482831354009435]
[-0.5871813546796704, 0.006482831354009435]
[-0.5871813546796704, 0.006482831354009435]
[-0.5871813546796704, 0.006482831354009435]
[-0.5842647372698077, 0.0064668568541234464]
[-0.5842647372698077, 0.0064668568541234464]
[-0.5842647372698077, 0.0064668568541234464]
[-0.5842647372698077, 0.0064668568541234464]
[-0.5842647372698077, 0.0064668568541234464]
[-0.5842647372698077, 0.0064668568541234464]
[-0.5842647372698077, 0.0064668568541234464]
[-0.5842647372698077, 0.0064668568541234464]
[-0.5810229881053101, 0.0064709121216602146]
[-0.5810229881053101, 0.0064709121216602146]
[-0.5810229881053101, 0.0064709121216602146]
[-0.5810229881053101, 0.0064709121216602146]
[-0.5810229881053101, 0.0064709121216602146]
[-0.5810229881053101, 0.0064709121216602146]
[-0.5810229881053101, 0.0064709121216602146]
[-0.5810229881053101, 0.0064709121216602146]
[-0.5776497830867846, 0.0065258487717434225]
[-0.5776497830867846, 0.0065258487717434225]
[-0.5776497830867846, 0.0065258487717434225]
[-0.5776497830867846, 0.0065258487717434225]
[-0.5776497830867846, 0.0065258487717434225]
[-0.5776497830867846, 0.0065258487717434225]
[-0.5776497830867846, 0.0065258487717434225]
[-0.5776497830867846, 0.0065258487717434225]
[-0.5747073343303664, 0.006590200118410865]
[-0.5747073343303664, 0.006590200118410865]
[-0.5747073343303664, 0.006590200118410865]
[-0.5747073343303664, 0.006590200118410865]
[-0.5747073343303664, 0.006590200118410865]
[-0.5747073343303664, 0.006590200118410865]
[-0.5747073343303664, 0.006590200118410865]
[-0.5747073343303664, 0.006590200118410865]
[-0.5713215793620298, 0.006646879100493396]
[-0.5713215793620298, 0.006646879100493396]
[-0.5713215793620298, 0.006646879100493396]
[-0.5713215793620298, 0.006646879100493396]
[-0.5713215793620298, 0.006646879100493396]
[-0.5713215793620298, 0.006646879100493396]
[-0.5713215793620298, 0.006646879100493396]
[-0.5713215793620298, 0.006646879100493396]
[-0.5682315355339228, 0.006717221363024717]
[-0.5682315355339228, 0.006717221363024717]
[-0.5682315355339228, 0.006717221363024717]
[-0.5682315355339228, 0.006717221363024717]
[-0.5682315355339228, 0.006717221363024717]
[-0.5682315355339228, 0.006717221363024717]
[-0.5682315355339228, 0.006717221363024717]
[-0.5682315355339228, 0.006717221363024717]
[-0.5649467402897365, 0.006779113796909348]
[-0.5649467402897365, 0.006779113796909348]
[-0.5649467402897365, 0.006779113796909348]
[-0.5649467402897365, 0.006779113796909348]
[-0.5649467402897365, 0.006779113796909348]
[-0.5649467402897365, 0.006779113796909348]
[-0.5649467402897365, 0.006779113796909348]
[-0.5649467402897365, 0.006779113796909348]
[-0.5619502517534495, 0.006848186447749239]
[-0.5619502517534495, 0.006848186447749239]
[-0.5619502517534495, 0.006848186447749239]
[-0.5619502517534495, 0.006848186447749239]
[-0.5619502517534495, 0.006848186447749239]
[-0.5619502517534495, 0.006848186447749239]
[-0.5619502517534495, 0.006848186447749239]
[-0.5619502517534495, 0.006848186447749239]
[-0.5588558262498147, 0.006892939542107886]
[-0.5588558262498147, 0.006892939542107886]
[-0.5588558262498147, 0.006892939542107886]
[-0.5588558262498147, 0.006892939542107886]
[-0.5588558262498147, 0.006892939542107886]
[-0.5588558262498147, 0.006892939542107886]
[-0.5588558262498147, 0.006892939542107886]
[-0.5588558262498147, 0.006892939542107886]
[-0.5563986638992793, 0.006910459321357901]
[-0.5563986638992793, 0.006910459321357901]
[-0.5563986638992793, 0.006910459321357901]
[-0.5563986638992793, 0.006910459321357901]
[-0.5563986638992793, 0.006910459321357901]
[-0.5563986638992793, 0.006910459321357901]
[-0.5563986638992793, 0.006910459321357901]
[-0.5563986638992793, 0.006910459321357901]
[-0.5536603537597373, 0.006871304275349025]
[-0.5536603537597373, 0.006871304275349025]
[-0.5536603537597373, 0.006871304275349025]
[-0.5536603537597373, 0.006871304275349025]
[-0.5536603537597373, 0.006871304275349025]
[-0.5536603537597373, 0.006871304275349025]
[-0.5536603537597373, 0.006871304275349025]
[-0.5536603537597373, 0.006871304275349025]
[-0.5508095668220239, 0.006811895835270529]
[-0.5508095668220239, 0.006811895835270529]
[-0.5508095668220239, 0.006811895835270529]
[-0.5508095668220239, 0.006811895835270529]
[-0.5508095668220239, 0.006811895835270529]
[-0.5508095668220239, 0.006811895835270529]
[-0.5508095668220239, 0.006811895835270529]
[-0.5508095668220239, 0.006811895835270529]
[-0.5471421247397074, 0.006770834912387251]
[-0.5471421247397074, 0.006770834912387251]
[-0.5471421247397074, 0.006770834912387251]
[-0.5471421247397074, 0.006770834912387251]
[-0.5471421247397074, 0.006770834912387251]
[-0.5471421247397074, 0.006770834912387251]
[-0.5471421247397074, 0.006770834912387251]
[-0.5471421247397074, 0.006770834912387251]
[-0.5442545907165086, 0.006784064207828849]
[-0.5442545907165086, 0.006784064207828849]
[-0.5442545907165086, 0.006784064207828849]
[-0.5442545907165086, 0.006784064207828849]
[-0.5442545907165086, 0.006784064207828849]
[-0.5442545907165086, 0.006784064207828849]
[-0.5442545907165086, 0.006784064207828849]
[-0.5442545907165086, 0.006784064207828849]
[-0.5413160387625507, 0.006778590637129045]
[-0.5413160387625507, 0.006778590637129045]
[-0.5413160387625507, 0.006778590637129045]
[-0.5413160387625507, 0.006778590637129045]
[-0.5413160387625507, 0.006778590637129045]
[-0.5413160387625507, 0.006778590637129045]
[-0.5413160387625507, 0.006778590637129045]
[-0.5413160387625507, 0.006778590637129045]
[-0.5387354966209753, 0.006761599804650484]
[-0.5387354966209753, 0.006761599804650484]
[-0.5387354966209753, 0.006761599804650484]
[-0.5387354966209753, 0.006761599804650484]
[-0.5387354966209753, 0.006761599804650484]
[-0.5387354966209753, 0.006761599804650484]
[-0.5387354966209753, 0.006761599804650484]
[-0.5387354966209753, 0.006761599804650484]
[-0.5359684222119653, 0.0067057900214954344]
[-0.5359684222119653, 0.0067057900214954344]
[-0.5359684222119653, 0.0067057900214954344]
[-0.5359684222119653, 0.0067057900214954344]
[-0.5359684222119653, 0.0067057900214954344]
[-0.5359684222119653, 0.0067057900214954344]
[-0.5359684222119653, 0.0067057900214954344]
[-0.5359684222119653, 0.0067057900214954344]
[-0.5328607240783366, 0.006634595475350541]
[-0.5328607240783366, 0.006634595475350541]
[-0.5328607240783366, 0.006634595475350541]
[-0.5328607240783366, 0.006634595475350541]
[-0.5328607240783366, 0.006634595475350541]
[-0.5328607240783366, 0.006634595475350541]
[-0.5328607240783366, 0.006634595475350541]
[-0.5328607240783366, 0.006634595475350541]
[-0.5298078143925822, 0.006617693677534325]
[-0.5298078143925822, 0.006617693677534325]
[-0.5298078143925822, 0.006617693677534325]
[-0.5298078143925822, 0.006617693677534325]
[-0.5298078143925822, 0.006617693677534325]
[-0.5298078143925822, 0.006617693677534325]
[-0.5298078143925822, 0.006617693677534325]
[-0.5298078143925822, 0.006617693677534325]
[-0.5265742788247045, 0.006617410955329603]
[-0.5265742788247045, 0.006617410955329603]
[-0.5265742788247045, 0.006617410955329603]
[-0.5265742788247045, 0.006617410955329603]
[-0.5265742788247045, 0.006617410955329603]
[-0.5265742788247045, 0.006617410955329603]
[-0.5265742788247045, 0.006617410955329603]
[-0.5265742788247045, 0.006617410955329603]
[-0.5238309439530194, 0.0066240544477305634]
[-0.5238309439530194, 0.0066240544477305634]
[-0.5238309439530194, 0.0066240544477305634]
[-0.5238309439530194, 0.0066240544477305634]
[-0.5238309439530194, 0.0066240544477305634]
[-0.5238309439530194, 0.0066240544477305634]
[-0.5238309439530194, 0.0066240544477305634]
[-0.5238309439530194, 0.0066240544477305634]
[-0.5210194666049552, 0.006596392617232248]
[-0.5210194666049552, 0.006596392617232248]
[-0.5210194666049552, 0.006596392617232248]
[-0.5210194666049552, 0.006596392617232248]
[-0.5210194666049552, 0.006596392617232248]
[-0.5210194666049552, 0.006596392617232248]
[-0.5210194666049552, 0.006596392617232248]
[-0.5210194666049552, 0.006596392617232248]
[-0.5179288952726251, 0.006553682442746252]
[-0.5179288952726251, 0.006553682442746252]
[-0.5179288952726251, 0.006553682442746252]
[-0.5179288952726251, 0.006553682442746252]
[-0.5179288952726251, 0.006553682442746252]
[-0.5179288952726251, 0.006553682442746252]
[-0.5179288952726251, 0.006553682442746252]
[-0.5179288952726251, 0.006553682442746252]
[-0.5154777327878542, 0.006523344733840975]
[-0.5154777327878542, 0.006523344733840975]
[-0.5154777327878542, 0.006523344733840975]
[-0.5154777327878542, 0.006523344733840975]
[-0.5154777327878542, 0.006523344733840975]
[-0.5154777327878542, 0.006523344733840975]
[-0.5154777327878542, 0.006523344733840975]
[-0.5154777327878542, 0.006523344733840975]
[-0.5121125702942672, 0.0064514554507172665]
[-0.5121125702942672, 0.0064514554507172665]
[-0.5121125702942672, 0.0064514554507172665]
[-0.5121125702942672, 0.0064514554507172665]
[-0.5121125702942672, 0.0064514554507172665]
[-0.5121125702942672, 0.0064514554507172665]
[-0.5121125702942672, 0.0064514554507172665]
[-0.5121125702942672, 0.0064514554507172665]
[-0.5091083326831161, 0.006453794363842577]
[-0.5091083326831161, 0.006453794363842577]
[-0.5091083326831161, 0.006453794363842577]
[-0.5091083326831161, 0.006453794363842577]
[-0.5091083326831161, 0.006453794363842577]
[-0.5091083326831161, 0.006453794363842577]
[-0.5091083326831161, 0.006453794363842577]
[-0.5091083326831161, 0.006453794363842577]
[-0.5059331816717164, 0.006466217092621363]
[-0.5059331816717164, 0.006466217092621363]
[-0.5059331816717164, 0.006466217092621363]
[-0.5059331816717164, 0.006466217092621363]
[-0.5059331816717164, 0.006466217092621363]
[-0.5059331816717164, 0.006466217092621363]
[-0.5059331816717164, 0.006466217092621363]
[-0.5059331816717164, 0.006466217092621363]
[-0.5030086273047548, 0.006488612876120622]
[-0.5030086273047548, 0.006488612876120622]
[-0.5030086273047548, 0.006488612876120622]
[-0.5030086273047548, 0.006488612876120622]
[-0.5030086273047548, 0.006488612876120622]
[-0.5030086273047548, 0.006488612876120622]
[-0.5030086273047548, 0.006488612876120622]
[-0.5030086273047548, 0.006488612876120622]
[-0.5000672431404957, 0.006485839024142527]
[-0.5000672431404957, 0.006485839024142527]
[-0.5000672431404957, 0.006485839024142527]
[-0.5000672431404957, 0.006485839024142527]
[-0.5000672431404957, 0.006485839024142527]
[-0.5000672431404957, 0.006485839024142527]
[-0.5000672431404957, 0.006485839024142527]
[-0.5000672431404957, 0.006485839024142527]
[-0.4968114287464827, 0.00649017961365533]
[-0.4968114287464827, 0.00649017961365533]
[-0.4968114287464827, 0.00649017961365533]
[-0.4968114287464827, 0.00649017961365533]
[-0.4968114287464827, 0.00649017961365533]
[-0.4968114287464827, 0.00649017961365533]
[-0.4968114287464827, 0.00649017961365533]
[-0.4968114287464827, 0.00649017961365533]
[-0.49390740643851083, 0.006506859707239884]
[-0.49390740643851083, 0.006506859707239884]
[-0.49390740643851083, 0.006506859707239884]
[-0.49390740643851083, 0.006506859707239884]
[-0.49390740643851083, 0.006506859707239884]
[-0.49390740643851083, 0.006506859707239884]
[-0.49390740643851083, 0.006506859707239884]
[-0.49390740643851083, 0.006506859707239884]
[-0.49120780061631025, 0.006494393246237279]
[-0.49120780061631025, 0.006494393246237279]
[-0.49120780061631025, 0.006494393246237279]
[-0.49120780061631025, 0.006494393246237279]
[-0.49120780061631025, 0.006494393246237279]
[-0.49120780061631025, 0.006494393246237279]
[-0.49120780061631025, 0.006494393246237279]
[-0.49120780061631025, 0.006494393246237279]
[-0.4880942903811185, 0.006459359576189512]
[-0.4880942903811185, 0.006459359576189512]
[-0.4880942903811185, 0.006459359576189512]
[-0.4880942903811185, 0.006459359576189512]
[-0.4880942903811185, 0.006459359576189512]
[-0.4880942903811185, 0.006459359576189512]
[-0.4880942903811185, 0.006459359576189512]
[-0.4880942903811185, 0.006459359576189512]
[-0.4852034879094845, 0.006444544314245995]
[-0.4852034879094845, 0.006444544314245995]
[-0.4852034879094845, 0.006444544314245995]
[-0.4852034879094845, 0.006444544314245995]
[-0.4852034879094845, 0.006444544314245995]
[-0.4852034879094845, 0.006444544314245995]
[-0.4852034879094845, 0.006444544314245995]
[-0.4852034879094845, 0.006444544314245995]
[-0.4825222245963046, 0.006421944309118501]
[-0.4825222245963046, 0.006421944309118501]
[-0.4825222245963046, 0.006421944309118501]
[-0.4825222245963046, 0.006421944309118501]
[-0.4825222245963046, 0.006421944309118501]
[-0.4825222245963046, 0.006421944309118501]
[-0.4825222245963046, 0.006421944309118501]
[-0.4825222245963046, 0.006421944309118501]
[-0.47953335809070213, 0.006375382062689062]
[-0.47953335809070213, 0.006375382062689062]
[-0.47953335809070213, 0.006375382062689062]
[-0.47953335809070213, 0.006375382062689062]
[-0.47953335809070213, 0.006375382062689062]
[-0.47953335809070213, 0.006375382062689062]
[-0.47953335809070213, 0.006375382062689062]
[-0.47953335809070213, 0.006375382062689062]
[-0.47718423322736814, 0.006348470891166127]
[-0.47718423322736814, 0.006348470891166127]
[-0.47718423322736814, 0.006348470891166127]
[-0.47718423322736814, 0.006348470891166127]
[-0.47718423322736814, 0.006348470891166127]
[-0.47718423322736814, 0.006348470891166127]
[-0.47718423322736814, 0.006348470891166127]
[-0.47718423322736814, 0.006348470891166127]
[-0.4747315165355468, 0.00627536479405362]
[-0.4747315165355468, 0.00627536479405362]
[-0.4747315165355468, 0.00627536479405362]
[-0.4747315165355468, 0.00627536479405362]
[-0.4747315165355468, 0.00627536479405362]
[-0.4747315165355468, 0.00627536479405362]
[-0.4747315165355468, 0.00627536479405362]
[-0.4747315165355468, 0.00627536479405362]
[-0.471499265096995, 0.006185030104308686]
[-0.471499265096995, 0.006185030104308686]
[-0.471499265096995, 0.006185030104308686]
[-0.471499265096995, 0.006185030104308686]
[-0.471499265096995, 0.006185030104308686]
[-0.471499265096995, 0.006185030104308686]
[-0.471499265096995, 0.006185030104308686]
[-0.471499265096995, 0.006185030104308686]
[-0.46813059179023747, 0.006194123958022124]
[-0.46813059179023747, 0.006194123958022124]
[-0.46813059179023747, 0.006194123958022124]
[-0.46813059179023747, 0.006194123958022124]
[-0.46813059179023747, 0.006194123958022124]
[-0.46813059179023747, 0.006194123958022124]
[-0.46813059179023747, 0.006194123958022124]
[-0.46813059179023747, 0.006194123958022124]
[-0.4648568685855422, 0.006242812968220914]
[-0.4648568685855422, 0.006242812968220914]
[-0.4648568685855422, 0.006242812968220914]
[-0.4648568685855422, 0.006242812968220914]
[-0.4648568685855422, 0.006242812968220914]
[-0.4648568685855422, 0.006242812968220914]
[-0.4648568685855422, 0.006242812968220914]
[-0.4648568685855422, 0.006242812968220914]
[-0.4623997885165116, 0.006258431536420926]
[-0.4623997885165116, 0.006258431536420926]
[-0.4623997885165116, 0.006258431536420926]
[-0.4623997885165116, 0.006258431536420926]
[-0.4623997885165116, 0.006258431536420926]
[-0.4623997885165116, 0.006258431536420926]
[-0.4623997885165116, 0.006258431536420926]
[-0.4623997885165116, 0.006258431536420926]
[-0.46007724281621687, 0.006212780579781863]
[-0.46007724281621687, 0.006212780579781863]
[-0.46007724281621687, 0.006212780579781863]
[-0.46007724281621687, 0.006212780579781863]
[-0.46007724281621687, 0.006212780579781863]
[-0.46007724281621687, 0.006212780579781863]
[-0.46007724281621687, 0.006212780579781863]
[-0.46007724281621687, 0.006212780579781863]
[-0.45769972751622795, 0.006132760114436297]
[-0.45769972751622795, 0.006132760114436297]
[-0.45769972751622795, 0.006132760114436297]
[-0.45769972751622795, 0.006132760114436297]
[-0.45769972751622795, 0.006132760114436297]
[-0.45769972751622795, 0.006132760114436297]
[-0.45769972751622795, 0.006132760114436297]
[-0.45769972751622795, 0.006132760114436297]
[-0.45495903732282467, 0.006037313678152988]
[-0.45495903732282467, 0.006037313678152988]
[-0.45495903732282467, 0.006037313678152988]
[-0.45495903732282467, 0.006037313678152988]
[-0.45495903732282467, 0.006037313678152988]
[-0.45495903732282467, 0.006037313678152988]
[-0.45495903732282467, 0.006037313678152988]
[-0.45495903732282467, 0.006037313678152988]
[-0.4518612243478511, 0.005975724070730732]
[-0.4518612243478511, 0.005975724070730732]
[-0.4518612243478511, 0.005975724070730732]
[-0.4518612243478511, 0.005975724070730732]
[-0.4518612243478511, 0.005975724070730732]
[-0.4518612243478511, 0.005975724070730732]
[-0.4518612243478511, 0.005975724070730732]
[-0.4518612243478511, 0.005975724070730732]
[-0.44879213283778013, 0.005953521309186485]
[-0.44879213283778013, 0.005953521309186485]
[-0.44879213283778013, 0.005953521309186485]
[-0.44879213283778013, 0.005953521309186485]
[-0.44879213283778013, 0.005953521309186485]
[-0.44879213283778013, 0.005953521309186485]
[-0.44879213283778013, 0.005953521309186485]
[-0.44879213283778013, 0.005953521309186485]
[-0.4456266985473788, 0.005940929439759624]
[-0.4456266985473788, 0.005940929439759624]
[-0.4456266985473788, 0.005940929439759624]
[-0.4456266985473788, 0.005940929439759624]
[-0.4456266985473788, 0.005940929439759624]
[-0.4456266985473788, 0.005940929439759624]
[-0.4456266985473788, 0.005940929439759624]
[-0.4456266985473788, 0.005940929439759624]
[-0.4424618181930487, 0.0059420576558442415]
[-0.4424618181930487, 0.0059420576558442415]
[-0.4424618181930487, 0.0059420576558442415]
[-0.4424618181930487, 0.0059420576558442415]
[-0.4424618181930487, 0.0059420576558442415]
[-0.4424618181930487, 0.0059420576558442415]
[-0.4424618181930487, 0.0059420576558442415]
[-0.4424618181930487, 0.0059420576558442415]
[-0.4394524238638659, 0.005952650166861164]
[-0.4394524238638659, 0.005952650166861164]
[-0.4394524238638659, 0.005952650166861164]
[-0.4394524238638659, 0.005952650166861164]
[-0.4394524238638659, 0.005952650166861164]
[-0.4394524238638659, 0.005952650166861164]
[-0.4394524238638659, 0.005952650166861164]
[-0.4394524238638659, 0.005952650166861164]
[-0.43659920197561014, 0.005955664819632408]
[-0.43659920197561014, 0.005955664819632408]
[-0.43659920197561014, 0.005955664819632408]
[-0.43659920197561014, 0.005955664819632408]
[-0.43659920197561014, 0.005955664819632408]
[-0.43659920197561014, 0.005955664819632408]
[-0.43659920197561014, 0.005955664819632408]
[-0.43659920197561014, 0.005955664819632408]
[-0.4337603764730437, 0.005939040107950764]
[-0.4337603764730437, 0.005939040107950764]
[-0.4337603764730437, 0.005939040107950764]
[-0.4337603764730437, 0.005939040107950764]
[-0.4337603764730437, 0.005939040107950764]
[-0.4337603764730437, 0.005939040107950764]
[-0.4337603764730437, 0.005939040107950764]
[-0.4337603764730437, 0.005939040107950764]
[-0.43103952085970293, 0.005911457289166835]
[-0.43103952085970293, 0.005911457289166835]
[-0.43103952085970293, 0.005911457289166835]
[-0.43103952085970293, 0.005911457289166835]
[-0.43103952085970293, 0.005911457289166835]
[-0.43103952085970293, 0.005911457289166835]
[-0.43103952085970293, 0.005911457289166835]
[-0.43103952085970293, 0.005911457289166835]
[-0.4280005625694344, 0.0058803735924286196]
[-0.4280005625694344, 0.0058803735924286196]
[-0.4280005625694344, 0.0058803735924286196]
[-0.4280005625694344, 0.0058803735924286196]
[-0.4280005625694344, 0.0058803735924286196]
[-0.4280005625694344, 0.0058803735924286196]
[-0.4280005625694344, 0.0058803735924286196]
[-0.4280005625694344, 0.0058803735924286196]
[-0.4251056649488356, 0.005867968794402983]
[-0.4251056649488356, 0.005867968794402983]
[-0.4251056649488356, 0.005867968794402983]
[-0.4251056649488356, 0.005867968794402983]
[-0.4251056649488356, 0.005867968794402983]
[-0.4251056649488356, 0.005867968794402983]
[-0.4251056649488356, 0.005867968794402983]
[-0.4251056649488356, 0.005867968794402983]
[-0.42226047466648475, 0.005839148950384194]
[-0.42226047466648475, 0.005839148950384194]
[-0.42226047466648475, 0.005839148950384194]
[-0.42226047466648475, 0.005839148950384194]
[-0.42226047466648475, 0.005839148950384194]
[-0.42226047466648475, 0.005839148950384194]
[-0.42226047466648475, 0.005839148950384194]
[-0.42226047466648475, 0.005839148950384194]
[-0.41953230307243605, 0.005801812333918543]
[-0.41953230307243605, 0.005801812333918543]
[-0.41953230307243605, 0.005801812333918543]
[-0.41953230307243605, 0.005801812333918543]
[-0.41953230307243605, 0.005801812333918543]
[-0.41953230307243605, 0.005801812333918543]
[-0.41953230307243605, 0.005801812333918543]
[-0.41953230307243605, 0.005801812333918543]
[-0.4170033146407608, 0.005760428049237047]
[-0.4170033146407608, 0.005760428049237047]
[-0.4170033146407608, 0.005760428049237047]
[-0.4170033146407608, 0.005760428049237047]
[-0.4170033146407608, 0.005760428049237047]
[-0.4170033146407608, 0.005760428049237047]
[-0.4170033146407608, 0.005760428049237047]
[-0.4170033146407608, 0.005760428049237047]
[-0.41423645963622885, 0.005696019621624723]
[-0.41423645963622885, 0.005696019621624723]
[-0.41423645963622885, 0.005696019621624723]
[-0.41423645963622885, 0.005696019621624723]
[-0.41423645963622885, 0.005696019621624723]
[-0.41423645963622885, 0.005696019621624723]
[-0.41423645963622885, 0.005696019621624723]
[-0.41423645963622885, 0.005696019621624723]
[-0.4112189380041333, 0.005654524994861604]
[-0.4112189380041333, 0.005654524994861604]
[-0.4112189380041333, 0.005654524994861604]
[-0.4112189380041333, 0.005654524994861604]
[-0.4112189380041333, 0.005654524994861604]
[-0.4112189380041333, 0.005654524994861604]
[-0.4112189380041333, 0.005654524994861604]
[-0.4112189380041333, 0.005654524994861604]
[-0.4087874072356847, 0.005638821846139012]
[-0.4087874072356847, 0.005638821846139012]
[-0.4087874072356847, 0.005638821846139012]
[-0.4087874072356847, 0.005638821846139012]
[-0.4087874072356847, 0.005638821846139012]
[-0.4087874072356847, 0.005638821846139012]
[-0.4087874072356847, 0.005638821846139012]
[-0.4087874072356847, 0.005638821846139012]
[-0.40599156611996173, 0.005568305827009396]
[-0.40599156611996173, 0.005568305827009396]
[-0.40599156611996173, 0.005568305827009396]
[-0.40599156611996173, 0.005568305827009396]
[-0.40599156611996173, 0.005568305827009396]
[-0.40599156611996173, 0.005568305827009396]
[-0.40599156611996173, 0.005568305827009396]
[-0.40599156611996173, 0.005568305827009396]
[-0.40346754466881585, 0.005496013787660438]
[-0.40346754466881585, 0.005496013787660438]
[-0.40346754466881585, 0.005496013787660438]
[-0.40346754466881585, 0.005496013787660438]
[-0.40346754466881585, 0.005496013787660438]
[-0.40346754466881585, 0.005496013787660438]
[-0.40346754466881585, 0.005496013787660438]
[-0.40346754466881585, 0.005496013787660438]
[-0.4006815790523009, 0.00541387473831607]
[-0.4006815790523009, 0.00541387473831607]
[-0.4006815790523009, 0.00541387473831607]
[-0.4006815790523009, 0.00541387473831607]
[-0.4006815790523009, 0.00541387473831607]
[-0.4006815790523009, 0.00541387473831607]
[-0.4006815790523009, 0.00541387473831607]
[-0.4006815790523009, 0.00541387473831607]
[-0.39785352735669416, 0.005349688676088851]
[-0.39785352735669416, 0.005349688676088851]
[-0.39785352735669416, 0.005349688676088851]
[-0.39785352735669416, 0.005349688676088851]
[-0.39785352735669416, 0.005349688676088851]
[-0.39785352735669416, 0.005349688676088851]
[-0.39785352735669416, 0.005349688676088851]
[-0.39785352735669416, 0.005349688676088851]
[-0.39456447260740013, 0.005299822101303582]
[-0.39456447260740013, 0.005299822101303582]
[-0.39456447260740013, 0.005299822101303582]
[-0.39456447260740013, 0.005299822101303582]
[-0.39456447260740013, 0.005299822101303582]
[-0.39456447260740013, 0.005299822101303582]
[-0.39456447260740013, 0.005299822101303582]
[-0.39456447260740013, 0.005299822101303582]
[-0.39179262092113604, 0.005281943020266278]
[-0.39179262092113604, 0.005281943020266278]
[-0.39179262092113604, 0.005281943020266278]
[-0.39179262092113604, 0.005281943020266278]
[-0.39179262092113604, 0.005281943020266278]
[-0.39179262092113604, 0.005281943020266278]
[-0.39179262092113604, 0.005281943020266278]
[-0.39179262092113604, 0.005281943020266278]
[-0.3890640607639191, 0.005253004067914851]
[-0.3890640607639191, 0.005253004067914851]
[-0.3890640607639191, 0.005253004067914851]
[-0.3890640607639191, 0.005253004067914851]
[-0.3890640607639191, 0.005253004067914851]
[-0.3890640607639191, 0.005253004067914851]
[-0.3890640607639191, 0.005253004067914851]
[-0.3890640607639191, 0.005253004067914851]
[-0.38643069372886224, 0.005209458320293851]
[-0.38643069372886224, 0.005209458320293851]
[-0.38643069372886224, 0.005209458320293851]
[-0.38643069372886224, 0.005209458320293851]
[-0.38643069372886224, 0.005209458320293851]
[-0.38643069372886224, 0.005209458320293851]
[-0.38643069372886224, 0.005209458320293851]
[-0.38643069372886224, 0.005209458320293851]
[-0.3833519923898141, 0.005173027912218287]
[-0.3833519923898141, 0.005173027912218287]
[-0.3833519923898141, 0.005173027912218287]
[-0.3833519923898141, 0.005173027912218287]
[-0.3833519923898141, 0.005173027912218287]
[-0.3833519923898141, 0.005173027912218287]
[-0.3833519923898141, 0.005173027912218287]
[-0.3833519923898141, 0.005173027912218287]
[-0.3803858342381167, 0.0051796715986925255]
[-0.3803858342381167, 0.0051796715986925255]
[-0.3803858342381167, 0.0051796715986925255]
[-0.3803858342381167, 0.0051796715986925255]
[-0.3803858342381167, 0.0051796715986925255]
[-0.3803858342381167, 0.0051796715986925255]
[-0.3803858342381167, 0.0051796715986925255]
[-0.3803858342381167, 0.0051796715986925255]
[-0.377740623128153, 0.00517576070338319]
[-0.377740623128153, 0.00517576070338319]
[-0.377740623128153, 0.00517576070338319]
[-0.377740623128153, 0.00517576070338319]
[-0.377740623128153, 0.00517576070338319]
[-0.377740623128153, 0.00517576070338319]
[-0.377740623128153, 0.00517576070338319]
[-0.377740623128153, 0.00517576070338319]
[-0.37475974161986936, 0.00514890645485124]
[-0.37475974161986936, 0.00514890645485124]
[-0.37475974161986936, 0.00514890645485124]
[-0.37475974161986936, 0.00514890645485124]
[-0.37475974161986936, 0.00514890645485124]
[-0.37475974161986936, 0.00514890645485124]
[-0.37475974161986936, 0.00514890645485124]
[-0.37475974161986936, 0.00514890645485124]
[-0.3717575466276179, 0.0051309412126039605]
[-0.3717575466276179, 0.0051309412126039605]
[-0.3717575466276179, 0.0051309412126039605]
[-0.3717575466276179, 0.0051309412126039605]
[-0.3717575466276179, 0.0051309412126039605]
[-0.3717575466276179, 0.0051309412126039605]
[-0.3717575466276179, 0.0051309412126039605]
[-0.3717575466276179, 0.0051309412126039605]
[-0.36868391470432993, 0.005115491484101594]
[-0.36868391470432993, 0.005115491484101594]
[-0.36868391470432993, 0.005115491484101594]
[-0.36868391470432993, 0.005115491484101594]
[-0.36868391470432993, 0.005115491484101594]
[-0.36868391470432993, 0.005115491484101594]
[-0.36868391470432993, 0.005115491484101594]
[-0.36868391470432993, 0.005115491484101594]
[-0.3657073284984326, 0.005103572536517944]
[-0.3657073284984326, 0.005103572536517944]
[-0.3657073284984326, 0.005103572536517944]
[-0.3657073284984326, 0.005103572536517944]
[-0.3657073284984326, 0.005103572536517944]
[-0.3657073284984326, 0.005103572536517944]
[-0.3657073284984326, 0.005103572536517944]
[-0.3657073284984326, 0.005103572536517944]
[-0.36298292327296056, 0.005092273540862064]
[-0.36298292327296056, 0.005092273540862064]
[-0.36298292327296056, 0.005092273540862064]
[-0.36298292327296056, 0.005092273540862064]
[-0.36298292327296056, 0.005092273540862064]
[-0.36298292327296056, 0.005092273540862064]
[-0.36298292327296056, 0.005092273540862064]
[-0.36298292327296056, 0.005092273540862064]
[-0.36080089276132543, 0.0050695955496760205]
[-0.36080089276132543, 0.0050695955496760205]
[-0.36080089276132543, 0.0050695955496760205]
[-0.36080089276132543, 0.0050695955496760205]
[-0.36080089276132543, 0.0050695955496760205]
[-0.36080089276132543, 0.0050695955496760205]
[-0.36080089276132543, 0.0050695955496760205]
[-0.36080089276132543, 0.0050695955496760205]
[-0.3583131846183632, 0.004988197019652861]
[-0.3583131846183632, 0.004988197019652861]
[-0.3583131846183632, 0.004988197019652861]
[-0.3583131846183632, 0.004988197019652861]
[-0.3583131846183632, 0.004988197019652861]
[-0.3583131846183632, 0.004988197019652861]
[-0.3583131846183632, 0.004988197019652861]
[-0.3583131846183632, 0.004988197019652861]
[-0.3556072957506148, 0.004917561524449782]
[-0.3556072957506148, 0.004917561524449782]
[-0.3556072957506148, 0.004917561524449782]
[-0.3556072957506148, 0.004917561524449782]
[-0.3556072957506148, 0.004917561524449782]
[-0.3556072957506148, 0.004917561524449782]
[-0.3556072957506148, 0.004917561524449782]
[-0.3556072957506148, 0.004917561524449782]
[-0.35276950016899816, 0.004873889964878244]
[-0.35276950016899816, 0.004873889964878244]
[-0.35276950016899816, 0.004873889964878244]
[-0.35276950016899816, 0.004873889964878244]
[-0.35276950016899816, 0.004873889964878244]
[-0.35276950016899816, 0.004873889964878244]
[-0.35276950016899816, 0.004873889964878244]
[-0.35276950016899816, 0.004873889964878244]
[-0.350221360805777, 0.004837967886562127]
[-0.350221360805777, 0.004837967886562127]
[-0.350221360805777, 0.004837967886562127]
[-0.350221360805777, 0.004837967886562127]
[-0.350221360805777, 0.004837967886562127]
[-0.350221360805777, 0.004837967886562127]
[-0.350221360805777, 0.004837967886562127]
[-0.350221360805777, 0.004837967886562127]
[-0.3475698232110287, 0.0047836711012588275]
[-0.3475698232110287, 0.0047836711012588275]
[-0.3475698232110287, 0.0047836711012588275]
[-0.3475698232110287, 0.0047836711012588275]
[-0.3475698232110287, 0.0047836711012588275]
[-0.3475698232110287, 0.0047836711012588275]
[-0.3475698232110287, 0.0047836711012588275]
[-0.3475698232110287, 0.0047836711012588275]
[-0.34520547673989843, 0.004722314746549653]
[-0.34520547673989843, 0.004722314746549653]
[-0.34520547673989843, 0.004722314746549653]
[-0.34520547673989843, 0.004722314746549653]
[-0.34520547673989843, 0.004722314746549653]
[-0.34520547673989843, 0.004722314746549653]
[-0.34520547673989843, 0.004722314746549653]
[-0.34520547673989843, 0.004722314746549653]
[-0.34247645034787405, 0.0046418124161624495]
[-0.34247645034787405, 0.0046418124161624495]
[-0.34247645034787405, 0.0046418124161624495]
[-0.34247645034787405, 0.0046418124161624495]
[-0.34247645034787405, 0.0046418124161624495]
[-0.34247645034787405, 0.0046418124161624495]
[-0.34247645034787405, 0.0046418124161624495]
[-0.34247645034787405, 0.0046418124161624495]
[-0.33989263413438237, 0.004597240853553276]
[-0.33989263413438237, 0.004597240853553276]
[-0.33989263413438237, 0.004597240853553276]
[-0.33989263413438237, 0.004597240853553276]
[-0.33989263413438237, 0.004597240853553276]
[-0.33989263413438237, 0.004597240853553276]
[-0.33989263413438237, 0.004597240853553276]
[-0.33989263413438237, 0.004597240853553276]
[-0.33736916745254203, 0.004567177702564073]
[-0.33736916745254203, 0.004567177702564073]
[-0.33736916745254203, 0.004567177702564073]
[-0.33736916745254203, 0.004567177702564073]
[-0.33736916745254203, 0.004567177702564073]
[-0.33736916745254203, 0.004567177702564073]
[-0.33736916745254203, 0.004567177702564073]
[-0.33736916745254203, 0.004567177702564073]
[-0.3341622829429962, 0.0045442286984916655]
[-0.3341622829429962, 0.0045442286984916655]
[-0.3341622829429962, 0.0045442286984916655]
[-0.3341622829429962, 0.0045442286984916655]
[-0.3341622829429962, 0.0045442286984916655]
[-0.3341622829429962, 0.0045442286984916655]
[-0.3341622829429962, 0.0045442286984916655]
[-0.3341622829429962, 0.0045442286984916655]
[-0.3315887376966329, 0.004556826919348313]
[-0.3315887376966329, 0.004556826919348313]
[-0.3315887376966329, 0.004556826919348313]
[-0.3315887376966329, 0.004556826919348313]
[-0.3315887376966329, 0.004556826919348313]
[-0.3315887376966329, 0.004556826919348313]
[-0.3315887376966329, 0.004556826919348313]
[-0.3315887376966329, 0.004556826919348313]
[-0.3287559893994537, 0.004523645769396861]
[-0.3287559893994537, 0.004523645769396861]
[-0.3287559893994537, 0.004523645769396861]
[-0.3287559893994537, 0.004523645769396861]
[-0.3287559893994537, 0.004523645769396861]
[-0.3287559893994537, 0.004523645769396861]
[-0.3287559893994537, 0.004523645769396861]
[-0.3287559893994537, 0.004523645769396861]
[-0.3259892438589368, 0.004486788901249437]
[-0.3259892438589368, 0.004486788901249437]
[-0.3259892438589368, 0.004486788901249437]
[-0.3259892438589368, 0.004486788901249437]
[-0.3259892438589368, 0.004486788901249437]
[-0.3259892438589368, 0.004486788901249437]
[-0.3259892438589368, 0.004486788901249437]
[-0.3259892438589368, 0.004486788901249437]
[-0.3232366879390102, 0.004452005195537625]
[-0.3232366879390102, 0.004452005195537625]
[-0.3232366879390102, 0.004452005195537625]
[-0.3232366879390102, 0.004452005195537625]
[-0.3232366879390102, 0.004452005195537625]
[-0.3232366879390102, 0.004452005195537625]
[-0.3232366879390102, 0.004452005195537625]
[-0.3232366879390102, 0.004452005195537625]
[-0.32097067747946584, 0.004412862130498315]
[-0.32097067747946584, 0.004412862130498315]
[-0.32097067747946584, 0.004412862130498315]
[-0.32097067747946584, 0.004412862130498315]
[-0.32097067747946584, 0.004412862130498315]
[-0.32097067747946584, 0.004412862130498315]
[-0.32097067747946584, 0.004412862130498315]
[-0.32097067747946584, 0.004412862130498315]
[-0.31817381632424097, 0.004340563191370067]
[-0.31817381632424097, 0.004340563191370067]
[-0.31817381632424097, 0.004340563191370067]
[-0.31817381632424097, 0.004340563191370067]
[-0.31817381632424097, 0.004340563191370067]
[-0.31817381632424097, 0.004340563191370067]
[-0.31817381632424097, 0.004340563191370067]
[-0.31817381632424097, 0.004340563191370067]
[-0.3159219883438804, 0.004288921161836279]
[-0.3159219883438804, 0.004288921161836279]
[-0.3159219883438804, 0.004288921161836279]
[-0.3159219883438804, 0.004288921161836279]
[-0.3159219883438804, 0.004288921161836279]
[-0.3159219883438804, 0.004288921161836279]
[-0.3159219883438804, 0.004288921161836279]
[-0.3159219883438804, 0.004288921161836279]
[-0.3128180268701037, 0.004202626186717688]
[-0.3128180268701037, 0.004202626186717688]
[-0.3128180268701037, 0.004202626186717688]
[-0.3128180268701037, 0.004202626186717688]
[-0.3128180268701037, 0.004202626186717688]
[-0.3128180268701037, 0.004202626186717688]
[-0.3128180268701037, 0.004202626186717688]
[-0.3128180268701037, 0.004202626186717688]
[-0.31077681729651113, 0.004194533998194277]
[-0.31077681729651113, 0.004194533998194277]
[-0.31077681729651113, 0.004194533998194277]
[-0.31077681729651113, 0.004194533998194277]
[-0.31077681729651113, 0.004194533998194277]
[-0.31077681729651113, 0.004194533998194277]
[-0.31077681729651113, 0.004194533998194277]
[-0.31077681729651113, 0.004194533998194277]
[-0.30820227070329004, 0.004136753426877526]
[-0.30820227070329004, 0.004136753426877526]
[-0.30820227070329004, 0.004136753426877526]
[-0.30820227070329004, 0.004136753426877526]
[-0.30820227070329004, 0.004136753426877526]
[-0.30820227070329004, 0.004136753426877526]
[-0.30820227070329004, 0.004136753426877526]
[-0.30820227070329004, 0.004136753426877526]
[-0.30549756761006885, 0.004107240675745521]
[-0.30549756761006885, 0.004107240675745521]
[-0.30549756761006885, 0.004107240675745521]
[-0.30549756761006885, 0.004107240675745521]
[-0.30549756761006885, 0.004107240675745521]
[-0.30549756761006885, 0.004107240675745521]
[-0.30549756761006885, 0.004107240675745521]
[-0.30549756761006885, 0.004107240675745521]
[-0.30296472409099695, 0.00409100311452906]
[-0.30296472409099695, 0.00409100311452906]
[-0.30296472409099695, 0.00409100311452906]
[-0.30296472409099695, 0.00409100311452906]
[-0.30296472409099695, 0.00409100311452906]
[-0.30296472409099695, 0.00409100311452906]
[-0.30296472409099695, 0.00409100311452906]
[-0.30296472409099695, 0.00409100311452906]
[-0.29993775507271925, 0.004069372313476768]
[-0.29993775507271925, 0.004069372313476768]
[-0.29993775507271925, 0.004069372313476768]
[-0.29993775507271925, 0.004069372313476768]
[-0.29993775507271925, 0.004069372313476768]
[-0.29993775507271925, 0.004069372313476768]
[-0.29993775507271925, 0.004069372313476768]
[-0.29993775507271925, 0.004069372313476768]
[-0.2970961645584979, 0.004072209923220236]
[-0.2970961645584979, 0.004072209923220236]
[-0.2970961645584979, 0.004072209923220236]
[-0.2970961645584979, 0.004072209923220236]
[-0.2970961645584979, 0.004072209923220236]
[-0.2970961645584979, 0.004072209923220236]
[-0.2970961645584979, 0.004072209923220236]
[-0.2970961645584979, 0.004072209923220236]
[-0.29438723356692464, 0.004072966479518917]
[-0.29438723356692464, 0.004072966479518917]
[-0.29438723356692464, 0.004072966479518917]
[-0.29438723356692464, 0.004072966479518917]
[-0.29438723356692464, 0.004072966479518917]
[-0.29438723356692464, 0.004072966479518917]
[-0.29438723356692464, 0.004072966479518917]
[-0.29438723356692464, 0.004072966479518917]
[-0.2919238324823801, 0.004073929215509571]
[-0.2919238324823801, 0.004073929215509571]
[-0.2919238324823801, 0.004073929215509571]
[-0.2919238324823801, 0.004073929215509571]
[-0.2919238324823801, 0.004073929215509571]
[-0.2919238324823801, 0.004073929215509571]
[-0.2919238324823801, 0.004073929215509571]
[-0.2919238324823801, 0.004073929215509571]
[-0.28929949820177736, 0.004072749128962908]
[-0.28929949820177736, 0.004072749128962908]
[-0.28929949820177736, 0.004072749128962908]
[-0.28929949820177736, 0.004072749128962908]
[-0.28929949820177736, 0.004072749128962908]
[-0.28929949820177736, 0.004072749128962908]
[-0.28929949820177736, 0.004072749128962908]
[-0.28929949820177736, 0.004072749128962908]
[-0.28677521085612756, 0.00407288331592053]
[-0.28677521085612756, 0.00407288331592053]
[-0.28677521085612756, 0.00407288331592053]
[-0.28677521085612756, 0.00407288331592053]
[-0.28677521085612756, 0.00407288331592053]
[-0.28677521085612756, 0.00407288331592053]
[-0.28677521085612756, 0.00407288331592053]
[-0.28677521085612756, 0.00407288331592053]
[-0.28433151045326066, 0.004067168842321392]
[-0.28433151045326066, 0.004067168842321392]
[-0.28433151045326066, 0.004067168842321392]
[-0.28433151045326066, 0.004067168842321392]
[-0.28433151045326066, 0.004067168842321392]
[-0.28433151045326066, 0.004067168842321392]
[-0.28433151045326066, 0.004067168842321392]
[-0.28433151045326066, 0.004067168842321392]
[-0.2817830104262166, 0.004041963831567575]
[-0.2817830104262166, 0.004041963831567575]
[-0.2817830104262166, 0.004041963831567575]
[-0.2817830104262166, 0.004041963831567575]
[-0.2817830104262166, 0.004041963831567575]
[-0.2817830104262166, 0.004041963831567575]
[-0.2817830104262166, 0.004041963831567575]
[-0.2817830104262166, 0.004041963831567575]
[-0.2792886014069086, 0.004008666326000025]
[-0.2792886014069086, 0.004008666326000025]
[-0.2792886014069086, 0.004008666326000025]
[-0.2792886014069086, 0.004008666326000025]
[-0.2792886014069086, 0.004008666326000025]
[-0.2792886014069086, 0.004008666326000025]
[-0.2792886014069086, 0.004008666326000025]
[-0.2792886014069086, 0.004008666326000025]
[-0.2767181073738048, 0.003979118051458783]
[-0.2767181073738048, 0.003979118051458783]
[-0.2767181073738048, 0.003979118051458783]
[-0.2767181073738048, 0.003979118051458783]
[-0.2767181073738048, 0.003979118051458783]
[-0.2767181073738048, 0.003979118051458783]
[-0.2767181073738048, 0.003979118051458783]
[-0.2767181073738048, 0.003979118051458783]
[-0.2742677189835432, 0.003951557562395607]
[-0.2742677189835432, 0.003951557562395607]
[-0.2742677189835432, 0.003951557562395607]
[-0.2742677189835432, 0.003951557562395607]
[-0.2742677189835432, 0.003951557562395607]
[-0.2742677189835432, 0.003951557562395607]
[-0.2742677189835432, 0.003951557562395607]
[-0.2742677189835432, 0.003951557562395607]
[-0.27178827126186456, 0.003923140409310826]
[-0.27178827126186456, 0.003923140409310826]
[-0.27178827126186456, 0.003923140409310826]
[-0.27178827126186456, 0.003923140409310826]
[-0.27178827126186456, 0.003923140409310826]
[-0.27178827126186456, 0.003923140409310826]
[-0.27178827126186456, 0.003923140409310826]
[-0.27178827126186456, 0.003923140409310826]
[-0.2694882152309148, 0.0038993847791907923]
[-0.2694882152309148, 0.0038993847791907923]
[-0.2694882152309148, 0.0038993847791907923]
[-0.2694882152309148, 0.0038993847791907923]
[-0.2694882152309148, 0.0038993847791907923]
[-0.2694882152309148, 0.0038993847791907923]
[-0.2694882152309148, 0.0038993847791907923]
[-0.2694882152309148, 0.0038993847791907923]
[-0.2671748664779895, 0.0038679058956490367]
[-0.2671748664779895, 0.0038679058956490367]
[-0.2671748664779895, 0.0038679058956490367]
[-0.2671748664779895, 0.0038679058956490367]
[-0.2671748664779895, 0.0038679058956490367]
[-0.2671748664779895, 0.0038679058956490367]
[-0.2671748664779895, 0.0038679058956490367]
[-0.2671748664779895, 0.0038679058956490367]
[-0.26483871247188495, 0.0038128672941898406]
[-0.26483871247188495, 0.0038128672941898406]
[-0.26483871247188495, 0.0038128672941898406]
[-0.26483871247188495, 0.0038128672941898406]
[-0.26483871247188495, 0.0038128672941898406]
[-0.26483871247188495, 0.0038128672941898406]
[-0.26483871247188495, 0.0038128672941898406]
[-0.26483871247188495, 0.0038128672941898406]
[-0.2621942383353151, 0.003742681258299048]
[-0.2621942383353151, 0.003742681258299048]
[-0.2621942383353151, 0.003742681258299048]
[-0.2621942383353151, 0.003742681258299048]
[-0.2621942383353151, 0.003742681258299048]
[-0.2621942383353151, 0.003742681258299048]
[-0.2621942383353151, 0.003742681258299048]
[-0.2621942383353151, 0.003742681258299048]
[-0.2597188052878199, 0.003707506945595095]
[-0.2597188052878199, 0.003707506945595095]
[-0.2597188052878199, 0.003707506945595095]
[-0.2597188052878199, 0.003707506945595095]
[-0.2597188052878199, 0.003707506945595095]
[-0.2597188052878199, 0.003707506945595095]
[-0.2597188052878199, 0.003707506945595095]
[-0.2597188052878199, 0.003707506945595095]
[-0.2569558394032582, 0.003688755562219885]
[-0.2569558394032582, 0.003688755562219885]
[-0.2569558394032582, 0.003688755562219885]
[-0.2569558394032582, 0.003688755562219885]
[-0.2569558394032582, 0.003688755562219885]
[-0.2569558394032582, 0.003688755562219885]
[-0.2569558394032582, 0.003688755562219885]
[-0.2569558394032582, 0.003688755562219885]
[-0.2544456388369396, 0.003689907236913895]
[-0.2544456388369396, 0.003689907236913895]
[-0.2544456388369396, 0.003689907236913895]
[-0.2544456388369396, 0.003689907236913895]
[-0.2544456388369396, 0.003689907236913895]
[-0.2544456388369396, 0.003689907236913895]
[-0.2544456388369396, 0.003689907236913895]
[-0.2544456388369396, 0.003689907236913895]
[-0.2519099894286015, 0.0036821175952464636]
[-0.2519099894286015, 0.0036821175952464636]
[-0.2519099894286015, 0.0036821175952464636]
[-0.2519099894286015, 0.0036821175952464636]
[-0.2519099894286015, 0.0036821175952464636]
[-0.2519099894286015, 0.0036821175952464636]
[-0.2519099894286015, 0.0036821175952464636]
[-0.2519099894286015, 0.0036821175952464636]
[-0.24923369738836723, 0.0036781903158289407]
[-0.24923369738836723, 0.0036781903158289407]
[-0.24923369738836723, 0.0036781903158289407]
[-0.24923369738836723, 0.0036781903158289407]
[-0.24923369738836723, 0.0036781903158289407]
[-0.24923369738836723, 0.0036781903158289407]
[-0.24923369738836723, 0.0036781903158289407]
[-0.24923369738836723, 0.0036781903158289407]
[-0.24681324298920787, 0.003701031859540876]
[-0.24681324298920787, 0.003701031859540876]
[-0.24681324298920787, 0.003701031859540876]
[-0.24681324298920787, 0.003701031859540876]
[-0.24681324298920787, 0.003701031859540876]
[-0.24681324298920787, 0.003701031859540876]
[-0.24681324298920787, 0.003701031859540876]
[-0.24681324298920787, 0.003701031859540876]
[-0.24430979569600153, 0.003709440835192235]
[-0.24430979569600153, 0.003709440835192235]
[-0.24430979569600153, 0.003709440835192235]
[-0.24430979569600153, 0.003709440835192235]
[-0.24430979569600153, 0.003709440835192235]
[-0.24430979569600153, 0.003709440835192235]
[-0.24430979569600153, 0.003709440835192235]
[-0.24430979569600153, 0.003709440835192235]
[-0.2419881131317589, 0.003706839964207086]
[-0.2419881131317589, 0.003706839964207086]
[-0.2419881131317589, 0.003706839964207086]
[-0.2419881131317589, 0.003706839964207086]
[-0.2419881131317589, 0.003706839964207086]
[-0.2419881131317589, 0.003706839964207086]
[-0.2419881131317589, 0.003706839964207086]
[-0.2419881131317589, 0.003706839964207086]
[-0.2393417479207216, 0.0037011558684344943]
[-0.2393417479207216, 0.0037011558684344943]
[-0.2393417479207216, 0.0037011558684344943]
[-0.2393417479207216, 0.0037011558684344943]
[-0.2393417479207216, 0.0037011558684344943]
[-0.2393417479207216, 0.0037011558684344943]
[-0.2393417479207216, 0.0037011558684344943]
[-0.2393417479207216, 0.0037011558684344943]
[-0.23683390930626472, 0.0037085461881436175]
[-0.23683390930626472, 0.0037085461881436175]
[-0.23683390930626472, 0.0037085461881436175]
[-0.23683390930626472, 0.0037085461881436175]
[-0.23683390930626472, 0.0037085461881436175]
[-0.23683390930626472, 0.0037085461881436175]
[-0.23683390930626472, 0.0037085461881436175]
[-0.23683390930626472, 0.0037085461881436175]
[-0.23434829599334203, 0.0037149035445584225]
[-0.23434829599334203, 0.0037149035445584225]
[-0.23434829599334203, 0.0037149035445584225]
[-0.23434829599334203, 0.0037149035445584225]
[-0.23434829599334203, 0.0037149035445584225]
[-0.23434829599334203, 0.0037149035445584225]
[-0.23434829599334203, 0.0037149035445584225]
[-0.23434829599334203, 0.0037149035445584225]
[-0.23189550784358026, 0.0037201334235677074]
[-0.23189550784358026, 0.0037201334235677074]
[-0.23189550784358026, 0.0037201334235677074]
[-0.23189550784358026, 0.0037201334235677074]
[-0.23189550784358026, 0.0037201334235677074]
[-0.23189550784358026, 0.0037201334235677074]
[-0.23189550784358026, 0.0037201334235677074]
[-0.23189550784358026, 0.0037201334235677074]
[-0.2291778828638099, 0.0037295057378507555]
[-0.2291778828638099, 0.0037295057378507555]
[-0.2291778828638099, 0.0037295057378507555]
[-0.2291778828638099, 0.0037295057378507555]
[-0.2291778828638099, 0.0037295057378507555]
[-0.2291778828638099, 0.0037295057378507555]
[-0.2291778828638099, 0.0037295057378507555]
[-0.2291778828638099, 0.0037295057378507555]
[-0.22656463977692076, 0.0037568849057671235]
[-0.22656463977692076, 0.0037568849057671235]
[-0.22656463977692076, 0.0037568849057671235]
[-0.22656463977692076, 0.0037568849057671235]
[-0.22656463977692076, 0.0037568849057671235]
[-0.22656463977692076, 0.0037568849057671235]
[-0.22656463977692076, 0.0037568849057671235]
[-0.22656463977692076, 0.0037568849057671235]
[-0.2243956557747645, 0.003799440056769018]
[-0.2243956557747645, 0.003799440056769018]
[-0.2243956557747645, 0.003799440056769018]
[-0.2243956557747645, 0.003799440056769018]
[-0.2243956557747645, 0.003799440056769018]
[-0.2243956557747645, 0.003799440056769018]
[-0.2243956557747645, 0.003799440056769018]
[-0.2243956557747645, 0.003799440056769018]
[-0.22202531010257373, 0.0038382360113375273]
[-0.22202531010257373, 0.0038382360113375273]
[-0.22202531010257373, 0.0038382360113375273]
[-0.22202531010257373, 0.0038382360113375273]
[-0.22202531010257373, 0.0038382360113375273]
[-0.22202531010257373, 0.0038382360113375273]
[-0.22202531010257373, 0.0038382360113375273]
[-0.22202531010257373, 0.0038382360113375273]
[-0.21985149583043792, 0.0038837660791874646]
[-0.21985149583043792, 0.0038837660791874646]
[-0.21985149583043792, 0.0038837660791874646]
[-0.21985149583043792, 0.0038837660791874646]
[-0.21985149583043792, 0.0038837660791874646]
[-0.21985149583043792, 0.0038837660791874646]
[-0.21985149583043792, 0.0038837660791874646]
[-0.21985149583043792, 0.0038837660791874646]
[-0.2168664986899672, 0.003932300070116239]
[-0.2168664986899672, 0.003932300070116239]
[-0.2168664986899672, 0.003932300070116239]
[-0.2168664986899672, 0.003932300070116239]
[-0.2168664986899672, 0.003932300070116239]
[-0.2168664986899672, 0.003932300070116239]
[-0.2168664986899672, 0.003932300070116239]
[-0.2168664986899672, 0.003932300070116239]
[-0.21425565824622297, 0.0039994750553593375]
[-0.21425565824622297, 0.0039994750553593375]
[-0.21425565824622297, 0.0039994750553593375]
[-0.21425565824622297, 0.0039994750553593375]
[-0.21425565824622297, 0.0039994750553593375]
[-0.21425565824622297, 0.0039994750553593375]
[-0.21425565824622297, 0.0039994750553593375]
[-0.21425565824622297, 0.0039994750553593375]
[-0.21137687707881428, 0.004056664729135558]
[-0.21137687707881428, 0.004056664729135558]
[-0.21137687707881428, 0.004056664729135558]
[-0.21137687707881428, 0.004056664729135558]
[-0.21137687707881428, 0.004056664729135558]
[-0.21137687707881428, 0.004056664729135558]
[-0.21137687707881428, 0.004056664729135558]
[-0.21137687707881428, 0.004056664729135558]
[-0.2086474308191586, 0.004114352148854145]
[-0.2086474308191586, 0.004114352148854145]
[-0.2086474308191586, 0.004114352148854145]
[-0.2086474308191586, 0.004114352148854145]
[-0.2086474308191586, 0.004114352148854145]
[-0.2086474308191586, 0.004114352148854145]
[-0.2086474308191586, 0.004114352148854145]
[-0.2086474308191586, 0.004114352148854145]
[-0.20574047881188823, 0.004183003678522081]
[-0.20574047881188823, 0.004183003678522081]
[-0.20574047881188823, 0.004183003678522081]
[-0.20574047881188823, 0.004183003678522081]
[-0.20574047881188823, 0.004183003678522081]
[-0.20574047881188823, 0.004183003678522081]
[-0.20574047881188823, 0.004183003678522081]
[-0.20574047881188823, 0.004183003678522081]
