[-0.731574831054457, 0.008838887817212369]
[-0.731574831054457, 0.008838887817212369]
[-0.731574831054457, 0.008838887817212369]
[-0.731574831054457, 0.008838887817212369]
[-0.731574831054457, 0.008838887817212369]
[-0.731574831054457, 0.008838887817212369]
[-0.731574831054457, 0.008838887817212369]
[-0.731574831054457, 0.008838887817212369]
[-0.7298170680847518, 0.01050273220288304]
[-0.7298170680847518, 0.01050273220288304]
[-0.7298170680847518, 0.01050273220288304]
[-0.7298170680847518, 0.01050273220288304]
[-0.7298170680847518, 0.01050273220288304]
[-0.7298170680847518, 0.01050273220288304]
[-0.7298170680847518, 0.01050273220288304]
[-0.7298170680847518, 0.01050273220288304]
[-0.7277674610052708, 0.011956999255033867]
[-0.7277674610052708, 0.011956999255033867]
[-0.7277674610052708, 0.011956999255033867]
[-0.7277674610052708, 0.011956999255033867]
[-0.7277674610052708, 0.011956999255033867]
[-0.7277674610052708, 0.011956999255033867]
[-0.7277674610052708, 0.011956999255033867]
[-0.7277674610052708, 0.011956999255033867]
[-0.7254842869129388, 0.013601610430537155]
[-0.7254842869129388, 0.013601610430537155]
[-0.7254842869129388, 0.013601610430537155]
[-0.7254842869129388, 0.013601610430537155]
[-0.7254842869129388, 0.013601610430537155]
[-0.7254842869129388, 0.013601610430537155]
[-0.7254842869129388, 0.013601610430537155]
[-0.7254842869129388, 0.013601610430537155]
[-0.7228173063739698, 0.015547225133020561]
[-0.7228173063739698, 0.015547225133020561]
[-0.7228173063739698, 0.015547225133020561]
[-0.7228173063739698, 0.015547225133020561]
[-0.7228173063739698, 0.015547225133020561]
[-0.7228173063739698, 0.015547225133020561]
[-0.7228173063739698, 0.015547225133020561]
[-0.7228173063739698, 0.015547225133020561]
[-0.7204025497173485, 0.017310909276340058]
[-0.7204025497173485, 0.017310909276340058]
[-0.7204025497173485, 0.017310909276340058]
[-0.7204025497173485, 0.017310909276340058]
[-0.7204025497173485, 0.017310909276340058]
[-0.7204025497173485, 0.017310909276340058]
[-0.7204025497173485, 0.017310909276340058]
[-0.7204025497173485, 0.017310909276340058]
[-0.7178358746900905, 0.019071754761962077]
[-0.7178358746900905, 0.019071754761962077]
[-0.7178358746900905, 0.019071754761962077]
[-0.7178358746900905, 0.019071754761962077]
[-0.7178358746900905, 0.019071754761962077]
[-0.7178358746900905, 0.019071754761962077]
[-0.7178358746900905, 0.019071754761962077]
[-0.7178358746900905, 0.019071754761962077]
[-0.7155218053858365, 0.02060991433151421]
[-0.7155218053858365, 0.02060991433151421]
[-0.7155218053858365, 0.02060991433151421]
[-0.7155218053858365, 0.02060991433151421]
[-0.7155218053858365, 0.02060991433151421]
[-0.7155218053858365, 0.02060991433151421]
[-0.7155218053858365, 0.02060991433151421]
[-0.7155218053858365, 0.02060991433151421]
[-0.712830098281432, 0.022203777009308305]
[-0.712830098281432, 0.022203777009308305]
[-0.712830098281432, 0.022203777009308305]
[-0.712830098281432, 0.022203777009308305]
[-0.712830098281432, 0.022203777009308305]
[-0.712830098281432, 0.022203777009308305]
[-0.712830098281432, 0.022203777009308305]
[-0.712830098281432, 0.022203777009308305]
[-0.7099168123111185, 0.02373316823738]
[-0.7099168123111185, 0.02373316823738]
[-0.7099168123111185, 0.02373316823738]
[-0.7099168123111185, 0.02373316823738]
[-0.7099168123111185, 0.02373316823738]
[-0.7099168123111185, 0.02373316823738]
[-0.7099168123111185, 0.02373316823738]
[-0.7099168123111185, 0.02373316823738]
[-0.7065690634198609, 0.025244293738114584]
[-0.7065690634198609, 0.025244293738114584]
[-0.7065690634198609, 0.025244293738114584]
[-0.7065690634198609, 0.025244293738114584]
[-0.7065690634198609, 0.025244293738114584]
[-0.7065690634198609, 0.025244293738114584]
[-0.7065690634198609, 0.025244293738114584]
[-0.7065690634198609, 0.025244293738114584]
[-0.7028402811121036, 0.02678678657090668]
[-0.7028402811121036, 0.02678678657090668]
[-0.7028402811121036, 0.02678678657090668]
[-0.7028402811121036, 0.02678678657090668]
[-0.7028402811121036, 0.02678678657090668]
[-0.7028402811121036, 0.02678678657090668]
[-0.7028402811121036, 0.02678678657090668]
[-0.7028402811121036, 0.02678678657090668]
[-0.6995575913949383, 0.028087425094364]
[-0.6995575913949383, 0.028087425094364]
[-0.6995575913949383, 0.028087425094364]
[-0.6995575913949383, 0.028087425094364]
[-0.6995575913949383, 0.028087425094364]
[-0.6995575913949383, 0.028087425094364]
[-0.6995575913949383, 0.028087425094364]
[-0.6995575913949383, 0.028087425094364]
[-0.6958961941269106, 0.029467810613356252]
[-0.6958961941269106, 0.029467810613356252]
[-0.6958961941269106, 0.029467810613356252]
[-0.6958961941269106, 0.029467810613356252]
[-0.6958961941269106, 0.029467810613356252]
[-0.6958961941269106, 0.029467810613356252]
[-0.6958961941269106, 0.029467810613356252]
[-0.6958961941269106, 0.029467810613356252]
[-0.6926874041061005, 0.03060604750739049]
[-0.6926874041061005, 0.03060604750739049]
[-0.6926874041061005, 0.03060604750739049]
[-0.6926874041061005, 0.03060604750739049]
[-0.6926874041061005, 0.03060604750739049]
[-0.6926874041061005, 0.03060604750739049]
[-0.6926874041061005, 0.03060604750739049]
[-0.6926874041061005, 0.03060604750739049]
[-0.6897484496895985, 0.03156711424952282]
[-0.6897484496895985, 0.03156711424952282]
[-0.6897484496895985, 0.03156711424952282]
[-0.6897484496895985, 0.03156711424952282]
[-0.6897484496895985, 0.03156711424952282]
[-0.6897484496895985, 0.03156711424952282]
[-0.6897484496895985, 0.03156711424952282]
[-0.6897484496895985, 0.03156711424952282]
[-0.6859346165985833, 0.03270298618458317]
[-0.6859346165985833, 0.03270298618458317]
[-0.6859346165985833, 0.03270298618458317]
[-0.6859346165985833, 0.03270298618458317]
[-0.6859346165985833, 0.03270298618458317]
[-0.6859346165985833, 0.03270298618458317]
[-0.6859346165985833, 0.03270298618458317]
[-0.6859346165985833, 0.03270298618458317]
[-0.6830831073372285, 0.03351961474534139]
[-0.6830831073372285, 0.03351961474534139]
[-0.6830831073372285, 0.03351961474534139]
[-0.6830831073372285, 0.03351961474534139]
[-0.6830831073372285, 0.03351961474534139]
[-0.6830831073372285, 0.03351961474534139]
[-0.6830831073372285, 0.03351961474534139]
[-0.6830831073372285, 0.03351961474534139]
[-0.6794289470955323, 0.03441023288960847]
[-0.6794289470955323, 0.03441023288960847]
[-0.6794289470955323, 0.03441023288960847]
[-0.6794289470955323, 0.03441023288960847]
[-0.6794289470955323, 0.03441023288960847]
[-0.6794289470955323, 0.03441023288960847]
[-0.6794289470955323, 0.03441023288960847]
[-0.6794289470955323, 0.03441023288960847]
[-0.6760070126619292, 0.03521607527228648]
[-0.6760070126619292, 0.03521607527228648]
[-0.6760070126619292, 0.03521607527228648]
[-0.6760070126619292, 0.03521607527228648]
[-0.6760070126619292, 0.03521607527228648]
[-0.6760070126619292, 0.03521607527228648]
[-0.6760070126619292, 0.03521607527228648]
[-0.6760070126619292, 0.03521607527228648]
[-0.6727860463755054, 0.0359122120026694]
[-0.6727860463755054, 0.0359122120026694]
[-0.6727860463755054, 0.0359122120026694]
[-0.6727860463755054, 0.0359122120026694]
[-0.6727860463755054, 0.0359122120026694]
[-0.6727860463755054, 0.0359122120026694]
[-0.6727860463755054, 0.0359122120026694]
[-0.6727860463755054, 0.0359122120026694]
[-0.6699135200966532, 0.036492421591777714]
[-0.6699135200966532, 0.036492421591777714]
[-0.6699135200966532, 0.036492421591777714]
[-0.6699135200966532, 0.036492421591777714]
[-0.6699135200966532, 0.036492421591777714]
[-0.6699135200966532, 0.036492421591777714]
[-0.6699135200966532, 0.036492421591777714]
[-0.6699135200966532, 0.036492421591777714]
[-0.6669325097788924, 0.0370335670470399]
[-0.6669325097788924, 0.0370335670470399]
[-0.6669325097788924, 0.0370335670470399]
[-0.6669325097788924, 0.0370335670470399]
[-0.6669325097788924, 0.0370335670470399]
[-0.6669325097788924, 0.0370335670470399]
[-0.6669325097788924, 0.0370335670470399]
[-0.6669325097788924, 0.0370335670470399]
[-0.663627883130828, 0.037592587536493714]
[-0.663627883130828, 0.037592587536493714]
[-0.663627883130828, 0.037592587536493714]
[-0.663627883130828, 0.037592587536493714]
[-0.663627883130828, 0.037592587536493714]
[-0.663627883130828, 0.037592587536493714]
[-0.663627883130828, 0.037592587536493714]
[-0.663627883130828, 0.037592587536493714]
[-0.6607848663022634, 0.038448644779221185]
[-0.6607848663022634, 0.038448644779221185]
[-0.6607848663022634, 0.038448644779221185]
[-0.6607848663022634, 0.038448644779221185]
[-0.6607848663022634, 0.038448644779221185]
[-0.6607848663022634, 0.038448644779221185]
[-0.6607848663022634, 0.038448644779221185]
[-0.6607848663022634, 0.038448644779221185]
[-0.6574992914959126, 0.03957138137143308]
[-0.6574992914959126, 0.03957138137143308]
[-0.6574992914959126, 0.03957138137143308]
[-0.6574992914959126, 0.03957138137143308]
[-0.6574992914959126, 0.03957138137143308]
[-0.6574992914959126, 0.03957138137143308]
[-0.6574992914959126, 0.03957138137143308]
[-0.6574992914959126, 0.03957138137143308]
[-0.6534268206906811, 0.04025264902173799]
[-0.6534268206906811, 0.04025264902173799]
[-0.6534268206906811, 0.04025264902173799]
[-0.6534268206906811, 0.04025264902173799]
[-0.6534268206906811, 0.04025264902173799]
[-0.6534268206906811, 0.04025264902173799]
[-0.6534268206906811, 0.04025264902173799]
[-0.6534268206906811, 0.04025264902173799]
[-0.6492920105366947, 0.04047954002580391]
[-0.6492920105366947, 0.04047954002580391]
[-0.6492920105366947, 0.04047954002580391]
[-0.6492920105366947, 0.04047954002580391]
[-0.6492920105366947, 0.04047954002580391]
[-0.6492920105366947, 0.04047954002580391]
[-0.6492920105366947, 0.04047954002580391]
[-0.6492920105366947, 0.04047954002580391]
[-0.6453857508328732, 0.04067831432325213]
[-0.6453857508328732, 0.04067831432325213]
[-0.6453857508328732, 0.04067831432325213]
[-0.6453857508328732, 0.04067831432325213]
[-0.6453857508328732, 0.04067831432325213]
[-0.6453857508328732, 0.04067831432325213]
[-0.6453857508328732, 0.04067831432325213]
[-0.6453857508328732, 0.04067831432325213]
[-0.6415645514520906, 0.04089718516356582]
[-0.6415645514520906, 0.04089718516356582]
[-0.6415645514520906, 0.04089718516356582]
[-0.6415645514520906, 0.04089718516356582]
[-0.6415645514520906, 0.04089718516356582]
[-0.6415645514520906, 0.04089718516356582]
[-0.6415645514520906, 0.04089718516356582]
[-0.6415645514520906, 0.04089718516356582]
[-0.6375580062778637, 0.04102037380100385]
[-0.6375580062778637, 0.04102037380100385]
[-0.6375580062778637, 0.04102037380100385]
[-0.6375580062778637, 0.04102037380100385]
[-0.6375580062778637, 0.04102037380100385]
[-0.6375580062778637, 0.04102037380100385]
[-0.6375580062778637, 0.04102037380100385]
[-0.6375580062778637, 0.04102037380100385]
[-0.6343150237516859, 0.04151013665697468]
[-0.6343150237516859, 0.04151013665697468]
[-0.6343150237516859, 0.04151013665697468]
[-0.6343150237516859, 0.04151013665697468]
[-0.6343150237516859, 0.04151013665697468]
[-0.6343150237516859, 0.04151013665697468]
[-0.6343150237516859, 0.04151013665697468]
[-0.6343150237516859, 0.04151013665697468]
[-0.631464233950339, 0.04178200679925207]
[-0.631464233950339, 0.04178200679925207]
[-0.631464233950339, 0.04178200679925207]
[-0.631464233950339, 0.04178200679925207]
[-0.631464233950339, 0.04178200679925207]
[-0.631464233950339, 0.04178200679925207]
[-0.631464233950339, 0.04178200679925207]
[-0.631464233950339, 0.04178200679925207]
[-0.6282201574641356, 0.04181420637652901]
[-0.6282201574641356, 0.04181420637652901]
[-0.6282201574641356, 0.04181420637652901]
[-0.6282201574641356, 0.04181420637652901]
[-0.6282201574641356, 0.04181420637652901]
[-0.6282201574641356, 0.04181420637652901]
[-0.6282201574641356, 0.04181420637652901]
[-0.6282201574641356, 0.04181420637652901]
[-0.6244176025151602, 0.041527639111114914]
[-0.6244176025151602, 0.041527639111114914]
[-0.6244176025151602, 0.041527639111114914]
[-0.6244176025151602, 0.041527639111114914]
[-0.6244176025151602, 0.041527639111114914]
[-0.6244176025151602, 0.041527639111114914]
[-0.6244176025151602, 0.041527639111114914]
[-0.6244176025151602, 0.041527639111114914]
[-0.6205363713798087, 0.04124870081513839]
[-0.6205363713798087, 0.04124870081513839]
[-0.6205363713798087, 0.04124870081513839]
[-0.6205363713798087, 0.04124870081513839]
[-0.6205363713798087, 0.04124870081513839]
[-0.6205363713798087, 0.04124870081513839]
[-0.6205363713798087, 0.04124870081513839]
[-0.6205363713798087, 0.04124870081513839]
[-0.6177323180775294, 0.041110323891480595]
[-0.6177323180775294, 0.041110323891480595]
[-0.6177323180775294, 0.041110323891480595]
[-0.6177323180775294, 0.041110323891480595]
[-0.6177323180775294, 0.041110323891480595]
[-0.6177323180775294, 0.041110323891480595]
[-0.6177323180775294, 0.041110323891480595]
[-0.6177323180775294, 0.041110323891480595]
[-0.6137794038779636, 0.040796856137587614]
[-0.6137794038779636, 0.040796856137587614]
[-0.6137794038779636, 0.040796856137587614]
[-0.6137794038779636, 0.040796856137587614]
[-0.6137794038779636, 0.040796856137587614]
[-0.6137794038779636, 0.040796856137587614]
[-0.6137794038779636, 0.040796856137587614]
[-0.6137794038779636, 0.040796856137587614]
[-0.6103641019845836, 0.04055617164779156]
[-0.6103641019845836, 0.04055617164779156]
[-0.6103641019845836, 0.04055617164779156]
[-0.6103641019845836, 0.04055617164779156]
[-0.6103641019845836, 0.04055617164779156]
[-0.6103641019845836, 0.04055617164779156]
[-0.6103641019845836, 0.04055617164779156]
[-0.6103641019845836, 0.04055617164779156]
[-0.6061393709656558, 0.04013554070139635]
[-0.6061393709656558, 0.04013554070139635]
[-0.6061393709656558, 0.04013554070139635]
[-0.6061393709656558, 0.04013554070139635]
[-0.6061393709656558, 0.04013554070139635]
[-0.6061393709656558, 0.04013554070139635]
[-0.6061393709656558, 0.04013554070139635]
[-0.6061393709656558, 0.04013554070139635]
[-0.6032344797805602, 0.03994502305580944]
[-0.6032344797805602, 0.03994502305580944]
[-0.6032344797805602, 0.03994502305580944]
[-0.6032344797805602, 0.03994502305580944]
[-0.6032344797805602, 0.03994502305580944]
[-0.6032344797805602, 0.03994502305580944]
[-0.6032344797805602, 0.03994502305580944]
[-0.6032344797805602, 0.03994502305580944]
[-0.6004053196133051, 0.03985386122738069]
[-0.6004053196133051, 0.03985386122738069]
[-0.6004053196133051, 0.03985386122738069]
[-0.6004053196133051, 0.03985386122738069]
[-0.6004053196133051, 0.03985386122738069]
[-0.6004053196133051, 0.03985386122738069]
[-0.6004053196133051, 0.03985386122738069]
[-0.6004053196133051, 0.03985386122738069]
[-0.5972018913295979, 0.039670831965494424]
[-0.5972018913295979, 0.039670831965494424]
[-0.5972018913295979, 0.039670831965494424]
[-0.5972018913295979, 0.039670831965494424]
[-0.5972018913295979, 0.039670831965494424]
[-0.5972018913295979, 0.039670831965494424]
[-0.5972018913295979, 0.039670831965494424]
[-0.5972018913295979, 0.039670831965494424]
[-0.5938764353772605, 0.03943128614514934]
[-0.5938764353772605, 0.03943128614514934]
[-0.5938764353772605, 0.03943128614514934]
[-0.5938764353772605, 0.03943128614514934]
[-0.5938764353772605, 0.03943128614514934]
[-0.5938764353772605, 0.03943128614514934]
[-0.5938764353772605, 0.03943128614514934]
[-0.5938764353772605, 0.03943128614514934]
[-0.589983401867021, 0.03911066706597393]
[-0.589983401867021, 0.03911066706597393]
[-0.589983401867021, 0.03911066706597393]
[-0.589983401867021, 0.03911066706597393]
[-0.589983401867021, 0.03911066706597393]
[-0.589983401867021, 0.03911066706597393]
[-0.589983401867021, 0.03911066706597393]
[-0.589983401867021, 0.03911066706597393]
[-0.586567609921491, 0.038823476165046625]
[-0.586567609921491, 0.038823476165046625]
[-0.586567609921491, 0.038823476165046625]
[-0.586567609921491, 0.038823476165046625]
[-0.586567609921491, 0.038823476165046625]
[-0.586567609921491, 0.038823476165046625]
[-0.586567609921491, 0.038823476165046625]
[-0.586567609921491, 0.038823476165046625]
[-0.5829340876925444, 0.0385452340196849]
[-0.5829340876925444, 0.0385452340196849]
[-0.5829340876925444, 0.0385452340196849]
[-0.5829340876925444, 0.0385452340196849]
[-0.5829340876925444, 0.0385452340196849]
[-0.5829340876925444, 0.0385452340196849]
[-0.5829340876925444, 0.0385452340196849]
[-0.5829340876925444, 0.0385452340196849]
[-0.5790883837193054, 0.03814221319388052]
[-0.5790883837193054, 0.03814221319388052]
[-0.5790883837193054, 0.03814221319388052]
[-0.5790883837193054, 0.03814221319388052]
[-0.5790883837193054, 0.03814221319388052]
[-0.5790883837193054, 0.03814221319388052]
[-0.5790883837193054, 0.03814221319388052]
[-0.5790883837193054, 0.03814221319388052]
[-0.5758341751262108, 0.037916358107781364]
[-0.5758341751262108, 0.037916358107781364]
[-0.5758341751262108, 0.037916358107781364]
[-0.5758341751262108, 0.037916358107781364]
[-0.5758341751262108, 0.037916358107781364]
[-0.5758341751262108, 0.037916358107781364]
[-0.5758341751262108, 0.037916358107781364]
[-0.5758341751262108, 0.037916358107781364]
[-0.5723532660079609, 0.03752332156775663]
[-0.5723532660079609, 0.03752332156775663]
[-0.5723532660079609, 0.03752332156775663]
[-0.5723532660079609, 0.03752332156775663]
[-0.5723532660079609, 0.03752332156775663]
[-0.5723532660079609, 0.03752332156775663]
[-0.5723532660079609, 0.03752332156775663]
[-0.5723532660079609, 0.03752332156775663]
[-0.569243059359856, 0.037326868129442956]
[-0.569243059359856, 0.037326868129442956]
[-0.569243059359856, 0.037326868129442956]
[-0.569243059359856, 0.037326868129442956]
[-0.569243059359856, 0.037326868129442956]
[-0.569243059359856, 0.037326868129442956]
[-0.569243059359856, 0.037326868129442956]
[-0.569243059359856, 0.037326868129442956]
[-0.5652590266549857, 0.03707812134345817]
[-0.5652590266549857, 0.03707812134345817]
[-0.5652590266549857, 0.03707812134345817]
[-0.5652590266549857, 0.03707812134345817]
[-0.5652590266549857, 0.03707812134345817]
[-0.5652590266549857, 0.03707812134345817]
[-0.5652590266549857, 0.03707812134345817]
[-0.5652590266549857, 0.03707812134345817]
[-0.5613971943149196, 0.03671559812246692]
[-0.5613971943149196, 0.03671559812246692]
[-0.5613971943149196, 0.03671559812246692]
[-0.5613971943149196, 0.03671559812246692]
[-0.5613971943149196, 0.03671559812246692]
[-0.5613971943149196, 0.03671559812246692]
[-0.5613971943149196, 0.03671559812246692]
[-0.5613971943149196, 0.03671559812246692]
[-0.5583366563269929, 0.03646667509921133]
[-0.5583366563269929, 0.03646667509921133]
[-0.5583366563269929, 0.03646667509921133]
[-0.5583366563269929, 0.03646667509921133]
[-0.5583366563269929, 0.03646667509921133]
[-0.5583366563269929, 0.03646667509921133]
[-0.5583366563269929, 0.03646667509921133]
[-0.5583366563269929, 0.03646667509921133]
[-0.5546583721326175, 0.03614758704138236]
[-0.5546583721326175, 0.03614758704138236]
[-0.5546583721326175, 0.03614758704138236]
[-0.5546583721326175, 0.03614758704138236]
[-0.5546583721326175, 0.03614758704138236]
[-0.5546583721326175, 0.03614758704138236]
[-0.5546583721326175, 0.03614758704138236]
[-0.5546583721326175, 0.03614758704138236]
[-0.5511203736068674, 0.03580215412756539]
[-0.5511203736068674, 0.03580215412756539]
[-0.5511203736068674, 0.03580215412756539]
[-0.5511203736068674, 0.03580215412756539]
[-0.5511203736068674, 0.03580215412756539]
[-0.5511203736068674, 0.03580215412756539]
[-0.5511203736068674, 0.03580215412756539]
[-0.5511203736068674, 0.03580215412756539]
[-0.5480480506596718, 0.03565765553981696]
[-0.5480480506596718, 0.03565765553981696]
[-0.5480480506596718, 0.03565765553981696]
[-0.5480480506596718, 0.03565765553981696]
[-0.5480480506596718, 0.03565765553981696]
[-0.5480480506596718, 0.03565765553981696]
[-0.5480480506596718, 0.03565765553981696]
[-0.5480480506596718, 0.03565765553981696]
[-0.5442645832115673, 0.03527987965591736]
[-0.5442645832115673, 0.03527987965591736]
[-0.5442645832115673, 0.03527987965591736]
[-0.5442645832115673, 0.03527987965591736]
[-0.5442645832115673, 0.03527987965591736]
[-0.5442645832115673, 0.03527987965591736]
[-0.5442645832115673, 0.03527987965591736]
[-0.5442645832115673, 0.03527987965591736]
[-0.5404643588276874, 0.03488473713970251]
[-0.5404643588276874, 0.03488473713970251]
[-0.5404643588276874, 0.03488473713970251]
[-0.5404643588276874, 0.03488473713970251]
[-0.5404643588276874, 0.03488473713970251]
[-0.5404643588276874, 0.03488473713970251]
[-0.5404643588276874, 0.03488473713970251]
[-0.5404643588276874, 0.03488473713970251]
[-0.537518809234925, 0.03469657069466798]
[-0.537518809234925, 0.03469657069466798]
[-0.537518809234925, 0.03469657069466798]
[-0.537518809234925, 0.03469657069466798]
[-0.537518809234925, 0.03469657069466798]
[-0.537518809234925, 0.03469657069466798]
[-0.537518809234925, 0.03469657069466798]
[-0.537518809234925, 0.03469657069466798]
[-0.5335344638906487, 0.034266349078671064]
[-0.5335344638906487, 0.034266349078671064]
[-0.5335344638906487, 0.034266349078671064]
[-0.5335344638906487, 0.034266349078671064]
[-0.5335344638906487, 0.034266349078671064]
[-0.5335344638906487, 0.034266349078671064]
[-0.5335344638906487, 0.034266349078671064]
[-0.5335344638906487, 0.034266349078671064]
[-0.5306577835362917, 0.03396785250838071]
[-0.5306577835362917, 0.03396785250838071]
[-0.5306577835362917, 0.03396785250838071]
[-0.5306577835362917, 0.03396785250838071]
[-0.5306577835362917, 0.03396785250838071]
[-0.5306577835362917, 0.03396785250838071]
[-0.5306577835362917, 0.03396785250838071]
[-0.5306577835362917, 0.03396785250838071]
[-0.5270432828301753, 0.033770938419852126]
[-0.5270432828301753, 0.033770938419852126]
[-0.5270432828301753, 0.033770938419852126]
[-0.5270432828301753, 0.033770938419852126]
[-0.5270432828301753, 0.033770938419852126]
[-0.5270432828301753, 0.033770938419852126]
[-0.5270432828301753, 0.033770938419852126]
[-0.5270432828301753, 0.033770938419852126]
[-0.5230759374189391, 0.033402537337385914]
[-0.5230759374189391, 0.033402537337385914]
[-0.5230759374189391, 0.033402537337385914]
[-0.5230759374189391, 0.033402537337385914]
[-0.5230759374189391, 0.033402537337385914]
[-0.5230759374189391, 0.033402537337385914]
[-0.5230759374189391, 0.033402537337385914]
[-0.5230759374189391, 0.033402537337385914]
[-0.5197564406634946, 0.033203218866334705]
[-0.5197564406634946, 0.033203218866334705]
[-0.5197564406634946, 0.033203218866334705]
[-0.5197564406634946, 0.033203218866334705]
[-0.5197564406634946, 0.033203218866334705]
[-0.5197564406634946, 0.033203218866334705]
[-0.5197564406634946, 0.033203218866334705]
[-0.5197564406634946, 0.033203218866334705]
[-0.5163714595584364, 0.03284255233034942]
[-0.5163714595584364, 0.03284255233034942]
[-0.5163714595584364, 0.03284255233034942]
[-0.5163714595584364, 0.03284255233034942]
[-0.5163714595584364, 0.03284255233034942]
[-0.5163714595584364, 0.03284255233034942]
[-0.5163714595584364, 0.03284255233034942]
[-0.5163714595584364, 0.03284255233034942]
[-0.5127451059124398, 0.03250935306038735]
[-0.5127451059124398, 0.03250935306038735]
[-0.5127451059124398, 0.03250935306038735]
[-0.5127451059124398, 0.03250935306038735]
[-0.5127451059124398, 0.03250935306038735]
[-0.5127451059124398, 0.03250935306038735]
[-0.5127451059124398, 0.03250935306038735]
[-0.5127451059124398, 0.03250935306038735]
[-0.5091573576671361, 0.03209924012670025]
[-0.5091573576671361, 0.03209924012670025]
[-0.5091573576671361, 0.03209924012670025]
[-0.5091573576671361, 0.03209924012670025]
[-0.5091573576671361, 0.03209924012670025]
[-0.5091573576671361, 0.03209924012670025]
[-0.5091573576671361, 0.03209924012670025]
[-0.5091573576671361, 0.03209924012670025]
[-0.506074083917105, 0.03174412987206976]
[-0.506074083917105, 0.03174412987206976]
[-0.506074083917105, 0.03174412987206976]
[-0.506074083917105, 0.03174412987206976]
[-0.506074083917105, 0.03174412987206976]
[-0.506074083917105, 0.03174412987206976]
[-0.506074083917105, 0.03174412987206976]
[-0.506074083917105, 0.03174412987206976]
[-0.5025941996084942, 0.031381443930075345]
[-0.5025941996084942, 0.031381443930075345]
[-0.5025941996084942, 0.031381443930075345]
[-0.5025941996084942, 0.031381443930075345]
[-0.5025941996084942, 0.031381443930075345]
[-0.5025941996084942, 0.031381443930075345]
[-0.5025941996084942, 0.031381443930075345]
[-0.5025941996084942, 0.031381443930075345]
[-0.4993631244877748, 0.031132607694403406]
[-0.4993631244877748, 0.031132607694403406]
[-0.4993631244877748, 0.031132607694403406]
[-0.4993631244877748, 0.031132607694403406]
[-0.4993631244877748, 0.031132607694403406]
[-0.4993631244877748, 0.031132607694403406]
[-0.4993631244877748, 0.031132607694403406]
[-0.4993631244877748, 0.031132607694403406]
[-0.49564121545187584, 0.030731106781788513]
[-0.49564121545187584, 0.030731106781788513]
[-0.49564121545187584, 0.030731106781788513]
[-0.49564121545187584, 0.030731106781788513]
[-0.49564121545187584, 0.030731106781788513]
[-0.49564121545187584, 0.030731106781788513]
[-0.49564121545187584, 0.030731106781788513]
[-0.49564121545187584, 0.030731106781788513]
[-0.4918444511674283, 0.03032433943333667]
[-0.4918444511674283, 0.03032433943333667]
[-0.4918444511674283, 0.03032433943333667]
[-0.4918444511674283, 0.03032433943333667]
[-0.4918444511674283, 0.03032433943333667]
[-0.4918444511674283, 0.03032433943333667]
[-0.4918444511674283, 0.03032433943333667]
[-0.4918444511674283, 0.03032433943333667]
[-0.4886534058386457, 0.030028828352990294]
[-0.4886534058386457, 0.030028828352990294]
[-0.4886534058386457, 0.030028828352990294]
[-0.4886534058386457, 0.030028828352990294]
[-0.4886534058386457, 0.030028828352990294]
[-0.4886534058386457, 0.030028828352990294]
[-0.4886534058386457, 0.030028828352990294]
[-0.4886534058386457, 0.030028828352990294]
[-0.48530963163128865, 0.02981941335498881]
[-0.48530963163128865, 0.02981941335498881]
[-0.48530963163128865, 0.02981941335498881]
[-0.48530963163128865, 0.02981941335498881]
[-0.48530963163128865, 0.02981941335498881]
[-0.48530963163128865, 0.02981941335498881]
[-0.48530963163128865, 0.02981941335498881]
[-0.48530963163128865, 0.02981941335498881]
[-0.48181917034970734, 0.029718426890425132]
[-0.48181917034970734, 0.029718426890425132]
[-0.48181917034970734, 0.029718426890425132]
[-0.48181917034970734, 0.029718426890425132]
[-0.48181917034970734, 0.029718426890425132]
[-0.48181917034970734, 0.029718426890425132]
[-0.48181917034970734, 0.029718426890425132]
[-0.48181917034970734, 0.029718426890425132]
[-0.4783794068415758, 0.02959580014074145]
[-0.4783794068415758, 0.02959580014074145]
[-0.4783794068415758, 0.02959580014074145]
[-0.4783794068415758, 0.02959580014074145]
[-0.4783794068415758, 0.02959580014074145]
[-0.4783794068415758, 0.02959580014074145]
[-0.4783794068415758, 0.02959580014074145]
[-0.4783794068415758, 0.02959580014074145]
[-0.474713875790407, 0.029369177948614638]
[-0.474713875790407, 0.029369177948614638]
[-0.474713875790407, 0.029369177948614638]
[-0.474713875790407, 0.029369177948614638]
[-0.474713875790407, 0.029369177948614638]
[-0.474713875790407, 0.029369177948614638]
[-0.474713875790407, 0.029369177948614638]
[-0.474713875790407, 0.029369177948614638]
[-0.4710070910289887, 0.02903573317202636]
[-0.4710070910289887, 0.02903573317202636]
[-0.4710070910289887, 0.02903573317202636]
[-0.4710070910289887, 0.02903573317202636]
[-0.4710070910289887, 0.02903573317202636]
[-0.4710070910289887, 0.02903573317202636]
[-0.4710070910289887, 0.02903573317202636]
[-0.4710070910289887, 0.02903573317202636]
[-0.4673090171170365, 0.028584479543124933]
[-0.4673090171170365, 0.028584479543124933]
[-0.4673090171170365, 0.028584479543124933]
[-0.4673090171170365, 0.028584479543124933]
[-0.4673090171170365, 0.028584479543124933]
[-0.4673090171170365, 0.028584479543124933]
[-0.4673090171170365, 0.028584479543124933]
[-0.4673090171170365, 0.028584479543124933]
[-0.4634511354409763, 0.02801898479168418]
[-0.4634511354409763, 0.02801898479168418]
[-0.4634511354409763, 0.02801898479168418]
[-0.4634511354409763, 0.02801898479168418]
[-0.4634511354409763, 0.02801898479168418]
[-0.4634511354409763, 0.02801898479168418]
[-0.4634511354409763, 0.02801898479168418]
[-0.4634511354409763, 0.02801898479168418]
[-0.4603378597624031, 0.027593445585537963]
[-0.4603378597624031, 0.027593445585537963]
[-0.4603378597624031, 0.027593445585537963]
[-0.4603378597624031, 0.027593445585537963]
[-0.4603378597624031, 0.027593445585537963]
[-0.4603378597624031, 0.027593445585537963]
[-0.4603378597624031, 0.027593445585537963]
[-0.4603378597624031, 0.027593445585537963]
[-0.4563906790577084, 0.027135438836112656]
[-0.4563906790577084, 0.027135438836112656]
[-0.4563906790577084, 0.027135438836112656]
[-0.4563906790577084, 0.027135438836112656]
[-0.4563906790577084, 0.027135438836112656]
[-0.4563906790577084, 0.027135438836112656]
[-0.4563906790577084, 0.027135438836112656]
[-0.4563906790577084, 0.027135438836112656]
[-0.45208901819267366, 0.026669755608207446]
[-0.45208901819267366, 0.026669755608207446]
[-0.45208901819267366, 0.026669755608207446]
[-0.45208901819267366, 0.026669755608207446]
[-0.45208901819267366, 0.026669755608207446]
[-0.45208901819267366, 0.026669755608207446]
[-0.45208901819267366, 0.026669755608207446]
[-0.45208901819267366, 0.026669755608207446]
[-0.44838312993271623, 0.026304568972656917]
[-0.44838312993271623, 0.026304568972656917]
[-0.44838312993271623, 0.026304568972656917]
[-0.44838312993271623, 0.026304568972656917]
[-0.44838312993271623, 0.026304568972656917]
[-0.44838312993271623, 0.026304568972656917]
[-0.44838312993271623, 0.026304568972656917]
[-0.44838312993271623, 0.026304568972656917]
[-0.44512695584762585, 0.025933331610007906]
[-0.44512695584762585, 0.025933331610007906]
[-0.44512695584762585, 0.025933331610007906]
[-0.44512695584762585, 0.025933331610007906]
[-0.44512695584762585, 0.025933331610007906]
[-0.44512695584762585, 0.025933331610007906]
[-0.44512695584762585, 0.025933331610007906]
[-0.44512695584762585, 0.025933331610007906]
[-0.4415623557116266, 0.02546955756801964]
[-0.4415623557116266, 0.02546955756801964]
[-0.4415623557116266, 0.02546955756801964]
[-0.4415623557116266, 0.02546955756801964]
[-0.4415623557116266, 0.02546955756801964]
[-0.4415623557116266, 0.02546955756801964]
[-0.4415623557116266, 0.02546955756801964]
[-0.4415623557116266, 0.02546955756801964]
[-0.4378066912163596, 0.025014872355975045]
[-0.4378066912163596, 0.025014872355975045]
[-0.4378066912163596, 0.025014872355975045]
[-0.4378066912163596, 0.025014872355975045]
[-0.4378066912163596, 0.025014872355975045]
[-0.4378066912163596, 0.025014872355975045]
[-0.4378066912163596, 0.025014872355975045]
[-0.4378066912163596, 0.025014872355975045]
[-0.433988460744096, 0.024686074769725872]
[-0.433988460744096, 0.024686074769725872]
[-0.433988460744096, 0.024686074769725872]
[-0.433988460744096, 0.024686074769725872]
[-0.433988460744096, 0.024686074769725872]
[-0.433988460744096, 0.024686074769725872]
[-0.433988460744096, 0.024686074769725872]
[-0.433988460744096, 0.024686074769725872]
[-0.43049787630847247, 0.02442521499493913]
[-0.43049787630847247, 0.02442521499493913]
[-0.43049787630847247, 0.02442521499493913]
[-0.43049787630847247, 0.02442521499493913]
[-0.43049787630847247, 0.02442521499493913]
[-0.43049787630847247, 0.02442521499493913]
[-0.43049787630847247, 0.02442521499493913]
[-0.43049787630847247, 0.02442521499493913]
[-0.4272159163066278, 0.024146439508521002]
[-0.4272159163066278, 0.024146439508521002]
[-0.4272159163066278, 0.024146439508521002]
[-0.4272159163066278, 0.024146439508521002]
[-0.4272159163066278, 0.024146439508521002]
[-0.4272159163066278, 0.024146439508521002]
[-0.4272159163066278, 0.024146439508521002]
[-0.4272159163066278, 0.024146439508521002]
[-0.4236281056804735, 0.02390020540320211]
[-0.4236281056804735, 0.02390020540320211]
[-0.4236281056804735, 0.02390020540320211]
[-0.4236281056804735, 0.02390020540320211]
[-0.4236281056804735, 0.02390020540320211]
[-0.4236281056804735, 0.02390020540320211]
[-0.4236281056804735, 0.02390020540320211]
[-0.4236281056804735, 0.02390020540320211]
[-0.41971461075768607, 0.023572153407337718]
[-0.41971461075768607, 0.023572153407337718]
[-0.41971461075768607, 0.023572153407337718]
[-0.41971461075768607, 0.023572153407337718]
[-0.41971461075768607, 0.023572153407337718]
[-0.41971461075768607, 0.023572153407337718]
[-0.41971461075768607, 0.023572153407337718]
[-0.41971461075768607, 0.023572153407337718]
[-0.41556058277952895, 0.023241130042766057]
[-0.41556058277952895, 0.023241130042766057]
[-0.41556058277952895, 0.023241130042766057]
[-0.41556058277952895, 0.023241130042766057]
[-0.41556058277952895, 0.023241130042766057]
[-0.41556058277952895, 0.023241130042766057]
[-0.41556058277952895, 0.023241130042766057]
[-0.41556058277952895, 0.023241130042766057]
[-0.41191843244412013, 0.022952654012447882]
[-0.41191843244412013, 0.022952654012447882]
[-0.41191843244412013, 0.022952654012447882]
[-0.41191843244412013, 0.022952654012447882]
[-0.41191843244412013, 0.022952654012447882]
[-0.41191843244412013, 0.022952654012447882]
[-0.41191843244412013, 0.022952654012447882]
[-0.41191843244412013, 0.022952654012447882]
[-0.40904434740214063, 0.022713229585688034]
[-0.40904434740214063, 0.022713229585688034]
[-0.40904434740214063, 0.022713229585688034]
[-0.40904434740214063, 0.022713229585688034]
[-0.40904434740214063, 0.022713229585688034]
[-0.40904434740214063, 0.022713229585688034]
[-0.40904434740214063, 0.022713229585688034]
[-0.40904434740214063, 0.022713229585688034]
[-0.4057213353001001, 0.022462052081936162]
[-0.4057213353001001, 0.022462052081936162]
[-0.4057213353001001, 0.022462052081936162]
[-0.4057213353001001, 0.022462052081936162]
[-0.4057213353001001, 0.022462052081936162]
[-0.4057213353001001, 0.022462052081936162]
[-0.4057213353001001, 0.022462052081936162]
[-0.4057213353001001, 0.022462052081936162]
[-0.4031161369435186, 0.022227049623093863]
[-0.4031161369435186, 0.022227049623093863]
[-0.4031161369435186, 0.022227049623093863]
[-0.4031161369435186, 0.022227049623093863]
[-0.4031161369435186, 0.022227049623093863]
[-0.4031161369435186, 0.022227049623093863]
[-0.4031161369435186, 0.022227049623093863]
[-0.4031161369435186, 0.022227049623093863]
[-0.39942371783347863, 0.02192895897303666]
[-0.39942371783347863, 0.02192895897303666]
[-0.39942371783347863, 0.02192895897303666]
[-0.39942371783347863, 0.02192895897303666]
[-0.39942371783347863, 0.02192895897303666]
[-0.39942371783347863, 0.02192895897303666]
[-0.39942371783347863, 0.02192895897303666]
[-0.39942371783347863, 0.02192895897303666]
[-0.39617928088250726, 0.021659875242779632]
[-0.39617928088250726, 0.021659875242779632]
[-0.39617928088250726, 0.021659875242779632]
[-0.39617928088250726, 0.021659875242779632]
[-0.39617928088250726, 0.021659875242779632]
[-0.39617928088250726, 0.021659875242779632]
[-0.39617928088250726, 0.021659875242779632]
[-0.39617928088250726, 0.021659875242779632]
[-0.39347227335272006, 0.021409838415404146]
[-0.39347227335272006, 0.021409838415404146]
[-0.39347227335272006, 0.021409838415404146]
[-0.39347227335272006, 0.021409838415404146]
[-0.39347227335272006, 0.021409838415404146]
[-0.39347227335272006, 0.021409838415404146]
[-0.39347227335272006, 0.021409838415404146]
[-0.39347227335272006, 0.021409838415404146]
[-0.3899654366842838, 0.021150131418669817]
[-0.3899654366842838, 0.021150131418669817]
[-0.3899654366842838, 0.021150131418669817]
[-0.3899654366842838, 0.021150131418669817]
[-0.3899654366842838, 0.021150131418669817]
[-0.3899654366842838, 0.021150131418669817]
[-0.3899654366842838, 0.021150131418669817]
[-0.3899654366842838, 0.021150131418669817]
[-0.38652058594337846, 0.02093003586843333]
[-0.38652058594337846, 0.02093003586843333]
[-0.38652058594337846, 0.02093003586843333]
[-0.38652058594337846, 0.02093003586843333]
[-0.38652058594337846, 0.02093003586843333]
[-0.38652058594337846, 0.02093003586843333]
[-0.38652058594337846, 0.02093003586843333]
[-0.38652058594337846, 0.02093003586843333]
[-0.38311278565418033, 0.020680618769674544]
[-0.38311278565418033, 0.020680618769674544]
[-0.38311278565418033, 0.020680618769674544]
[-0.38311278565418033, 0.020680618769674544]
[-0.38311278565418033, 0.020680618769674544]
[-0.38311278565418033, 0.020680618769674544]
[-0.38311278565418033, 0.020680618769674544]
[-0.38311278565418033, 0.020680618769674544]
[-0.3800228251201961, 0.020517528463570998]
[-0.3800228251201961, 0.020517528463570998]
[-0.3800228251201961, 0.020517528463570998]
[-0.3800228251201961, 0.020517528463570998]
[-0.3800228251201961, 0.020517528463570998]
[-0.3800228251201961, 0.020517528463570998]
[-0.3800228251201961, 0.020517528463570998]
[-0.3800228251201961, 0.020517528463570998]
[-0.3769867701564598, 0.020259619858883894]
[-0.3769867701564598, 0.020259619858883894]
[-0.3769867701564598, 0.020259619858883894]
[-0.3769867701564598, 0.020259619858883894]
[-0.3769867701564598, 0.020259619858883894]
[-0.3769867701564598, 0.020259619858883894]
[-0.3769867701564598, 0.020259619858883894]
[-0.3769867701564598, 0.020259619858883894]
[-0.37353073811907483, 0.020034597248786975]
[-0.37353073811907483, 0.020034597248786975]
[-0.37353073811907483, 0.020034597248786975]
[-0.37353073811907483, 0.020034597248786975]
[-0.37353073811907483, 0.020034597248786975]
[-0.37353073811907483, 0.020034597248786975]
[-0.37353073811907483, 0.020034597248786975]
[-0.37353073811907483, 0.020034597248786975]
[-0.3699145318139948, 0.019763350919676712]
[-0.3699145318139948, 0.019763350919676712]
[-0.3699145318139948, 0.019763350919676712]
[-0.3699145318139948, 0.019763350919676712]
[-0.3699145318139948, 0.019763350919676712]
[-0.3699145318139948, 0.019763350919676712]
[-0.3699145318139948, 0.019763350919676712]
[-0.3699145318139948, 0.019763350919676712]
[-0.3670517136171425, 0.01955303736045095]
[-0.3670517136171425, 0.01955303736045095]
[-0.3670517136171425, 0.01955303736045095]
[-0.3670517136171425, 0.01955303736045095]
[-0.3670517136171425, 0.01955303736045095]
[-0.3670517136171425, 0.01955303736045095]
[-0.3670517136171425, 0.01955303736045095]
[-0.3670517136171425, 0.01955303736045095]
[-0.36386103005423054, 0.019375657087182287]
[-0.36386103005423054, 0.019375657087182287]
[-0.36386103005423054, 0.019375657087182287]
[-0.36386103005423054, 0.019375657087182287]
[-0.36386103005423054, 0.019375657087182287]
[-0.36386103005423054, 0.019375657087182287]
[-0.36386103005423054, 0.019375657087182287]
[-0.36386103005423054, 0.019375657087182287]
[-0.36034685026196245, 0.01918344669861801]
[-0.36034685026196245, 0.01918344669861801]
[-0.36034685026196245, 0.01918344669861801]
[-0.36034685026196245, 0.01918344669861801]
[-0.36034685026196245, 0.01918344669861801]
[-0.36034685026196245, 0.01918344669861801]
[-0.36034685026196245, 0.01918344669861801]
[-0.36034685026196245, 0.01918344669861801]
[-0.3573466896730519, 0.018966767411715782]
[-0.3573466896730519, 0.018966767411715782]
[-0.3573466896730519, 0.018966767411715782]
[-0.3573466896730519, 0.018966767411715782]
[-0.3573466896730519, 0.018966767411715782]
[-0.3573466896730519, 0.018966767411715782]
[-0.3573466896730519, 0.018966767411715782]
[-0.3573466896730519, 0.018966767411715782]
[-0.35494652157625395, 0.018815661258037526]
[-0.35494652157625395, 0.018815661258037526]
[-0.35494652157625395, 0.018815661258037526]
[-0.35494652157625395, 0.018815661258037526]
[-0.35494652157625395, 0.018815661258037526]
[-0.35494652157625395, 0.018815661258037526]
[-0.35494652157625395, 0.018815661258037526]
[-0.35494652157625395, 0.018815661258037526]
[-0.351666699125877, 0.0185906909525868]
[-0.351666699125877, 0.0185906909525868]
[-0.351666699125877, 0.0185906909525868]
[-0.351666699125877, 0.0185906909525868]
[-0.351666699125877, 0.0185906909525868]
[-0.351666699125877, 0.0185906909525868]
[-0.351666699125877, 0.0185906909525868]
[-0.351666699125877, 0.0185906909525868]
[-0.34846433738465676, 0.01841736580259762]
[-0.34846433738465676, 0.01841736580259762]
[-0.34846433738465676, 0.01841736580259762]
[-0.34846433738465676, 0.01841736580259762]
[-0.34846433738465676, 0.01841736580259762]
[-0.34846433738465676, 0.01841736580259762]
[-0.34846433738465676, 0.01841736580259762]
[-0.34846433738465676, 0.01841736580259762]
[-0.344911501688594, 0.018120650020114176]
[-0.344911501688594, 0.018120650020114176]
[-0.344911501688594, 0.018120650020114176]
[-0.344911501688594, 0.018120650020114176]
[-0.344911501688594, 0.018120650020114176]
[-0.344911501688594, 0.018120650020114176]
[-0.344911501688594, 0.018120650020114176]
[-0.344911501688594, 0.018120650020114176]
[-0.3413341473887558, 0.017794477027629218]
[-0.3413341473887558, 0.017794477027629218]
[-0.3413341473887558, 0.017794477027629218]
[-0.3413341473887558, 0.017794477027629218]
[-0.3413341473887558, 0.017794477027629218]
[-0.3413341473887558, 0.017794477027629218]
[-0.3413341473887558, 0.017794477027629218]
[-0.3413341473887558, 0.017794477027629218]
[-0.3375781509047424, 0.01741764554115523]
[-0.3375781509047424, 0.01741764554115523]
[-0.3375781509047424, 0.01741764554115523]
[-0.3375781509047424, 0.01741764554115523]
[-0.3375781509047424, 0.01741764554115523]
[-0.3375781509047424, 0.01741764554115523]
[-0.3375781509047424, 0.01741764554115523]
[-0.3375781509047424, 0.01741764554115523]
[-0.33440905048050756, 0.01712791297481221]
[-0.33440905048050756, 0.01712791297481221]
[-0.33440905048050756, 0.01712791297481221]
[-0.33440905048050756, 0.01712791297481221]
[-0.33440905048050756, 0.01712791297481221]
[-0.33440905048050756, 0.01712791297481221]
[-0.33440905048050756, 0.01712791297481221]
[-0.33440905048050756, 0.01712791297481221]
[-0.33055687204235956, 0.016852414850187108]
[-0.33055687204235956, 0.016852414850187108]
[-0.33055687204235956, 0.016852414850187108]
[-0.33055687204235956, 0.016852414850187108]
[-0.33055687204235956, 0.016852414850187108]
[-0.33055687204235956, 0.016852414850187108]
[-0.33055687204235956, 0.016852414850187108]
[-0.33055687204235956, 0.016852414850187108]
[-0.327516337546718, 0.016617323516889153]
[-0.327516337546718, 0.016617323516889153]
[-0.327516337546718, 0.016617323516889153]
[-0.327516337546718, 0.016617323516889153]
[-0.327516337546718, 0.016617323516889153]
[-0.327516337546718, 0.016617323516889153]
[-0.327516337546718, 0.016617323516889153]
[-0.327516337546718, 0.016617323516889153]
[-0.3237246504252913, 0.01623057929802166]
[-0.3237246504252913, 0.01623057929802166]
[-0.3237246504252913, 0.01623057929802166]
[-0.3237246504252913, 0.01623057929802166]
[-0.3237246504252913, 0.01623057929802166]
[-0.3237246504252913, 0.01623057929802166]
[-0.3237246504252913, 0.01623057929802166]
[-0.3237246504252913, 0.01623057929802166]
[-0.31989152828209994, 0.015821399592266836]
[-0.31989152828209994, 0.015821399592266836]
[-0.31989152828209994, 0.015821399592266836]
[-0.31989152828209994, 0.015821399592266836]
[-0.31989152828209994, 0.015821399592266836]
[-0.31989152828209994, 0.015821399592266836]
[-0.31989152828209994, 0.015821399592266836]
[-0.31989152828209994, 0.015821399592266836]
[-0.3160490097652974, 0.015445127551063656]
[-0.3160490097652974, 0.015445127551063656]
[-0.3160490097652974, 0.015445127551063656]
[-0.3160490097652974, 0.015445127551063656]
[-0.3160490097652974, 0.015445127551063656]
[-0.3160490097652974, 0.015445127551063656]
[-0.3160490097652974, 0.015445127551063656]
[-0.3160490097652974, 0.015445127551063656]
[-0.312649816137258, 0.015117789945650287]
[-0.312649816137258, 0.015117789945650287]
[-0.312649816137258, 0.015117789945650287]
[-0.312649816137258, 0.015117789945650287]
[-0.312649816137258, 0.015117789945650287]
[-0.312649816137258, 0.015117789945650287]
[-0.312649816137258, 0.015117789945650287]
[-0.312649816137258, 0.015117789945650287]
[-0.30888045174510387, 0.014735253220493662]
[-0.30888045174510387, 0.014735253220493662]
[-0.30888045174510387, 0.014735253220493662]
[-0.30888045174510387, 0.014735253220493662]
[-0.30888045174510387, 0.014735253220493662]
[-0.30888045174510387, 0.014735253220493662]
[-0.30888045174510387, 0.014735253220493662]
[-0.30888045174510387, 0.014735253220493662]
[-0.3059169201624491, 0.014471977617594401]
[-0.3059169201624491, 0.014471977617594401]
[-0.3059169201624491, 0.014471977617594401]
[-0.3059169201624491, 0.014471977617594401]
[-0.3059169201624491, 0.014471977617594401]
[-0.3059169201624491, 0.014471977617594401]
[-0.3059169201624491, 0.014471977617594401]
[-0.3059169201624491, 0.014471977617594401]
[-0.302596668564828, 0.014210097845080503]
[-0.302596668564828, 0.014210097845080503]
[-0.302596668564828, 0.014210097845080503]
[-0.302596668564828, 0.014210097845080503]
[-0.302596668564828, 0.014210097845080503]
[-0.302596668564828, 0.014210097845080503]
[-0.302596668564828, 0.014210097845080503]
[-0.302596668564828, 0.014210097845080503]
[-0.2992877830440832, 0.013913471349563264]
[-0.2992877830440832, 0.013913471349563264]
[-0.2992877830440832, 0.013913471349563264]
[-0.2992877830440832, 0.013913471349563264]
[-0.2992877830440832, 0.013913471349563264]
[-0.2992877830440832, 0.013913471349563264]
[-0.2992877830440832, 0.013913471349563264]
[-0.2992877830440832, 0.013913471349563264]
[-0.29629868771554396, 0.013607527924836148]
[-0.29629868771554396, 0.013607527924836148]
[-0.29629868771554396, 0.013607527924836148]
[-0.29629868771554396, 0.013607527924836148]
[-0.29629868771554396, 0.013607527924836148]
[-0.29629868771554396, 0.013607527924836148]
[-0.29629868771554396, 0.013607527924836148]
[-0.29629868771554396, 0.013607527924836148]
[-0.29323477224373273, 0.013363676806479218]
[-0.29323477224373273, 0.013363676806479218]
[-0.29323477224373273, 0.013363676806479218]
[-0.29323477224373273, 0.013363676806479218]
[-0.29323477224373273, 0.013363676806479218]
[-0.29323477224373273, 0.013363676806479218]
[-0.29323477224373273, 0.013363676806479218]
[-0.29323477224373273, 0.013363676806479218]
[-0.2897743470398153, 0.01300202636355255]
[-0.2897743470398153, 0.01300202636355255]
[-0.2897743470398153, 0.01300202636355255]
[-0.2897743470398153, 0.01300202636355255]
[-0.2897743470398153, 0.01300202636355255]
[-0.2897743470398153, 0.01300202636355255]
[-0.2897743470398153, 0.01300202636355255]
[-0.2897743470398153, 0.01300202636355255]
[-0.2865978906948235, 0.012633744691569299]
[-0.2865978906948235, 0.012633744691569299]
[-0.2865978906948235, 0.012633744691569299]
[-0.2865978906948235, 0.012633744691569299]
[-0.2865978906948235, 0.012633744691569299]
[-0.2865978906948235, 0.012633744691569299]
[-0.2865978906948235, 0.012633744691569299]
[-0.2865978906948235, 0.012633744691569299]
[-0.2826350345101901, 0.012144092421889944]
[-0.2826350345101901, 0.012144092421889944]
[-0.2826350345101901, 0.012144092421889944]
[-0.2826350345101901, 0.012144092421889944]
[-0.2826350345101901, 0.012144092421889944]
[-0.2826350345101901, 0.012144092421889944]
[-0.2826350345101901, 0.012144092421889944]
[-0.2826350345101901, 0.012144092421889944]
[-0.27995330534296187, 0.011853728504383591]
[-0.27995330534296187, 0.011853728504383591]
[-0.27995330534296187, 0.011853728504383591]
[-0.27995330534296187, 0.011853728504383591]
[-0.27995330534296187, 0.011853728504383591]
[-0.27995330534296187, 0.011853728504383591]
[-0.27995330534296187, 0.011853728504383591]
[-0.27995330534296187, 0.011853728504383591]
[-0.2760718892907485, 0.011469555424676025]
[-0.2760718892907485, 0.011469555424676025]
[-0.2760718892907485, 0.011469555424676025]
[-0.2760718892907485, 0.011469555424676025]
[-0.2760718892907485, 0.011469555424676025]
[-0.2760718892907485, 0.011469555424676025]
[-0.2760718892907485, 0.011469555424676025]
[-0.2760718892907485, 0.011469555424676025]
[-0.27257809259586563, 0.011110960468270585]
[-0.27257809259586563, 0.011110960468270585]
[-0.27257809259586563, 0.011110960468270585]
[-0.27257809259586563, 0.011110960468270585]
[-0.27257809259586563, 0.011110960468270585]
[-0.27257809259586563, 0.011110960468270585]
[-0.27257809259586563, 0.011110960468270585]
[-0.27257809259586563, 0.011110960468270585]
[-0.26903171894092803, 0.010750181434868975]
[-0.26903171894092803, 0.010750181434868975]
[-0.26903171894092803, 0.010750181434868975]
[-0.26903171894092803, 0.010750181434868975]
[-0.26903171894092803, 0.010750181434868975]
[-0.26903171894092803, 0.010750181434868975]
[-0.26903171894092803, 0.010750181434868975]
[-0.26903171894092803, 0.010750181434868975]
[-0.2656945673995693, 0.010507397174836574]
[-0.2656945673995693, 0.010507397174836574]
[-0.2656945673995693, 0.010507397174836574]
[-0.2656945673995693, 0.010507397174836574]
[-0.2656945673995693, 0.010507397174836574]
[-0.2656945673995693, 0.010507397174836574]
[-0.2656945673995693, 0.010507397174836574]
[-0.2656945673995693, 0.010507397174836574]
[-0.2622707255503774, 0.010231093641138675]
[-0.2622707255503774, 0.010231093641138675]
[-0.2622707255503774, 0.010231093641138675]
[-0.2622707255503774, 0.010231093641138675]
[-0.2622707255503774, 0.010231093641138675]
[-0.2622707255503774, 0.010231093641138675]
[-0.2622707255503774, 0.010231093641138675]
[-0.2622707255503774, 0.010231093641138675]
[-0.25883429026323534, 0.00990376277331643]
[-0.25883429026323534, 0.00990376277331643]
[-0.25883429026323534, 0.00990376277331643]
[-0.25883429026323534, 0.00990376277331643]
[-0.25883429026323534, 0.00990376277331643]
[-0.25883429026323534, 0.00990376277331643]
[-0.25883429026323534, 0.00990376277331643]
[-0.25883429026323534, 0.00990376277331643]
[-0.2553156827896146, 0.00952425101602724]
[-0.2553156827896146, 0.00952425101602724]
[-0.2553156827896146, 0.00952425101602724]
[-0.2553156827896146, 0.00952425101602724]
[-0.2553156827896146, 0.00952425101602724]
[-0.2553156827896146, 0.00952425101602724]
[-0.2553156827896146, 0.00952425101602724]
[-0.2553156827896146, 0.00952425101602724]
[-0.2522547319334658, 0.009187451097625676]
[-0.2522547319334658, 0.009187451097625676]
[-0.2522547319334658, 0.009187451097625676]
[-0.2522547319334658, 0.009187451097625676]
[-0.2522547319334658, 0.009187451097625676]
[-0.2522547319334658, 0.009187451097625676]
[-0.2522547319334658, 0.009187451097625676]
[-0.2522547319334658, 0.009187451097625676]
[-0.24847634745586672, 0.008844662803536749]
[-0.24847634745586672, 0.008844662803536749]
[-0.24847634745586672, 0.008844662803536749]
[-0.24847634745586672, 0.008844662803536749]
[-0.24847634745586672, 0.008844662803536749]
[-0.24847634745586672, 0.008844662803536749]
[-0.24847634745586672, 0.008844662803536749]
[-0.24847634745586672, 0.008844662803536749]
[-0.24486454278251385, 0.008534597166453684]
[-0.24486454278251385, 0.008534597166453684]
[-0.24486454278251385, 0.008534597166453684]
[-0.24486454278251385, 0.008534597166453684]
[-0.24486454278251385, 0.008534597166453684]
[-0.24486454278251385, 0.008534597166453684]
[-0.24486454278251385, 0.008534597166453684]
[-0.24486454278251385, 0.008534597166453684]
[-0.24143685751459304, 0.008206446290652395]
[-0.24143685751459304, 0.008206446290652395]
[-0.24143685751459304, 0.008206446290652395]
[-0.24143685751459304, 0.008206446290652395]
[-0.24143685751459304, 0.008206446290652395]
[-0.24143685751459304, 0.008206446290652395]
[-0.24143685751459304, 0.008206446290652395]
[-0.24143685751459304, 0.008206446290652395]
[-0.23806005891987342, 0.007847234696097088]
[-0.23806005891987342, 0.007847234696097088]
[-0.23806005891987342, 0.007847234696097088]
[-0.23806005891987342, 0.007847234696097088]
[-0.23806005891987342, 0.007847234696097088]
[-0.23806005891987342, 0.007847234696097088]
[-0.23806005891987342, 0.007847234696097088]
[-0.23806005891987342, 0.007847234696097088]
[-0.23462400818968415, 0.0074490236324349975]
[-0.23462400818968415, 0.0074490236324349975]
[-0.23462400818968415, 0.0074490236324349975]
[-0.23462400818968415, 0.0074490236324349975]
[-0.23462400818968415, 0.0074490236324349975]
[-0.23462400818968415, 0.0074490236324349975]
[-0.23462400818968415, 0.0074490236324349975]
[-0.23462400818968415, 0.0074490236324349975]
[-0.23168410131689438, 0.007073474290790318]
[-0.23168410131689438, 0.007073474290790318]
[-0.23168410131689438, 0.007073474290790318]
[-0.23168410131689438, 0.007073474290790318]
[-0.23168410131689438, 0.007073474290790318]
[-0.23168410131689438, 0.007073474290790318]
[-0.23168410131689438, 0.007073474290790318]
[-0.23168410131689438, 0.007073474290790318]
[-0.22814850858871324, 0.0066793337219389105]
[-0.22814850858871324, 0.0066793337219389105]
[-0.22814850858871324, 0.0066793337219389105]
[-0.22814850858871324, 0.0066793337219389105]
[-0.22814850858871324, 0.0066793337219389105]
[-0.22814850858871324, 0.0066793337219389105]
[-0.22814850858871324, 0.0066793337219389105]
[-0.22814850858871324, 0.0066793337219389105]
[-0.22452251283050476, 0.006279770569358922]
[-0.22452251283050476, 0.006279770569358922]
[-0.22452251283050476, 0.006279770569358922]
[-0.22452251283050476, 0.006279770569358922]
[-0.22452251283050476, 0.006279770569358922]
[-0.22452251283050476, 0.006279770569358922]
[-0.22452251283050476, 0.006279770569358922]
[-0.22452251283050476, 0.006279770569358922]
[-0.2212531883984426, 0.005903655253422307]
[-0.2212531883984426, 0.005903655253422307]
[-0.2212531883984426, 0.005903655253422307]
[-0.2212531883984426, 0.005903655253422307]
[-0.2212531883984426, 0.005903655253422307]
[-0.2212531883984426, 0.005903655253422307]
[-0.2212531883984426, 0.005903655253422307]
[-0.2212531883984426, 0.005903655253422307]
[-0.21817989626561457, 0.005558854111363286]
[-0.21817989626561457, 0.005558854111363286]
[-0.21817989626561457, 0.005558854111363286]
[-0.21817989626561457, 0.005558854111363286]
[-0.21817989626561457, 0.005558854111363286]
[-0.21817989626561457, 0.005558854111363286]
[-0.21817989626561457, 0.005558854111363286]
[-0.21817989626561457, 0.005558854111363286]
[-0.21442820796596807, 0.005185736474858866]
[-0.21442820796596807, 0.005185736474858866]
[-0.21442820796596807, 0.005185736474858866]
[-0.21442820796596807, 0.005185736474858866]
[-0.21442820796596807, 0.005185736474858866]
[-0.21442820796596807, 0.005185736474858866]
[-0.21442820796596807, 0.005185736474858866]
[-0.21442820796596807, 0.005185736474858866]
[-0.21187867108180775, 0.004944528726789576]
[-0.21187867108180775, 0.004944528726789576]
[-0.21187867108180775, 0.004944528726789576]
[-0.21187867108180775, 0.004944528726789576]
[-0.21187867108180775, 0.004944528726789576]
[-0.21187867108180775, 0.004944528726789576]
[-0.21187867108180775, 0.004944528726789576]
[-0.21187867108180775, 0.004944528726789576]
[-0.20796316344557383, 0.0046110701263934175]
[-0.20796316344557383, 0.0046110701263934175]
[-0.20796316344557383, 0.0046110701263934175]
[-0.20796316344557383, 0.0046110701263934175]
[-0.20796316344557383, 0.0046110701263934175]
[-0.20796316344557383, 0.0046110701263934175]
[-0.20796316344557383, 0.0046110701263934175]
[-0.20796316344557383, 0.0046110701263934175]
[-0.20511999630700414, 0.004393033223303496]
[-0.20511999630700414, 0.004393033223303496]
[-0.20511999630700414, 0.004393033223303496]
[-0.20511999630700414, 0.004393033223303496]
[-0.20511999630700414, 0.004393033223303496]
[-0.20511999630700414, 0.004393033223303496]
[-0.20511999630700414, 0.004393033223303496]
[-0.20511999630700414, 0.004393033223303496]
