[-0.731574831054457, 0.008838887817212369]
[-0.731574831054457, 0.008838887817212369]
[-0.731574831054457, 0.008838887817212369]
[-0.731574831054457, 0.008838887817212369]
[-0.731574831054457, 0.008838887817212369]
[-0.731574831054457, 0.008838887817212369]
[-0.731574831054457, 0.008838887817212369]
[-0.731574831054457, 0.008838887817212369]
[-0.7306122966329908, 0.009813718074741736]
[-0.7306122966329908, 0.009813718074741736]
[-0.7306122966329908, 0.009813718074741736]
[-0.7306122966329908, 0.009813718074741736]
[-0.7306122966329908, 0.009813718074741736]
[-0.7306122966329908, 0.009813718074741736]
[-0.7306122966329908, 0.009813718074741736]
[-0.7306122966329908, 0.009813718074741736]
[-0.7296705777588881, 0.010467132302586234]
[-0.7296705777588881, 0.010467132302586234]
[-0.7296705777588881, 0.010467132302586234]
[-0.7296705777588881, 0.010467132302586234]
[-0.7296705777588881, 0.010467132302586234]
[-0.7296705777588881, 0.010467132302586234]
[-0.7296705777588881, 0.010467132302586234]
[-0.7296705777588881, 0.010467132302586234]
[-0.7285309305754297, 0.011245514682948243]
[-0.7285309305754297, 0.011245514682948243]
[-0.7285309305754297, 0.011245514682948243]
[-0.7285309305754297, 0.011245514682948243]
[-0.7285309305754297, 0.011245514682948243]
[-0.7285309305754297, 0.011245514682948243]
[-0.7285309305754297, 0.011245514682948243]
[-0.7285309305754297, 0.011245514682948243]
[-0.7270111788897442, 0.012387185437413826]
[-0.7270111788897442, 0.012387185437413826]
[-0.7270111788897442, 0.012387185437413826]
[-0.7270111788897442, 0.012387185437413826]
[-0.7270111788897442, 0.012387185437413826]
[-0.7270111788897442, 0.012387185437413826]
[-0.7270111788897442, 0.012387185437413826]
[-0.7270111788897442, 0.012387185437413826]
[-0.7254922215780047, 0.013490323596645808]
[-0.7254922215780047, 0.013490323596645808]
[-0.7254922215780047, 0.013490323596645808]
[-0.7254922215780047, 0.013490323596645808]
[-0.7254922215780047, 0.013490323596645808]
[-0.7254922215780047, 0.013490323596645808]
[-0.7254922215780047, 0.013490323596645808]
[-0.7254922215780047, 0.013490323596645808]
[-0.72381374298516, 0.01468217519361462]
[-0.72381374298516, 0.01468217519361462]
[-0.72381374298516, 0.01468217519361462]
[-0.72381374298516, 0.01468217519361462]
[-0.72381374298516, 0.01468217519361462]
[-0.72381374298516, 0.01468217519361462]
[-0.72381374298516, 0.01468217519361462]
[-0.72381374298516, 0.01468217519361462]
[-0.7224296421493541, 0.015677462990695924]
[-0.7224296421493541, 0.015677462990695924]
[-0.7224296421493541, 0.015677462990695924]
[-0.7224296421493541, 0.015677462990695924]
[-0.7224296421493541, 0.015677462990695924]
[-0.7224296421493541, 0.015677462990695924]
[-0.7224296421493541, 0.015677462990695924]
[-0.7224296421493541, 0.015677462990695924]
[-0.7203394702283338, 0.017033711084631982]
[-0.7203394702283338, 0.017033711084631982]
[-0.7203394702283338, 0.017033711084631982]
[-0.7203394702283338, 0.017033711084631982]
[-0.7203394702283338, 0.017033711084631982]
[-0.7203394702283338, 0.017033711084631982]
[-0.7203394702283338, 0.017033711084631982]
[-0.7203394702283338, 0.017033711084631982]
[-0.7183541779543096, 0.018261572447791974]
[-0.7183541779543096, 0.018261572447791974]
[-0.7183541779543096, 0.018261572447791974]
[-0.7183541779543096, 0.018261572447791974]
[-0.7183541779543096, 0.018261572447791974]
[-0.7183541779543096, 0.018261572447791974]
[-0.7183541779543096, 0.018261572447791974]
[-0.7183541779543096, 0.018261572447791974]
[-0.7166189959910764, 0.019249564014284785]
[-0.7166189959910764, 0.019249564014284785]
[-0.7166189959910764, 0.019249564014284785]
[-0.7166189959910764, 0.019249564014284785]
[-0.7166189959910764, 0.019249564014284785]
[-0.7166189959910764, 0.019249564014284785]
[-0.7166189959910764, 0.019249564014284785]
[-0.7166189959910764, 0.019249564014284785]
[-0.7142425620731727, 0.020436561308257564]
[-0.7142425620731727, 0.020436561308257564]
[-0.7142425620731727, 0.020436561308257564]
[-0.7142425620731727, 0.020436561308257564]
[-0.7142425620731727, 0.020436561308257564]
[-0.7142425620731727, 0.020436561308257564]
[-0.7142425620731727, 0.020436561308257564]
[-0.7142425620731727, 0.020436561308257564]
[-0.7120793016554015, 0.021449075310143593]
[-0.7120793016554015, 0.021449075310143593]
[-0.7120793016554015, 0.021449075310143593]
[-0.7120793016554015, 0.021449075310143593]
[-0.7120793016554015, 0.021449075310143593]
[-0.7120793016554015, 0.021449075310143593]
[-0.7120793016554015, 0.021449075310143593]
[-0.7120793016554015, 0.021449075310143593]
[-0.7103571289236547, 0.022196391152907727]
[-0.7103571289236547, 0.022196391152907727]
[-0.7103571289236547, 0.022196391152907727]
[-0.7103571289236547, 0.022196391152907727]
[-0.7103571289236547, 0.022196391152907727]
[-0.7103571289236547, 0.022196391152907727]
[-0.7103571289236547, 0.022196391152907727]
[-0.7103571289236547, 0.022196391152907727]
[-0.7083982909082486, 0.023006462977519786]
[-0.7083982909082486, 0.023006462977519786]
[-0.7083982909082486, 0.023006462977519786]
[-0.7083982909082486, 0.023006462977519786]
[-0.7083982909082486, 0.023006462977519786]
[-0.7083982909082486, 0.023006462977519786]
[-0.7083982909082486, 0.023006462977519786]
[-0.7083982909082486, 0.023006462977519786]
[-0.7067904999335298, 0.023652414685244358]
[-0.7067904999335298, 0.023652414685244358]
[-0.7067904999335298, 0.023652414685244358]
[-0.7067904999335298, 0.023652414685244358]
[-0.7067904999335298, 0.023652414685244358]
[-0.7067904999335298, 0.023652414685244358]
[-0.7067904999335298, 0.023652414685244358]
[-0.7067904999335298, 0.023652414685244358]
[-0.7050429871087646, 0.024328908286173147]
[-0.7050429871087646, 0.024328908286173147]
[-0.7050429871087646, 0.024328908286173147]
[-0.7050429871087646, 0.024328908286173147]
[-0.7050429871087646, 0.024328908286173147]
[-0.7050429871087646, 0.024328908286173147]
[-0.7050429871087646, 0.024328908286173147]
[-0.7050429871087646, 0.024328908286173147]
[-0.7034575103451485, 0.024925326570130767]
[-0.7034575103451485, 0.024925326570130767]
[-0.7034575103451485, 0.024925326570130767]
[-0.7034575103451485, 0.024925326570130767]
[-0.7034575103451485, 0.024925326570130767]
[-0.7034575103451485, 0.024925326570130767]
[-0.7034575103451485, 0.024925326570130767]
[-0.7034575103451485, 0.024925326570130767]
[-0.7017021310397331, 0.02556782983035926]
[-0.7017021310397331, 0.02556782983035926]
[-0.7017021310397331, 0.02556782983035926]
[-0.7017021310397331, 0.02556782983035926]
[-0.7017021310397331, 0.02556782983035926]
[-0.7017021310397331, 0.02556782983035926]
[-0.7017021310397331, 0.02556782983035926]
[-0.7017021310397331, 0.02556782983035926]
[-0.6997130674818187, 0.026284505906445158]
[-0.6997130674818187, 0.026284505906445158]
[-0.6997130674818187, 0.026284505906445158]
[-0.6997130674818187, 0.026284505906445158]
[-0.6997130674818187, 0.026284505906445158]
[-0.6997130674818187, 0.026284505906445158]
[-0.6997130674818187, 0.026284505906445158]
[-0.6997130674818187, 0.026284505906445158]
[-0.6979849798049622, 0.026913617095154746]
[-0.6979849798049622, 0.026913617095154746]
[-0.6979849798049622, 0.026913617095154746]
[-0.6979849798049622, 0.026913617095154746]
[-0.6979849798049622, 0.026913617095154746]
[-0.6979849798049622, 0.026913617095154746]
[-0.6979849798049622, 0.026913617095154746]
[-0.6979849798049622, 0.026913617095154746]
[-0.6960375926754835, 0.027613259778807527]
[-0.6960375926754835, 0.027613259778807527]
[-0.6960375926754835, 0.027613259778807527]
[-0.6960375926754835, 0.027613259778807527]
[-0.6960375926754835, 0.027613259778807527]
[-0.6960375926754835, 0.027613259778807527]
[-0.6960375926754835, 0.027613259778807527]
[-0.6960375926754835, 0.027613259778807527]
[-0.6945101241481075, 0.02815097630839736]
[-0.6945101241481075, 0.02815097630839736]
[-0.6945101241481075, 0.02815097630839736]
[-0.6945101241481075, 0.02815097630839736]
[-0.6945101241481075, 0.02815097630839736]
[-0.6945101241481075, 0.02815097630839736]
[-0.6945101241481075, 0.02815097630839736]
[-0.6945101241481075, 0.02815097630839736]
[-0.693042655719606, 0.02864187703246909]
[-0.693042655719606, 0.02864187703246909]
[-0.693042655719606, 0.02864187703246909]
[-0.693042655719606, 0.02864187703246909]
[-0.693042655719606, 0.02864187703246909]
[-0.693042655719606, 0.02864187703246909]
[-0.693042655719606, 0.02864187703246909]
[-0.693042655719606, 0.02864187703246909]
[-0.6913261600989881, 0.029191764672467323]
[-0.6913261600989881, 0.029191764672467323]
[-0.6913261600989881, 0.029191764672467323]
[-0.6913261600989881, 0.029191764672467323]
[-0.6913261600989881, 0.029191764672467323]
[-0.6913261600989881, 0.029191764672467323]
[-0.6913261600989881, 0.029191764672467323]
[-0.6913261600989881, 0.029191764672467323]
[-0.6893051007993436, 0.02982310674884227]
[-0.6893051007993436, 0.02982310674884227]
[-0.6893051007993436, 0.02982310674884227]
[-0.6893051007993436, 0.02982310674884227]
[-0.6893051007993436, 0.02982310674884227]
[-0.6893051007993436, 0.02982310674884227]
[-0.6893051007993436, 0.02982310674884227]
[-0.6893051007993436, 0.02982310674884227]
[-0.6870490547815922, 0.030481444091253404]
[-0.6870490547815922, 0.030481444091253404]
[-0.6870490547815922, 0.030481444091253404]
[-0.6870490547815922, 0.030481444091253404]
[-0.6870490547815922, 0.030481444091253404]
[-0.6870490547815922, 0.030481444091253404]
[-0.6870490547815922, 0.030481444091253404]
[-0.6870490547815922, 0.030481444091253404]
[-0.6850446825220649, 0.030948555093239842]
[-0.6850446825220649, 0.030948555093239842]
[-0.6850446825220649, 0.030948555093239842]
[-0.6850446825220649, 0.030948555093239842]
[-0.6850446825220649, 0.030948555093239842]
[-0.6850446825220649, 0.030948555093239842]
[-0.6850446825220649, 0.030948555093239842]
[-0.6850446825220649, 0.030948555093239842]
[-0.6827870400144455, 0.031330112604315084]
[-0.6827870400144455, 0.031330112604315084]
[-0.6827870400144455, 0.031330112604315084]
[-0.6827870400144455, 0.031330112604315084]
[-0.6827870400144455, 0.031330112604315084]
[-0.6827870400144455, 0.031330112604315084]
[-0.6827870400144455, 0.031330112604315084]
[-0.6827870400144455, 0.031330112604315084]
[-0.6800607880446652, 0.031626774484959576]
[-0.6800607880446652, 0.031626774484959576]
[-0.6800607880446652, 0.031626774484959576]
[-0.6800607880446652, 0.031626774484959576]
[-0.6800607880446652, 0.031626774484959576]
[-0.6800607880446652, 0.031626774484959576]
[-0.6800607880446652, 0.031626774484959576]
[-0.6800607880446652, 0.031626774484959576]
[-0.6778997254125138, 0.03178188070939311]
[-0.6778997254125138, 0.03178188070939311]
[-0.6778997254125138, 0.03178188070939311]
[-0.6778997254125138, 0.03178188070939311]
[-0.6778997254125138, 0.03178188070939311]
[-0.6778997254125138, 0.03178188070939311]
[-0.6778997254125138, 0.03178188070939311]
[-0.6778997254125138, 0.03178188070939311]
[-0.675708762297901, 0.03188311683006773]
[-0.675708762297901, 0.03188311683006773]
[-0.675708762297901, 0.03188311683006773]
[-0.675708762297901, 0.03188311683006773]
[-0.675708762297901, 0.03188311683006773]
[-0.675708762297901, 0.03188311683006773]
[-0.675708762297901, 0.03188311683006773]
[-0.675708762297901, 0.03188311683006773]
[-0.6737191759557742, 0.03193107655432169]
[-0.6737191759557742, 0.03193107655432169]
[-0.6737191759557742, 0.03193107655432169]
[-0.6737191759557742, 0.03193107655432169]
[-0.6737191759557742, 0.03193107655432169]
[-0.6737191759557742, 0.03193107655432169]
[-0.6737191759557742, 0.03193107655432169]
[-0.6737191759557742, 0.03193107655432169]
[-0.6722428961593648, 0.03193499550280215]
[-0.6722428961593648, 0.03193499550280215]
[-0.6722428961593648, 0.03193499550280215]
[-0.6722428961593648, 0.03193499550280215]
[-0.6722428961593648, 0.03193499550280215]
[-0.6722428961593648, 0.03193499550280215]
[-0.6722428961593648, 0.03193499550280215]
[-0.6722428961593648, 0.03193499550280215]
[-0.669651305536093, 0.03190558769307773]
[-0.669651305536093, 0.03190558769307773]
[-0.669651305536093, 0.03190558769307773]
[-0.669651305536093, 0.03190558769307773]
[-0.669651305536093, 0.03190558769307773]
[-0.669651305536093, 0.03190558769307773]
[-0.669651305536093, 0.03190558769307773]
[-0.669651305536093, 0.03190558769307773]
[-0.6680358790762039, 0.0319254615666407]
[-0.6680358790762039, 0.0319254615666407]
[-0.6680358790762039, 0.0319254615666407]
[-0.6680358790762039, 0.0319254615666407]
[-0.6680358790762039, 0.0319254615666407]
[-0.6680358790762039, 0.0319254615666407]
[-0.6680358790762039, 0.0319254615666407]
[-0.6680358790762039, 0.0319254615666407]
[-0.6657090432222638, 0.03193862622035978]
[-0.6657090432222638, 0.03193862622035978]
[-0.6657090432222638, 0.03193862622035978]
[-0.6657090432222638, 0.03193862622035978]
[-0.6657090432222638, 0.03193862622035978]
[-0.6657090432222638, 0.03193862622035978]
[-0.6657090432222638, 0.03193862622035978]
[-0.6657090432222638, 0.03193862622035978]
[-0.6629660151081612, 0.032010917775802686]
[-0.6629660151081612, 0.032010917775802686]
[-0.6629660151081612, 0.032010917775802686]
[-0.6629660151081612, 0.032010917775802686]
[-0.6629660151081612, 0.032010917775802686]
[-0.6629660151081612, 0.032010917775802686]
[-0.6629660151081612, 0.032010917775802686]
[-0.6629660151081612, 0.032010917775802686]
[-0.6604103746030142, 0.0321485469456026]
[-0.6604103746030142, 0.0321485469456026]
[-0.6604103746030142, 0.0321485469456026]
[-0.6604103746030142, 0.0321485469456026]
[-0.6604103746030142, 0.0321485469456026]
[-0.6604103746030142, 0.0321485469456026]
[-0.6604103746030142, 0.0321485469456026]
[-0.6604103746030142, 0.0321485469456026]
[-0.6582126906711139, 0.03229774210696031]
[-0.6582126906711139, 0.03229774210696031]
[-0.6582126906711139, 0.03229774210696031]
[-0.6582126906711139, 0.03229774210696031]
[-0.6582126906711139, 0.03229774210696031]
[-0.6582126906711139, 0.03229774210696031]
[-0.6582126906711139, 0.03229774210696031]
[-0.6582126906711139, 0.03229774210696031]
[-0.6560267324599504, 0.03244951151844447]
[-0.6560267324599504, 0.03244951151844447]
[-0.6560267324599504, 0.03244951151844447]
[-0.6560267324599504, 0.03244951151844447]
[-0.6560267324599504, 0.03244951151844447]
[-0.6560267324599504, 0.03244951151844447]
[-0.6560267324599504, 0.03244951151844447]
[-0.6560267324599504, 0.03244951151844447]
[-0.6542811978879935, 0.03256442054930813]
[-0.6542811978879935, 0.03256442054930813]
[-0.6542811978879935, 0.03256442054930813]
[-0.6542811978879935, 0.03256442054930813]
[-0.6542811978879935, 0.03256442054930813]
[-0.6542811978879935, 0.03256442054930813]
[-0.6542811978879935, 0.03256442054930813]
[-0.6542811978879935, 0.03256442054930813]
[-0.6525857535285519, 0.0326535565007093]
[-0.6525857535285519, 0.0326535565007093]
[-0.6525857535285519, 0.0326535565007093]
[-0.6525857535285519, 0.0326535565007093]
[-0.6525857535285519, 0.0326535565007093]
[-0.6525857535285519, 0.0326535565007093]
[-0.6525857535285519, 0.0326535565007093]
[-0.6525857535285519, 0.0326535565007093]
[-0.6508669227195338, 0.03272008627722714]
[-0.6508669227195338, 0.03272008627722714]
[-0.6508669227195338, 0.03272008627722714]
[-0.6508669227195338, 0.03272008627722714]
[-0.6508669227195338, 0.03272008627722714]
[-0.6508669227195338, 0.03272008627722714]
[-0.6508669227195338, 0.03272008627722714]
[-0.6508669227195338, 0.03272008627722714]
[-0.6488114146901954, 0.03277979236800225]
[-0.6488114146901954, 0.03277979236800225]
[-0.6488114146901954, 0.03277979236800225]
[-0.6488114146901954, 0.03277979236800225]
[-0.6488114146901954, 0.03277979236800225]
[-0.6488114146901954, 0.03277979236800225]
[-0.6488114146901954, 0.03277979236800225]
[-0.6488114146901954, 0.03277979236800225]
[-0.6470851779897078, 0.03282473430022024]
[-0.6470851779897078, 0.03282473430022024]
[-0.6470851779897078, 0.03282473430022024]
[-0.6470851779897078, 0.03282473430022024]
[-0.6470851779897078, 0.03282473430022024]
[-0.6470851779897078, 0.03282473430022024]
[-0.6470851779897078, 0.03282473430022024]
[-0.6470851779897078, 0.03282473430022024]
[-0.6454146460191615, 0.032842455900977834]
[-0.6454146460191615, 0.032842455900977834]
[-0.6454146460191615, 0.032842455900977834]
[-0.6454146460191615, 0.032842455900977834]
[-0.6454146460191615, 0.032842455900977834]
[-0.6454146460191615, 0.032842455900977834]
[-0.6454146460191615, 0.032842455900977834]
[-0.6454146460191615, 0.032842455900977834]
[-0.6438421340437206, 0.03283291593653985]
[-0.6438421340437206, 0.03283291593653985]
[-0.6438421340437206, 0.03283291593653985]
[-0.6438421340437206, 0.03283291593653985]
[-0.6438421340437206, 0.03283291593653985]
[-0.6438421340437206, 0.03283291593653985]
[-0.6438421340437206, 0.03283291593653985]
[-0.6438421340437206, 0.03283291593653985]
[-0.641812558276889, 0.03280654352471483]
[-0.641812558276889, 0.03280654352471483]
[-0.641812558276889, 0.03280654352471483]
[-0.641812558276889, 0.03280654352471483]
[-0.641812558276889, 0.03280654352471483]
[-0.641812558276889, 0.03280654352471483]
[-0.641812558276889, 0.03280654352471483]
[-0.641812558276889, 0.03280654352471483]
[-0.6395688590219648, 0.03278461637939387]
[-0.6395688590219648, 0.03278461637939387]
[-0.6395688590219648, 0.03278461637939387]
[-0.6395688590219648, 0.03278461637939387]
[-0.6395688590219648, 0.03278461637939387]
[-0.6395688590219648, 0.03278461637939387]
[-0.6395688590219648, 0.03278461637939387]
[-0.6395688590219648, 0.03278461637939387]
[-0.6375504880504582, 0.03278290831237663]
[-0.6375504880504582, 0.03278290831237663]
[-0.6375504880504582, 0.03278290831237663]
[-0.6375504880504582, 0.03278290831237663]
[-0.6375504880504582, 0.03278290831237663]
[-0.6375504880504582, 0.03278290831237663]
[-0.6375504880504582, 0.03278290831237663]
[-0.6375504880504582, 0.03278290831237663]
[-0.6356383235629088, 0.032784496194190015]
[-0.6356383235629088, 0.032784496194190015]
[-0.6356383235629088, 0.032784496194190015]
[-0.6356383235629088, 0.032784496194190015]
[-0.6356383235629088, 0.032784496194190015]
[-0.6356383235629088, 0.032784496194190015]
[-0.6356383235629088, 0.032784496194190015]
[-0.6356383235629088, 0.032784496194190015]
[-0.6338842224616261, 0.03277920652386307]
[-0.6338842224616261, 0.03277920652386307]
[-0.6338842224616261, 0.03277920652386307]
[-0.6338842224616261, 0.03277920652386307]
[-0.6338842224616261, 0.03277920652386307]
[-0.6338842224616261, 0.03277920652386307]
[-0.6338842224616261, 0.03277920652386307]
[-0.6338842224616261, 0.03277920652386307]
[-0.6321126156423239, 0.032756086553462224]
[-0.6321126156423239, 0.032756086553462224]
[-0.6321126156423239, 0.032756086553462224]
[-0.6321126156423239, 0.032756086553462224]
[-0.6321126156423239, 0.032756086553462224]
[-0.6321126156423239, 0.032756086553462224]
[-0.6321126156423239, 0.032756086553462224]
[-0.6321126156423239, 0.032756086553462224]
[-0.630581733219781, 0.03272129199866605]
[-0.630581733219781, 0.03272129199866605]
[-0.630581733219781, 0.03272129199866605]
[-0.630581733219781, 0.03272129199866605]
[-0.630581733219781, 0.03272129199866605]
[-0.630581733219781, 0.03272129199866605]
[-0.630581733219781, 0.03272129199866605]
[-0.630581733219781, 0.03272129199866605]
[-0.6286694902953591, 0.03265747070570089]
[-0.6286694902953591, 0.03265747070570089]
[-0.6286694902953591, 0.03265747070570089]
[-0.6286694902953591, 0.03265747070570089]
[-0.6286694902953591, 0.03265747070570089]
[-0.6286694902953591, 0.03265747070570089]
[-0.6286694902953591, 0.03265747070570089]
[-0.6286694902953591, 0.03265747070570089]
[-0.6269041644963564, 0.032598465776936654]
[-0.6269041644963564, 0.032598465776936654]
[-0.6269041644963564, 0.032598465776936654]
[-0.6269041644963564, 0.032598465776936654]
[-0.6269041644963564, 0.032598465776936654]
[-0.6269041644963564, 0.032598465776936654]
[-0.6269041644963564, 0.032598465776936654]
[-0.6269041644963564, 0.032598465776936654]
[-0.6249722853452226, 0.032533267632158344]
[-0.6249722853452226, 0.032533267632158344]
[-0.6249722853452226, 0.032533267632158344]
[-0.6249722853452226, 0.032533267632158344]
[-0.6249722853452226, 0.032533267632158344]
[-0.6249722853452226, 0.032533267632158344]
[-0.6249722853452226, 0.032533267632158344]
[-0.6249722853452226, 0.032533267632158344]
[-0.6231235937022567, 0.03247536229288076]
[-0.6231235937022567, 0.03247536229288076]
[-0.6231235937022567, 0.03247536229288076]
[-0.6231235937022567, 0.03247536229288076]
[-0.6231235937022567, 0.03247536229288076]
[-0.6231235937022567, 0.03247536229288076]
[-0.6231235937022567, 0.03247536229288076]
[-0.6231235937022567, 0.03247536229288076]
[-0.6211505154105297, 0.03241519997372417]
[-0.6211505154105297, 0.03241519997372417]
[-0.6211505154105297, 0.03241519997372417]
[-0.6211505154105297, 0.03241519997372417]
[-0.6211505154105297, 0.03241519997372417]
[-0.6211505154105297, 0.03241519997372417]
[-0.6211505154105297, 0.03241519997372417]
[-0.6211505154105297, 0.03241519997372417]
[-0.6193027978483082, 0.03236123316758366]
[-0.6193027978483082, 0.03236123316758366]
[-0.6193027978483082, 0.03236123316758366]
[-0.6193027978483082, 0.03236123316758366]
[-0.6193027978483082, 0.03236123316758366]
[-0.6193027978483082, 0.03236123316758366]
[-0.6193027978483082, 0.03236123316758366]
[-0.6193027978483082, 0.03236123316758366]
[-0.617427053279473, 0.03230710629465115]
[-0.617427053279473, 0.03230710629465115]
[-0.617427053279473, 0.03230710629465115]
[-0.617427053279473, 0.03230710629465115]
[-0.617427053279473, 0.03230710629465115]
[-0.617427053279473, 0.03230710629465115]
[-0.617427053279473, 0.03230710629465115]
[-0.617427053279473, 0.03230710629465115]
[-0.6156024140469749, 0.03225688354253269]
[-0.6156024140469749, 0.03225688354253269]
[-0.6156024140469749, 0.03225688354253269]
[-0.6156024140469749, 0.03225688354253269]
[-0.6156024140469749, 0.03225688354253269]
[-0.6156024140469749, 0.03225688354253269]
[-0.6156024140469749, 0.03225688354253269]
[-0.6156024140469749, 0.03225688354253269]
[-0.6139871452226848, 0.0322049694287445]
[-0.6139871452226848, 0.0322049694287445]
[-0.6139871452226848, 0.0322049694287445]
[-0.6139871452226848, 0.0322049694287445]
[-0.6139871452226848, 0.0322049694287445]
[-0.6139871452226848, 0.0322049694287445]
[-0.6139871452226848, 0.0322049694287445]
[-0.6139871452226848, 0.0322049694287445]
[-0.6121776317929765, 0.032131847717607]
[-0.6121776317929765, 0.032131847717607]
[-0.6121776317929765, 0.032131847717607]
[-0.6121776317929765, 0.032131847717607]
[-0.6121776317929765, 0.032131847717607]
[-0.6121776317929765, 0.032131847717607]
[-0.6121776317929765, 0.032131847717607]
[-0.6121776317929765, 0.032131847717607]
[-0.6103563215253553, 0.032052387046381435]
[-0.6103563215253553, 0.032052387046381435]
[-0.6103563215253553, 0.032052387046381435]
[-0.6103563215253553, 0.032052387046381435]
[-0.6103563215253553, 0.032052387046381435]
[-0.6103563215253553, 0.032052387046381435]
[-0.6103563215253553, 0.032052387046381435]
[-0.6103563215253553, 0.032052387046381435]
[-0.6082546487597801, 0.03197037271482616]
[-0.6082546487597801, 0.03197037271482616]
[-0.6082546487597801, 0.03197037271482616]
[-0.6082546487597801, 0.03197037271482616]
[-0.6082546487597801, 0.03197037271482616]
[-0.6082546487597801, 0.03197037271482616]
[-0.6082546487597801, 0.03197037271482616]
[-0.6082546487597801, 0.03197037271482616]
[-0.6061326766955041, 0.03191764075854678]
[-0.6061326766955041, 0.03191764075854678]
[-0.6061326766955041, 0.03191764075854678]
[-0.6061326766955041, 0.03191764075854678]
[-0.6061326766955041, 0.03191764075854678]
[-0.6061326766955041, 0.03191764075854678]
[-0.6061326766955041, 0.03191764075854678]
[-0.6061326766955041, 0.03191764075854678]
[-0.6044305985651857, 0.031883272755798275]
[-0.6044305985651857, 0.031883272755798275]
[-0.6044305985651857, 0.031883272755798275]
[-0.6044305985651857, 0.031883272755798275]
[-0.6044305985651857, 0.031883272755798275]
[-0.6044305985651857, 0.031883272755798275]
[-0.6044305985651857, 0.031883272755798275]
[-0.6044305985651857, 0.031883272755798275]
[-0.6025312531430309, 0.03183401876125167]
[-0.6025312531430309, 0.03183401876125167]
[-0.6025312531430309, 0.03183401876125167]
[-0.6025312531430309, 0.03183401876125167]
[-0.6025312531430309, 0.03183401876125167]
[-0.6025312531430309, 0.03183401876125167]
[-0.6025312531430309, 0.03183401876125167]
[-0.6025312531430309, 0.03183401876125167]
[-0.6004950539057065, 0.03177579161097607]
[-0.6004950539057065, 0.03177579161097607]
[-0.6004950539057065, 0.03177579161097607]
[-0.6004950539057065, 0.03177579161097607]
[-0.6004950539057065, 0.03177579161097607]
[-0.6004950539057065, 0.03177579161097607]
[-0.6004950539057065, 0.03177579161097607]
[-0.6004950539057065, 0.03177579161097607]
[-0.5987153732574387, 0.031733505808722695]
[-0.5987153732574387, 0.031733505808722695]
[-0.5987153732574387, 0.031733505808722695]
[-0.5987153732574387, 0.031733505808722695]
[-0.5987153732574387, 0.031733505808722695]
[-0.5987153732574387, 0.031733505808722695]
[-0.5987153732574387, 0.031733505808722695]
[-0.5987153732574387, 0.031733505808722695]
[-0.5963833864301997, 0.0316730544430052]
[-0.5963833864301997, 0.0316730544430052]
[-0.5963833864301997, 0.0316730544430052]
[-0.5963833864301997, 0.0316730544430052]
[-0.5963833864301997, 0.0316730544430052]
[-0.5963833864301997, 0.0316730544430052]
[-0.5963833864301997, 0.0316730544430052]
[-0.5963833864301997, 0.0316730544430052]
[-0.5945281714138141, 0.03164167925522305]
[-0.5945281714138141, 0.03164167925522305]
[-0.5945281714138141, 0.03164167925522305]
[-0.5945281714138141, 0.03164167925522305]
[-0.5945281714138141, 0.03164167925522305]
[-0.5945281714138141, 0.03164167925522305]
[-0.5945281714138141, 0.03164167925522305]
[-0.5945281714138141, 0.03164167925522305]
[-0.5926963512911502, 0.031596835375621905]
[-0.5926963512911502, 0.031596835375621905]
[-0.5926963512911502, 0.031596835375621905]
[-0.5926963512911502, 0.031596835375621905]
[-0.5926963512911502, 0.031596835375621905]
[-0.5926963512911502, 0.031596835375621905]
[-0.5926963512911502, 0.031596835375621905]
[-0.5926963512911502, 0.031596835375621905]
[-0.5905413674257574, 0.031546668841422945]
[-0.5905413674257574, 0.031546668841422945]
[-0.5905413674257574, 0.031546668841422945]
[-0.5905413674257574, 0.031546668841422945]
[-0.5905413674257574, 0.031546668841422945]
[-0.5905413674257574, 0.031546668841422945]
[-0.5905413674257574, 0.031546668841422945]
[-0.5905413674257574, 0.031546668841422945]
[-0.5887021933747544, 0.031511012173849204]
[-0.5887021933747544, 0.031511012173849204]
[-0.5887021933747544, 0.031511012173849204]
[-0.5887021933747544, 0.031511012173849204]
[-0.5887021933747544, 0.031511012173849204]
[-0.5887021933747544, 0.031511012173849204]
[-0.5887021933747544, 0.031511012173849204]
[-0.5887021933747544, 0.031511012173849204]
[-0.5865730700378032, 0.03146926943134418]
[-0.5865730700378032, 0.03146926943134418]
[-0.5865730700378032, 0.03146926943134418]
[-0.5865730700378032, 0.03146926943134418]
[-0.5865730700378032, 0.03146926943134418]
[-0.5865730700378032, 0.03146926943134418]
[-0.5865730700378032, 0.03146926943134418]
[-0.5865730700378032, 0.03146926943134418]
[-0.5849758002547989, 0.03144045806341497]
[-0.5849758002547989, 0.03144045806341497]
[-0.5849758002547989, 0.03144045806341497]
[-0.5849758002547989, 0.03144045806341497]
[-0.5849758002547989, 0.03144045806341497]
[-0.5849758002547989, 0.03144045806341497]
[-0.5849758002547989, 0.03144045806341497]
[-0.5849758002547989, 0.03144045806341497]
[-0.5827577097761344, 0.031376181666493454]
[-0.5827577097761344, 0.031376181666493454]
[-0.5827577097761344, 0.031376181666493454]
[-0.5827577097761344, 0.031376181666493454]
[-0.5827577097761344, 0.031376181666493454]
[-0.5827577097761344, 0.031376181666493454]
[-0.5827577097761344, 0.031376181666493454]
[-0.5827577097761344, 0.031376181666493454]
[-0.5810760705113976, 0.03134884648712249]
[-0.5810760705113976, 0.03134884648712249]
[-0.5810760705113976, 0.03134884648712249]
[-0.5810760705113976, 0.03134884648712249]
[-0.5810760705113976, 0.03134884648712249]
[-0.5810760705113976, 0.03134884648712249]
[-0.5810760705113976, 0.03134884648712249]
[-0.5810760705113976, 0.03134884648712249]
[-0.5788207964379046, 0.0312940654801701]
[-0.5788207964379046, 0.0312940654801701]
[-0.5788207964379046, 0.0312940654801701]
[-0.5788207964379046, 0.0312940654801701]
[-0.5788207964379046, 0.0312940654801701]
[-0.5788207964379046, 0.0312940654801701]
[-0.5788207964379046, 0.0312940654801701]
[-0.5788207964379046, 0.0312940654801701]
[-0.5774060763300212, 0.03127348749413545]
[-0.5774060763300212, 0.03127348749413545]
[-0.5774060763300212, 0.03127348749413545]
[-0.5774060763300212, 0.03127348749413545]
[-0.5774060763300212, 0.03127348749413545]
[-0.5774060763300212, 0.03127348749413545]
[-0.5774060763300212, 0.03127348749413545]
[-0.5774060763300212, 0.03127348749413545]
[-0.5754532844414668, 0.0312022946161526]
[-0.5754532844414668, 0.0312022946161526]
[-0.5754532844414668, 0.0312022946161526]
[-0.5754532844414668, 0.0312022946161526]
[-0.5754532844414668, 0.0312022946161526]
[-0.5754532844414668, 0.0312022946161526]
[-0.5754532844414668, 0.0312022946161526]
[-0.5754532844414668, 0.0312022946161526]
[-0.5736218077306343, 0.03113738091370029]
[-0.5736218077306343, 0.03113738091370029]
[-0.5736218077306343, 0.03113738091370029]
[-0.5736218077306343, 0.03113738091370029]
[-0.5736218077306343, 0.03113738091370029]
[-0.5736218077306343, 0.03113738091370029]
[-0.5736218077306343, 0.03113738091370029]
[-0.5736218077306343, 0.03113738091370029]
[-0.5721412513516586, 0.031069416636054906]
[-0.5721412513516586, 0.031069416636054906]
[-0.5721412513516586, 0.031069416636054906]
[-0.5721412513516586, 0.031069416636054906]
[-0.5721412513516586, 0.031069416636054906]
[-0.5721412513516586, 0.031069416636054906]
[-0.5721412513516586, 0.031069416636054906]
[-0.5721412513516586, 0.031069416636054906]
[-0.5703042555939095, 0.03097545507429205]
[-0.5703042555939095, 0.03097545507429205]
[-0.5703042555939095, 0.03097545507429205]
[-0.5703042555939095, 0.03097545507429205]
[-0.5703042555939095, 0.03097545507429205]
[-0.5703042555939095, 0.03097545507429205]
[-0.5703042555939095, 0.03097545507429205]
[-0.5703042555939095, 0.03097545507429205]
[-0.5686039264550381, 0.030888925577435826]
[-0.5686039264550381, 0.030888925577435826]
[-0.5686039264550381, 0.030888925577435826]
[-0.5686039264550381, 0.030888925577435826]
[-0.5686039264550381, 0.030888925577435826]
[-0.5686039264550381, 0.030888925577435826]
[-0.5686039264550381, 0.030888925577435826]
[-0.5686039264550381, 0.030888925577435826]
[-0.5669185913683338, 0.030794373287254238]
[-0.5669185913683338, 0.030794373287254238]
[-0.5669185913683338, 0.030794373287254238]
[-0.5669185913683338, 0.030794373287254238]
[-0.5669185913683338, 0.030794373287254238]
[-0.5669185913683338, 0.030794373287254238]
[-0.5669185913683338, 0.030794373287254238]
[-0.5669185913683338, 0.030794373287254238]
[-0.564785885947572, 0.03067039282011162]
[-0.564785885947572, 0.03067039282011162]
[-0.564785885947572, 0.03067039282011162]
[-0.564785885947572, 0.03067039282011162]
[-0.564785885947572, 0.03067039282011162]
[-0.564785885947572, 0.03067039282011162]
[-0.564785885947572, 0.03067039282011162]
[-0.564785885947572, 0.03067039282011162]
[-0.5630406846668565, 0.030590394449471613]
[-0.5630406846668565, 0.030590394449471613]
[-0.5630406846668565, 0.030590394449471613]
[-0.5630406846668565, 0.030590394449471613]
[-0.5630406846668565, 0.030590394449471613]
[-0.5630406846668565, 0.030590394449471613]
[-0.5630406846668565, 0.030590394449471613]
[-0.5630406846668565, 0.030590394449471613]
[-0.5615142338216396, 0.030514859361152384]
[-0.5615142338216396, 0.030514859361152384]
[-0.5615142338216396, 0.030514859361152384]
[-0.5615142338216396, 0.030514859361152384]
[-0.5615142338216396, 0.030514859361152384]
[-0.5615142338216396, 0.030514859361152384]
[-0.5615142338216396, 0.030514859361152384]
[-0.5615142338216396, 0.030514859361152384]
[-0.5599389811366364, 0.030414780142595268]
[-0.5599389811366364, 0.030414780142595268]
[-0.5599389811366364, 0.030414780142595268]
[-0.5599389811366364, 0.030414780142595268]
[-0.5599389811366364, 0.030414780142595268]
[-0.5599389811366364, 0.030414780142595268]
[-0.5599389811366364, 0.030414780142595268]
[-0.5599389811366364, 0.030414780142595268]
[-0.5581822578846034, 0.03029619570913634]
[-0.5581822578846034, 0.03029619570913634]
[-0.5581822578846034, 0.03029619570913634]
[-0.5581822578846034, 0.03029619570913634]
[-0.5581822578846034, 0.03029619570913634]
[-0.5581822578846034, 0.03029619570913634]
[-0.5581822578846034, 0.03029619570913634]
[-0.5581822578846034, 0.03029619570913634]
[-0.5564207544244533, 0.030183093425119344]
[-0.5564207544244533, 0.030183093425119344]
[-0.5564207544244533, 0.030183093425119344]
[-0.5564207544244533, 0.030183093425119344]
[-0.5564207544244533, 0.030183093425119344]
[-0.5564207544244533, 0.030183093425119344]
[-0.5564207544244533, 0.030183093425119344]
[-0.5564207544244533, 0.030183093425119344]
[-0.5543247210849238, 0.03006602377391539]
[-0.5543247210849238, 0.03006602377391539]
[-0.5543247210849238, 0.03006602377391539]
[-0.5543247210849238, 0.03006602377391539]
[-0.5543247210849238, 0.03006602377391539]
[-0.5543247210849238, 0.03006602377391539]
[-0.5543247210849238, 0.03006602377391539]
[-0.5543247210849238, 0.03006602377391539]
[-0.5524734430540634, 0.029980762863343852]
[-0.5524734430540634, 0.029980762863343852]
[-0.5524734430540634, 0.029980762863343852]
[-0.5524734430540634, 0.029980762863343852]
[-0.5524734430540634, 0.029980762863343852]
[-0.5524734430540634, 0.029980762863343852]
[-0.5524734430540634, 0.029980762863343852]
[-0.5524734430540634, 0.029980762863343852]
[-0.550768867186803, 0.02990068102902065]
[-0.550768867186803, 0.02990068102902065]
[-0.550768867186803, 0.02990068102902065]
[-0.550768867186803, 0.02990068102902065]
[-0.550768867186803, 0.02990068102902065]
[-0.550768867186803, 0.02990068102902065]
[-0.550768867186803, 0.02990068102902065]
[-0.550768867186803, 0.02990068102902065]
[-0.5490549512309391, 0.029814034419878444]
[-0.5490549512309391, 0.029814034419878444]
[-0.5490549512309391, 0.029814034419878444]
[-0.5490549512309391, 0.029814034419878444]
[-0.5490549512309391, 0.029814034419878444]
[-0.5490549512309391, 0.029814034419878444]
[-0.5490549512309391, 0.029814034419878444]
[-0.5490549512309391, 0.029814034419878444]
[-0.5475637267479999, 0.02973495357631981]
[-0.5475637267479999, 0.02973495357631981]
[-0.5475637267479999, 0.02973495357631981]
[-0.5475637267479999, 0.02973495357631981]
[-0.5475637267479999, 0.02973495357631981]
[-0.5475637267479999, 0.02973495357631981]
[-0.5475637267479999, 0.02973495357631981]
[-0.5475637267479999, 0.02973495357631981]
[-0.5459297953731765, 0.029627348282473206]
[-0.5459297953731765, 0.029627348282473206]
[-0.5459297953731765, 0.029627348282473206]
[-0.5459297953731765, 0.029627348282473206]
[-0.5459297953731765, 0.029627348282473206]
[-0.5459297953731765, 0.029627348282473206]
[-0.5459297953731765, 0.029627348282473206]
[-0.5459297953731765, 0.029627348282473206]
[-0.5437662192584077, 0.029479378170968077]
[-0.5437662192584077, 0.029479378170968077]
[-0.5437662192584077, 0.029479378170968077]
[-0.5437662192584077, 0.029479378170968077]
[-0.5437662192584077, 0.029479378170968077]
[-0.5437662192584077, 0.029479378170968077]
[-0.5437662192584077, 0.029479378170968077]
[-0.5437662192584077, 0.029479378170968077]
[-0.5419003099853047, 0.02938416385443727]
[-0.5419003099853047, 0.02938416385443727]
[-0.5419003099853047, 0.02938416385443727]
[-0.5419003099853047, 0.02938416385443727]
[-0.5419003099853047, 0.02938416385443727]
[-0.5419003099853047, 0.02938416385443727]
[-0.5419003099853047, 0.02938416385443727]
[-0.5419003099853047, 0.02938416385443727]
[-0.5400101613692903, 0.02929465274019692]
[-0.5400101613692903, 0.02929465274019692]
[-0.5400101613692903, 0.02929465274019692]
[-0.5400101613692903, 0.02929465274019692]
[-0.5400101613692903, 0.02929465274019692]
[-0.5400101613692903, 0.02929465274019692]
[-0.5400101613692903, 0.02929465274019692]
[-0.5400101613692903, 0.02929465274019692]
[-0.5381919534038665, 0.02920587978050352]
[-0.5381919534038665, 0.02920587978050352]
[-0.5381919534038665, 0.02920587978050352]
[-0.5381919534038665, 0.02920587978050352]
[-0.5381919534038665, 0.02920587978050352]
[-0.5381919534038665, 0.02920587978050352]
[-0.5381919534038665, 0.02920587978050352]
[-0.5381919534038665, 0.02920587978050352]
[-0.536428240452682, 0.029111344933436607]
[-0.536428240452682, 0.029111344933436607]
[-0.536428240452682, 0.029111344933436607]
[-0.536428240452682, 0.029111344933436607]
[-0.536428240452682, 0.029111344933436607]
[-0.536428240452682, 0.029111344933436607]
[-0.536428240452682, 0.029111344933436607]
[-0.536428240452682, 0.029111344933436607]
[-0.5344925918945793, 0.029007417751714937]
[-0.5344925918945793, 0.029007417751714937]
[-0.5344925918945793, 0.029007417751714937]
[-0.5344925918945793, 0.029007417751714937]
[-0.5344925918945793, 0.029007417751714937]
[-0.5344925918945793, 0.029007417751714937]
[-0.5344925918945793, 0.029007417751714937]
[-0.5344925918945793, 0.029007417751714937]
[-0.5326363633365755, 0.028914251156027793]
[-0.5326363633365755, 0.028914251156027793]
[-0.5326363633365755, 0.028914251156027793]
[-0.5326363633365755, 0.028914251156027793]
[-0.5326363633365755, 0.028914251156027793]
[-0.5326363633365755, 0.028914251156027793]
[-0.5326363633365755, 0.028914251156027793]
[-0.5326363633365755, 0.028914251156027793]
[-0.5307860949962503, 0.028824420314103344]
[-0.5307860949962503, 0.028824420314103344]
[-0.5307860949962503, 0.028824420314103344]
[-0.5307860949962503, 0.028824420314103344]
[-0.5307860949962503, 0.028824420314103344]
[-0.5307860949962503, 0.028824420314103344]
[-0.5307860949962503, 0.028824420314103344]
[-0.5307860949962503, 0.028824420314103344]
[-0.5288085054444341, 0.028731327663579682]
[-0.5288085054444341, 0.028731327663579682]
[-0.5288085054444341, 0.028731327663579682]
[-0.5288085054444341, 0.028731327663579682]
[-0.5288085054444341, 0.028731327663579682]
[-0.5288085054444341, 0.028731327663579682]
[-0.5288085054444341, 0.028731327663579682]
[-0.5288085054444341, 0.028731327663579682]
[-0.5271806450500134, 0.028663719302096193]
[-0.5271806450500134, 0.028663719302096193]
[-0.5271806450500134, 0.028663719302096193]
[-0.5271806450500134, 0.028663719302096193]
[-0.5271806450500134, 0.028663719302096193]
[-0.5271806450500134, 0.028663719302096193]
[-0.5271806450500134, 0.028663719302096193]
[-0.5271806450500134, 0.028663719302096193]
[-0.5256656368858577, 0.02859012115708549]
[-0.5256656368858577, 0.02859012115708549]
[-0.5256656368858577, 0.02859012115708549]
[-0.5256656368858577, 0.02859012115708549]
[-0.5256656368858577, 0.02859012115708549]
[-0.5256656368858577, 0.02859012115708549]
[-0.5256656368858577, 0.02859012115708549]
[-0.5256656368858577, 0.02859012115708549]
[-0.5240786119882733, 0.02850034852258907]
[-0.5240786119882733, 0.02850034852258907]
[-0.5240786119882733, 0.02850034852258907]
[-0.5240786119882733, 0.02850034852258907]
[-0.5240786119882733, 0.02850034852258907]
[-0.5240786119882733, 0.02850034852258907]
[-0.5240786119882733, 0.02850034852258907]
[-0.5240786119882733, 0.02850034852258907]
[-0.5224021026583795, 0.028393498636153567]
[-0.5224021026583795, 0.028393498636153567]
[-0.5224021026583795, 0.028393498636153567]
[-0.5224021026583795, 0.028393498636153567]
[-0.5224021026583795, 0.028393498636153567]
[-0.5224021026583795, 0.028393498636153567]
[-0.5224021026583795, 0.028393498636153567]
[-0.5224021026583795, 0.028393498636153567]
[-0.5206930076321155, 0.028280172257379506]
[-0.5206930076321155, 0.028280172257379506]
[-0.5206930076321155, 0.028280172257379506]
[-0.5206930076321155, 0.028280172257379506]
[-0.5206930076321155, 0.028280172257379506]
[-0.5206930076321155, 0.028280172257379506]
[-0.5206930076321155, 0.028280172257379506]
[-0.5206930076321155, 0.028280172257379506]
[-0.5192321221693469, 0.02817445068447287]
[-0.5192321221693469, 0.02817445068447287]
[-0.5192321221693469, 0.02817445068447287]
[-0.5192321221693469, 0.02817445068447287]
[-0.5192321221693469, 0.02817445068447287]
[-0.5192321221693469, 0.02817445068447287]
[-0.5192321221693469, 0.02817445068447287]
[-0.5192321221693469, 0.02817445068447287]
[-0.5176577078489665, 0.028052436681889517]
[-0.5176577078489665, 0.028052436681889517]
[-0.5176577078489665, 0.028052436681889517]
[-0.5176577078489665, 0.028052436681889517]
[-0.5176577078489665, 0.028052436681889517]
[-0.5176577078489665, 0.028052436681889517]
[-0.5176577078489665, 0.028052436681889517]
[-0.5176577078489665, 0.028052436681889517]
[-0.5158841579050125, 0.027919235524187784]
[-0.5158841579050125, 0.027919235524187784]
[-0.5158841579050125, 0.027919235524187784]
[-0.5158841579050125, 0.027919235524187784]
[-0.5158841579050125, 0.027919235524187784]
[-0.5158841579050125, 0.027919235524187784]
[-0.5158841579050125, 0.027919235524187784]
[-0.5158841579050125, 0.027919235524187784]
[-0.5144247426033632, 0.027817861223744775]
[-0.5144247426033632, 0.027817861223744775]
[-0.5144247426033632, 0.027817861223744775]
[-0.5144247426033632, 0.027817861223744775]
[-0.5144247426033632, 0.027817861223744775]
[-0.5144247426033632, 0.027817861223744775]
[-0.5144247426033632, 0.027817861223744775]
[-0.5144247426033632, 0.027817861223744775]
[-0.51211808824518, 0.02764112333726471]
[-0.51211808824518, 0.02764112333726471]
[-0.51211808824518, 0.02764112333726471]
[-0.51211808824518, 0.02764112333726471]
[-0.51211808824518, 0.02764112333726471]
[-0.51211808824518, 0.02764112333726471]
[-0.51211808824518, 0.02764112333726471]
[-0.51211808824518, 0.02764112333726471]
[-0.5101520920139638, 0.0275378770508968]
[-0.5101520920139638, 0.0275378770508968]
[-0.5101520920139638, 0.0275378770508968]
[-0.5101520920139638, 0.0275378770508968]
[-0.5101520920139638, 0.0275378770508968]
[-0.5101520920139638, 0.0275378770508968]
[-0.5101520920139638, 0.0275378770508968]
[-0.5101520920139638, 0.0275378770508968]
[-0.5085224787807556, 0.027461661620748635]
[-0.5085224787807556, 0.027461661620748635]
[-0.5085224787807556, 0.027461661620748635]
[-0.5085224787807556, 0.027461661620748635]
[-0.5085224787807556, 0.027461661620748635]
[-0.5085224787807556, 0.027461661620748635]
[-0.5085224787807556, 0.027461661620748635]
[-0.5085224787807556, 0.027461661620748635]
[-0.5063151959409872, 0.027353811880917244]
[-0.5063151959409872, 0.027353811880917244]
[-0.5063151959409872, 0.027353811880917244]
[-0.5063151959409872, 0.027353811880917244]
[-0.5063151959409872, 0.027353811880917244]
[-0.5063151959409872, 0.027353811880917244]
[-0.5063151959409872, 0.027353811880917244]
[-0.5063151959409872, 0.027353811880917244]
[-0.5046104202451919, 0.02729107551633963]
[-0.5046104202451919, 0.02729107551633963]
[-0.5046104202451919, 0.02729107551633963]
[-0.5046104202451919, 0.02729107551633963]
[-0.5046104202451919, 0.02729107551633963]
[-0.5046104202451919, 0.02729107551633963]
[-0.5046104202451919, 0.02729107551633963]
[-0.5046104202451919, 0.02729107551633963]
[-0.5032370131200057, 0.027219079667147112]
[-0.5032370131200057, 0.027219079667147112]
[-0.5032370131200057, 0.027219079667147112]
[-0.5032370131200057, 0.027219079667147112]
[-0.5032370131200057, 0.027219079667147112]
[-0.5032370131200057, 0.027219079667147112]
[-0.5032370131200057, 0.027219079667147112]
[-0.5032370131200057, 0.027219079667147112]
[-0.5014007951146319, 0.027107571454917868]
[-0.5014007951146319, 0.027107571454917868]
[-0.5014007951146319, 0.027107571454917868]
[-0.5014007951146319, 0.027107571454917868]
[-0.5014007951146319, 0.027107571454917868]
[-0.5014007951146319, 0.027107571454917868]
[-0.5014007951146319, 0.027107571454917868]
[-0.5014007951146319, 0.027107571454917868]
[-0.4995657560288782, 0.02700252422370984]
[-0.4995657560288782, 0.02700252422370984]
[-0.4995657560288782, 0.02700252422370984]
[-0.4995657560288782, 0.02700252422370984]
[-0.4995657560288782, 0.02700252422370984]
[-0.4995657560288782, 0.02700252422370984]
[-0.4995657560288782, 0.02700252422370984]
[-0.4995657560288782, 0.02700252422370984]
[-0.4980493992020028, 0.026914854709665786]
[-0.4980493992020028, 0.026914854709665786]
[-0.4980493992020028, 0.026914854709665786]
[-0.4980493992020028, 0.026914854709665786]
[-0.4980493992020028, 0.026914854709665786]
[-0.4980493992020028, 0.026914854709665786]
[-0.4980493992020028, 0.026914854709665786]
[-0.4980493992020028, 0.026914854709665786]
[-0.4964171783029913, 0.026809332651595547]
[-0.4964171783029913, 0.026809332651595547]
[-0.4964171783029913, 0.026809332651595547]
[-0.4964171783029913, 0.026809332651595547]
[-0.4964171783029913, 0.026809332651595547]
[-0.4964171783029913, 0.026809332651595547]
[-0.4964171783029913, 0.026809332651595547]
[-0.4964171783029913, 0.026809332651595547]
[-0.4942166258071111, 0.02666515760097213]
[-0.4942166258071111, 0.02666515760097213]
[-0.4942166258071111, 0.02666515760097213]
[-0.4942166258071111, 0.02666515760097213]
[-0.4942166258071111, 0.02666515760097213]
[-0.4942166258071111, 0.02666515760097213]
[-0.4942166258071111, 0.02666515760097213]
[-0.4942166258071111, 0.02666515760097213]
[-0.4922910113286884, 0.02657202054628035]
[-0.4922910113286884, 0.02657202054628035]
[-0.4922910113286884, 0.02657202054628035]
[-0.4922910113286884, 0.02657202054628035]
[-0.4922910113286884, 0.02657202054628035]
[-0.4922910113286884, 0.02657202054628035]
[-0.4922910113286884, 0.02657202054628035]
[-0.4922910113286884, 0.02657202054628035]
[-0.4905023843453931, 0.026491531404685617]
[-0.4905023843453931, 0.026491531404685617]
[-0.4905023843453931, 0.026491531404685617]
[-0.4905023843453931, 0.026491531404685617]
[-0.4905023843453931, 0.026491531404685617]
[-0.4905023843453931, 0.026491531404685617]
[-0.4905023843453931, 0.026491531404685617]
[-0.4905023843453931, 0.026491531404685617]
[-0.4880805210939123, 0.026391153560357372]
[-0.4880805210939123, 0.026391153560357372]
[-0.4880805210939123, 0.026391153560357372]
[-0.4880805210939123, 0.026391153560357372]
[-0.4880805210939123, 0.026391153560357372]
[-0.4880805210939123, 0.026391153560357372]
[-0.4880805210939123, 0.026391153560357372]
[-0.4880805210939123, 0.026391153560357372]
[-0.48629945688868803, 0.026344586270874285]
[-0.48629945688868803, 0.026344586270874285]
[-0.48629945688868803, 0.026344586270874285]
[-0.48629945688868803, 0.026344586270874285]
[-0.48629945688868803, 0.026344586270874285]
[-0.48629945688868803, 0.026344586270874285]
[-0.48629945688868803, 0.026344586270874285]
[-0.48629945688868803, 0.026344586270874285]
[-0.4841155772606012, 0.026282648264686015]
[-0.4841155772606012, 0.026282648264686015]
[-0.4841155772606012, 0.026282648264686015]
[-0.4841155772606012, 0.026282648264686015]
[-0.4841155772606012, 0.026282648264686015]
[-0.4841155772606012, 0.026282648264686015]
[-0.4841155772606012, 0.026282648264686015]
[-0.4841155772606012, 0.026282648264686015]
[-0.48177925285092604, 0.026240556105228477]
[-0.48177925285092604, 0.026240556105228477]
[-0.48177925285092604, 0.026240556105228477]
[-0.48177925285092604, 0.026240556105228477]
[-0.48177925285092604, 0.026240556105228477]
[-0.48177925285092604, 0.026240556105228477]
[-0.48177925285092604, 0.026240556105228477]
[-0.48177925285092604, 0.026240556105228477]
[-0.47996699828088274, 0.02622235134463357]
[-0.47996699828088274, 0.02622235134463357]
[-0.47996699828088274, 0.02622235134463357]
[-0.47996699828088274, 0.02622235134463357]
[-0.47996699828088274, 0.02622235134463357]
[-0.47996699828088274, 0.02622235134463357]
[-0.47996699828088274, 0.02622235134463357]
[-0.47996699828088274, 0.02622235134463357]
[-0.4781878493623965, 0.026190855617614497]
[-0.4781878493623965, 0.026190855617614497]
[-0.4781878493623965, 0.026190855617614497]
[-0.4781878493623965, 0.026190855617614497]
[-0.4781878493623965, 0.026190855617614497]
[-0.4781878493623965, 0.026190855617614497]
[-0.4781878493623965, 0.026190855617614497]
[-0.4781878493623965, 0.026190855617614497]
[-0.4762099770409551, 0.02613836719217508]
[-0.4762099770409551, 0.02613836719217508]
[-0.4762099770409551, 0.02613836719217508]
[-0.4762099770409551, 0.02613836719217508]
[-0.4762099770409551, 0.02613836719217508]
[-0.4762099770409551, 0.02613836719217508]
[-0.4762099770409551, 0.02613836719217508]
[-0.4762099770409551, 0.02613836719217508]
[-0.4743563155836846, 0.02608648608892013]
[-0.4743563155836846, 0.02608648608892013]
[-0.4743563155836846, 0.02608648608892013]
[-0.4743563155836846, 0.02608648608892013]
[-0.4743563155836846, 0.02608648608892013]
[-0.4743563155836846, 0.02608648608892013]
[-0.4743563155836846, 0.02608648608892013]
[-0.4743563155836846, 0.02608648608892013]
[-0.4718814172265817, 0.026010141613279792]
[-0.4718814172265817, 0.026010141613279792]
[-0.4718814172265817, 0.026010141613279792]
[-0.4718814172265817, 0.026010141613279792]
[-0.4718814172265817, 0.026010141613279792]
[-0.4718814172265817, 0.026010141613279792]
[-0.4718814172265817, 0.026010141613279792]
[-0.4718814172265817, 0.026010141613279792]
[-0.4703562314597018, 0.025983665085780018]
[-0.4703562314597018, 0.025983665085780018]
[-0.4703562314597018, 0.025983665085780018]
[-0.4703562314597018, 0.025983665085780018]
[-0.4703562314597018, 0.025983665085780018]
[-0.4703562314597018, 0.025983665085780018]
[-0.4703562314597018, 0.025983665085780018]
[-0.4703562314597018, 0.025983665085780018]
[-0.4684614211215825, 0.02591788804675663]
[-0.4684614211215825, 0.02591788804675663]
[-0.4684614211215825, 0.02591788804675663]
[-0.4684614211215825, 0.02591788804675663]
[-0.4684614211215825, 0.02591788804675663]
[-0.4684614211215825, 0.02591788804675663]
[-0.4684614211215825, 0.02591788804675663]
[-0.4684614211215825, 0.02591788804675663]
[-0.46683021890645054, 0.02585330779487492]
[-0.46683021890645054, 0.02585330779487492]
[-0.46683021890645054, 0.02585330779487492]
[-0.46683021890645054, 0.02585330779487492]
[-0.46683021890645054, 0.02585330779487492]
[-0.46683021890645054, 0.02585330779487492]
[-0.46683021890645054, 0.02585330779487492]
[-0.46683021890645054, 0.02585330779487492]
[-0.46492104810328505, 0.025766866864011365]
[-0.46492104810328505, 0.025766866864011365]
[-0.46492104810328505, 0.025766866864011365]
[-0.46492104810328505, 0.025766866864011365]
[-0.46492104810328505, 0.025766866864011365]
[-0.46492104810328505, 0.025766866864011365]
[-0.46492104810328505, 0.025766866864011365]
[-0.46492104810328505, 0.025766866864011365]
[-0.46311652064963005, 0.02568419020941544]
[-0.46311652064963005, 0.02568419020941544]
[-0.46311652064963005, 0.02568419020941544]
[-0.46311652064963005, 0.02568419020941544]
[-0.46311652064963005, 0.02568419020941544]
[-0.46311652064963005, 0.02568419020941544]
[-0.46311652064963005, 0.02568419020941544]
[-0.46311652064963005, 0.02568419020941544]
[-0.4609472309995623, 0.025590451244508105]
[-0.4609472309995623, 0.025590451244508105]
[-0.4609472309995623, 0.025590451244508105]
[-0.4609472309995623, 0.025590451244508105]
[-0.4609472309995623, 0.025590451244508105]
[-0.4609472309995623, 0.025590451244508105]
[-0.4609472309995623, 0.025590451244508105]
[-0.4609472309995623, 0.025590451244508105]
[-0.4590619738351248, 0.025521224122762327]
[-0.4590619738351248, 0.025521224122762327]
[-0.4590619738351248, 0.025521224122762327]
[-0.4590619738351248, 0.025521224122762327]
[-0.4590619738351248, 0.025521224122762327]
[-0.4590619738351248, 0.025521224122762327]
[-0.4590619738351248, 0.025521224122762327]
[-0.4590619738351248, 0.025521224122762327]
[-0.45691020118579634, 0.025437253968908047]
[-0.45691020118579634, 0.025437253968908047]
[-0.45691020118579634, 0.025437253968908047]
[-0.45691020118579634, 0.025437253968908047]
[-0.45691020118579634, 0.025437253968908047]
[-0.45691020118579634, 0.025437253968908047]
[-0.45691020118579634, 0.025437253968908047]
[-0.45691020118579634, 0.025437253968908047]
[-0.45501309129699097, 0.025376538320655444]
[-0.45501309129699097, 0.025376538320655444]
[-0.45501309129699097, 0.025376538320655444]
[-0.45501309129699097, 0.025376538320655444]
[-0.45501309129699097, 0.025376538320655444]
[-0.45501309129699097, 0.025376538320655444]
[-0.45501309129699097, 0.025376538320655444]
[-0.45501309129699097, 0.025376538320655444]
[-0.45315756824435904, 0.02530697139767149]
[-0.45315756824435904, 0.02530697139767149]
[-0.45315756824435904, 0.02530697139767149]
[-0.45315756824435904, 0.02530697139767149]
[-0.45315756824435904, 0.02530697139767149]
[-0.45315756824435904, 0.02530697139767149]
[-0.45315756824435904, 0.02530697139767149]
[-0.45315756824435904, 0.02530697139767149]
[-0.4513803368053554, 0.025236505817917938]
[-0.4513803368053554, 0.025236505817917938]
[-0.4513803368053554, 0.025236505817917938]
[-0.4513803368053554, 0.025236505817917938]
[-0.4513803368053554, 0.025236505817917938]
[-0.4513803368053554, 0.025236505817917938]
[-0.4513803368053554, 0.025236505817917938]
[-0.4513803368053554, 0.025236505817917938]
[-0.4496666503174468, 0.025154032688526836]
[-0.4496666503174468, 0.025154032688526836]
[-0.4496666503174468, 0.025154032688526836]
[-0.4496666503174468, 0.025154032688526836]
[-0.4496666503174468, 0.025154032688526836]
[-0.4496666503174468, 0.025154032688526836]
[-0.4496666503174468, 0.025154032688526836]
[-0.4496666503174468, 0.025154032688526836]
[-0.4475152671291096, 0.025048765210622503]
[-0.4475152671291096, 0.025048765210622503]
[-0.4475152671291096, 0.025048765210622503]
[-0.4475152671291096, 0.025048765210622503]
[-0.4475152671291096, 0.025048765210622503]
[-0.4475152671291096, 0.025048765210622503]
[-0.4475152671291096, 0.025048765210622503]
[-0.4475152671291096, 0.025048765210622503]
[-0.4456166351624509, 0.024963674069533915]
[-0.4456166351624509, 0.024963674069533915]
[-0.4456166351624509, 0.024963674069533915]
[-0.4456166351624509, 0.024963674069533915]
[-0.4456166351624509, 0.024963674069533915]
[-0.4456166351624509, 0.024963674069533915]
[-0.4456166351624509, 0.024963674069533915]
[-0.4456166351624509, 0.024963674069533915]
[-0.44397682395376503, 0.02487941378643753]
[-0.44397682395376503, 0.02487941378643753]
[-0.44397682395376503, 0.02487941378643753]
[-0.44397682395376503, 0.02487941378643753]
[-0.44397682395376503, 0.02487941378643753]
[-0.44397682395376503, 0.02487941378643753]
[-0.44397682395376503, 0.02487941378643753]
[-0.44397682395376503, 0.02487941378643753]
[-0.4422153572143559, 0.024777593578550913]
[-0.4422153572143559, 0.024777593578550913]
[-0.4422153572143559, 0.024777593578550913]
[-0.4422153572143559, 0.024777593578550913]
[-0.4422153572143559, 0.024777593578550913]
[-0.4422153572143559, 0.024777593578550913]
[-0.4422153572143559, 0.024777593578550913]
[-0.4422153572143559, 0.024777593578550913]
[-0.4405857719164756, 0.024679373916147176]
[-0.4405857719164756, 0.024679373916147176]
[-0.4405857719164756, 0.024679373916147176]
[-0.4405857719164756, 0.024679373916147176]
[-0.4405857719164756, 0.024679373916147176]
[-0.4405857719164756, 0.024679373916147176]
[-0.4405857719164756, 0.024679373916147176]
[-0.4405857719164756, 0.024679373916147176]
[-0.4390617849113716, 0.024581157007437217]
[-0.4390617849113716, 0.024581157007437217]
[-0.4390617849113716, 0.024581157007437217]
[-0.4390617849113716, 0.024581157007437217]
[-0.4390617849113716, 0.024581157007437217]
[-0.4390617849113716, 0.024581157007437217]
[-0.4390617849113716, 0.024581157007437217]
[-0.4390617849113716, 0.024581157007437217]
[-0.4369632275441476, 0.02444069322137589]
[-0.4369632275441476, 0.02444069322137589]
[-0.4369632275441476, 0.02444069322137589]
[-0.4369632275441476, 0.02444069322137589]
[-0.4369632275441476, 0.02444069322137589]
[-0.4369632275441476, 0.02444069322137589]
[-0.4369632275441476, 0.02444069322137589]
[-0.4369632275441476, 0.02444069322137589]
[-0.43528806924795843, 0.024356893291537635]
[-0.43528806924795843, 0.024356893291537635]
[-0.43528806924795843, 0.024356893291537635]
[-0.43528806924795843, 0.024356893291537635]
[-0.43528806924795843, 0.024356893291537635]
[-0.43528806924795843, 0.024356893291537635]
[-0.43528806924795843, 0.024356893291537635]
[-0.43528806924795843, 0.024356893291537635]
[-0.4339078257086776, 0.024279668325206158]
[-0.4339078257086776, 0.024279668325206158]
[-0.4339078257086776, 0.024279668325206158]
[-0.4339078257086776, 0.024279668325206158]
[-0.4339078257086776, 0.024279668325206158]
[-0.4339078257086776, 0.024279668325206158]
[-0.4339078257086776, 0.024279668325206158]
[-0.4339078257086776, 0.024279668325206158]
[-0.4322384427796259, 0.02415907728691717]
[-0.4322384427796259, 0.02415907728691717]
[-0.4322384427796259, 0.02415907728691717]
[-0.4322384427796259, 0.02415907728691717]
[-0.4322384427796259, 0.02415907728691717]
[-0.4322384427796259, 0.02415907728691717]
[-0.4322384427796259, 0.02415907728691717]
[-0.4322384427796259, 0.02415907728691717]
[-0.4301509285019197, 0.02402323660615476]
[-0.4301509285019197, 0.02402323660615476]
[-0.4301509285019197, 0.02402323660615476]
[-0.4301509285019197, 0.02402323660615476]
[-0.4301509285019197, 0.02402323660615476]
[-0.4301509285019197, 0.02402323660615476]
[-0.4301509285019197, 0.02402323660615476]
[-0.4301509285019197, 0.02402323660615476]
[-0.4277240967852233, 0.023915506983467914]
[-0.4277240967852233, 0.023915506983467914]
[-0.4277240967852233, 0.023915506983467914]
[-0.4277240967852233, 0.023915506983467914]
[-0.4277240967852233, 0.023915506983467914]
[-0.4277240967852233, 0.023915506983467914]
[-0.4277240967852233, 0.023915506983467914]
[-0.4277240967852233, 0.023915506983467914]
[-0.425954812330587, 0.023859852030359972]
[-0.425954812330587, 0.023859852030359972]
[-0.425954812330587, 0.023859852030359972]
[-0.425954812330587, 0.023859852030359972]
[-0.425954812330587, 0.023859852030359972]
[-0.425954812330587, 0.023859852030359972]
[-0.425954812330587, 0.023859852030359972]
[-0.425954812330587, 0.023859852030359972]
[-0.424310134200553, 0.023792475131604873]
[-0.424310134200553, 0.023792475131604873]
[-0.424310134200553, 0.023792475131604873]
[-0.424310134200553, 0.023792475131604873]
[-0.424310134200553, 0.023792475131604873]
[-0.424310134200553, 0.023792475131604873]
[-0.424310134200553, 0.023792475131604873]
[-0.424310134200553, 0.023792475131604873]
[-0.422467870465269, 0.023701203598512913]
[-0.422467870465269, 0.023701203598512913]
[-0.422467870465269, 0.023701203598512913]
[-0.422467870465269, 0.023701203598512913]
[-0.422467870465269, 0.023701203598512913]
[-0.422467870465269, 0.023701203598512913]
[-0.422467870465269, 0.023701203598512913]
[-0.422467870465269, 0.023701203598512913]
[-0.4205067607483659, 0.023606329195809947]
[-0.4205067607483659, 0.023606329195809947]
[-0.4205067607483659, 0.023606329195809947]
[-0.4205067607483659, 0.023606329195809947]
[-0.4205067607483659, 0.023606329195809947]
[-0.4205067607483659, 0.023606329195809947]
[-0.4205067607483659, 0.023606329195809947]
[-0.4205067607483659, 0.023606329195809947]
[-0.4184984544056024, 0.023521965600041318]
[-0.4184984544056024, 0.023521965600041318]
[-0.4184984544056024, 0.023521965600041318]
[-0.4184984544056024, 0.023521965600041318]
[-0.4184984544056024, 0.023521965600041318]
[-0.4184984544056024, 0.023521965600041318]
[-0.4184984544056024, 0.023521965600041318]
[-0.4184984544056024, 0.023521965600041318]
[-0.4165900356595906, 0.02345127104172911]
[-0.4165900356595906, 0.02345127104172911]
[-0.4165900356595906, 0.02345127104172911]
[-0.4165900356595906, 0.02345127104172911]
[-0.4165900356595906, 0.02345127104172911]
[-0.4165900356595906, 0.02345127104172911]
[-0.4165900356595906, 0.02345127104172911]
[-0.4165900356595906, 0.02345127104172911]
[-0.41517007289478575, 0.023400050090934696]
[-0.41517007289478575, 0.023400050090934696]
[-0.41517007289478575, 0.023400050090934696]
[-0.41517007289478575, 0.023400050090934696]
[-0.41517007289478575, 0.023400050090934696]
[-0.41517007289478575, 0.023400050090934696]
[-0.41517007289478575, 0.023400050090934696]
[-0.41517007289478575, 0.023400050090934696]
[-0.41358947146078434, 0.023314829166683412]
[-0.41358947146078434, 0.023314829166683412]
[-0.41358947146078434, 0.023314829166683412]
[-0.41358947146078434, 0.023314829166683412]
[-0.41358947146078434, 0.023314829166683412]
[-0.41358947146078434, 0.023314829166683412]
[-0.41358947146078434, 0.023314829166683412]
[-0.41358947146078434, 0.023314829166683412]
[-0.4122350286275696, 0.023223887488136]
[-0.4122350286275696, 0.023223887488136]
[-0.4122350286275696, 0.023223887488136]
[-0.4122350286275696, 0.023223887488136]
[-0.4122350286275696, 0.023223887488136]
[-0.4122350286275696, 0.023223887488136]
[-0.4122350286275696, 0.023223887488136]
[-0.4122350286275696, 0.023223887488136]
[-0.41005073141453147, 0.0230825133466848]
[-0.41005073141453147, 0.0230825133466848]
[-0.41005073141453147, 0.0230825133466848]
[-0.41005073141453147, 0.0230825133466848]
[-0.41005073141453147, 0.0230825133466848]
[-0.41005073141453147, 0.0230825133466848]
[-0.41005073141453147, 0.0230825133466848]
[-0.41005073141453147, 0.0230825133466848]
[-0.40803858944679366, 0.02299057231043049]
[-0.40803858944679366, 0.02299057231043049]
[-0.40803858944679366, 0.02299057231043049]
[-0.40803858944679366, 0.02299057231043049]
[-0.40803858944679366, 0.02299057231043049]
[-0.40803858944679366, 0.02299057231043049]
[-0.40803858944679366, 0.02299057231043049]
[-0.40803858944679366, 0.02299057231043049]
[-0.4063639168605961, 0.02291368560211086]
[-0.4063639168605961, 0.02291368560211086]
[-0.4063639168605961, 0.02291368560211086]
[-0.4063639168605961, 0.02291368560211086]
[-0.4063639168605961, 0.02291368560211086]
[-0.4063639168605961, 0.02291368560211086]
[-0.4063639168605961, 0.02291368560211086]
[-0.4063639168605961, 0.02291368560211086]
[-0.40415228461731467, 0.022811921450480038]
[-0.40415228461731467, 0.022811921450480038]
[-0.40415228461731467, 0.022811921450480038]
[-0.40415228461731467, 0.022811921450480038]
[-0.40415228461731467, 0.022811921450480038]
[-0.40415228461731467, 0.022811921450480038]
[-0.40415228461731467, 0.022811921450480038]
[-0.40415228461731467, 0.022811921450480038]
[-0.4023976656349913, 0.022748922540889335]
[-0.4023976656349913, 0.022748922540889335]
[-0.4023976656349913, 0.022748922540889335]
[-0.4023976656349913, 0.022748922540889335]
[-0.4023976656349913, 0.022748922540889335]
[-0.4023976656349913, 0.022748922540889335]
[-0.4023976656349913, 0.022748922540889335]
[-0.4023976656349913, 0.022748922540889335]
[-0.4009418129933495, 0.02269390242374022]
[-0.4009418129933495, 0.02269390242374022]
[-0.4009418129933495, 0.02269390242374022]
[-0.4009418129933495, 0.02269390242374022]
[-0.4009418129933495, 0.02269390242374022]
[-0.4009418129933495, 0.02269390242374022]
[-0.4009418129933495, 0.02269390242374022]
[-0.4009418129933495, 0.02269390242374022]
[-0.3991281132195925, 0.02259656172108271]
[-0.3991281132195925, 0.02259656172108271]
[-0.3991281132195925, 0.02259656172108271]
[-0.3991281132195925, 0.02259656172108271]
[-0.3991281132195925, 0.02259656172108271]
[-0.3991281132195925, 0.02259656172108271]
[-0.3991281132195925, 0.02259656172108271]
[-0.3991281132195925, 0.02259656172108271]
[-0.39753925596280987, 0.022514506468239093]
[-0.39753925596280987, 0.022514506468239093]
[-0.39753925596280987, 0.022514506468239093]
[-0.39753925596280987, 0.022514506468239093]
[-0.39753925596280987, 0.022514506468239093]
[-0.39753925596280987, 0.022514506468239093]
[-0.39753925596280987, 0.022514506468239093]
[-0.39753925596280987, 0.022514506468239093]
[-0.3960904166588067, 0.02242270967268794]
[-0.3960904166588067, 0.02242270967268794]
[-0.3960904166588067, 0.02242270967268794]
[-0.3960904166588067, 0.02242270967268794]
[-0.3960904166588067, 0.02242270967268794]
[-0.3960904166588067, 0.02242270967268794]
[-0.3960904166588067, 0.02242270967268794]
[-0.3960904166588067, 0.02242270967268794]
[-0.39459889093334916, 0.022310430803972964]
[-0.39459889093334916, 0.022310430803972964]
[-0.39459889093334916, 0.022310430803972964]
[-0.39459889093334916, 0.022310430803972964]
[-0.39459889093334916, 0.022310430803972964]
[-0.39459889093334916, 0.022310430803972964]
[-0.39459889093334916, 0.022310430803972964]
[-0.39459889093334916, 0.022310430803972964]
[-0.39268631505209883, 0.02216844746755672]
[-0.39268631505209883, 0.02216844746755672]
[-0.39268631505209883, 0.02216844746755672]
[-0.39268631505209883, 0.02216844746755672]
[-0.39268631505209883, 0.02216844746755672]
[-0.39268631505209883, 0.02216844746755672]
[-0.39268631505209883, 0.02216844746755672]
[-0.39268631505209883, 0.02216844746755672]
[-0.39082814457326986, 0.022046306530448225]
[-0.39082814457326986, 0.022046306530448225]
[-0.39082814457326986, 0.022046306530448225]
[-0.39082814457326986, 0.022046306530448225]
[-0.39082814457326986, 0.022046306530448225]
[-0.39082814457326986, 0.022046306530448225]
[-0.39082814457326986, 0.022046306530448225]
[-0.39082814457326986, 0.022046306530448225]
[-0.3886981250701299, 0.02192877594692417]
[-0.3886981250701299, 0.02192877594692417]
[-0.3886981250701299, 0.02192877594692417]
[-0.3886981250701299, 0.02192877594692417]
[-0.3886981250701299, 0.02192877594692417]
[-0.3886981250701299, 0.02192877594692417]
[-0.3886981250701299, 0.02192877594692417]
[-0.3886981250701299, 0.02192877594692417]
[-0.3864711210354391, 0.021836430070796095]
[-0.3864711210354391, 0.021836430070796095]
[-0.3864711210354391, 0.021836430070796095]
[-0.3864711210354391, 0.021836430070796095]
[-0.3864711210354391, 0.021836430070796095]
[-0.3864711210354391, 0.021836430070796095]
[-0.3864711210354391, 0.021836430070796095]
[-0.3864711210354391, 0.021836430070796095]
[-0.3847210451572846, 0.021782035635754707]
[-0.3847210451572846, 0.021782035635754707]
[-0.3847210451572846, 0.021782035635754707]
[-0.3847210451572846, 0.021782035635754707]
[-0.3847210451572846, 0.021782035635754707]
[-0.3847210451572846, 0.021782035635754707]
[-0.3847210451572846, 0.021782035635754707]
[-0.3847210451572846, 0.021782035635754707]
[-0.3831079506985193, 0.021719227999523177]
[-0.3831079506985193, 0.021719227999523177]
[-0.3831079506985193, 0.021719227999523177]
[-0.3831079506985193, 0.021719227999523177]
[-0.3831079506985193, 0.021719227999523177]
[-0.3831079506985193, 0.021719227999523177]
[-0.3831079506985193, 0.021719227999523177]
[-0.3831079506985193, 0.021719227999523177]
[-0.3811384536741316, 0.0216304045036413]
[-0.3811384536741316, 0.0216304045036413]
[-0.3811384536741316, 0.0216304045036413]
[-0.3811384536741316, 0.0216304045036413]
[-0.3811384536741316, 0.0216304045036413]
[-0.3811384536741316, 0.0216304045036413]
[-0.3811384536741316, 0.0216304045036413]
[-0.3811384536741316, 0.0216304045036413]
[-0.37942844739305054, 0.02156097525366687]
[-0.37942844739305054, 0.02156097525366687]
[-0.37942844739305054, 0.02156097525366687]
[-0.37942844739305054, 0.02156097525366687]
[-0.37942844739305054, 0.02156097525366687]
[-0.37942844739305054, 0.02156097525366687]
[-0.37942844739305054, 0.02156097525366687]
[-0.37942844739305054, 0.02156097525366687]
[-0.37758885101945194, 0.02147854208519638]
[-0.37758885101945194, 0.02147854208519638]
[-0.37758885101945194, 0.02147854208519638]
[-0.37758885101945194, 0.02147854208519638]
[-0.37758885101945194, 0.02147854208519638]
[-0.37758885101945194, 0.02147854208519638]
[-0.37758885101945194, 0.02147854208519638]
[-0.37758885101945194, 0.02147854208519638]
[-0.3757736893740752, 0.02139528369017923]
[-0.3757736893740752, 0.02139528369017923]
[-0.3757736893740752, 0.02139528369017923]
[-0.3757736893740752, 0.02139528369017923]
[-0.3757736893740752, 0.02139528369017923]
[-0.3757736893740752, 0.02139528369017923]
[-0.3757736893740752, 0.02139528369017923]
[-0.3757736893740752, 0.02139528369017923]
[-0.3738007752632184, 0.021310494778006898]
[-0.3738007752632184, 0.021310494778006898]
[-0.3738007752632184, 0.021310494778006898]
[-0.3738007752632184, 0.021310494778006898]
[-0.3738007752632184, 0.021310494778006898]
[-0.3738007752632184, 0.021310494778006898]
[-0.3738007752632184, 0.021310494778006898]
[-0.3738007752632184, 0.021310494778006898]
[-0.3719600468034036, 0.02123282070326255]
[-0.3719600468034036, 0.02123282070326255]
[-0.3719600468034036, 0.02123282070326255]
[-0.3719600468034036, 0.02123282070326255]
[-0.3719600468034036, 0.02123282070326255]
[-0.3719600468034036, 0.02123282070326255]
[-0.3719600468034036, 0.02123282070326255]
[-0.3719600468034036, 0.02123282070326255]
[-0.37022761925668085, 0.021151971389189513]
[-0.37022761925668085, 0.021151971389189513]
[-0.37022761925668085, 0.021151971389189513]
[-0.37022761925668085, 0.021151971389189513]
[-0.37022761925668085, 0.021151971389189513]
[-0.37022761925668085, 0.021151971389189513]
[-0.37022761925668085, 0.021151971389189513]
[-0.37022761925668085, 0.021151971389189513]
[-0.36857857754371603, 0.02106959407251757]
[-0.36857857754371603, 0.02106959407251757]
[-0.36857857754371603, 0.02106959407251757]
[-0.36857857754371603, 0.02106959407251757]
[-0.36857857754371603, 0.02106959407251757]
[-0.36857857754371603, 0.02106959407251757]
[-0.36857857754371603, 0.02106959407251757]
[-0.36857857754371603, 0.02106959407251757]
[-0.3667678717493001, 0.020966716582460212]
[-0.3667678717493001, 0.020966716582460212]
[-0.3667678717493001, 0.020966716582460212]
[-0.3667678717493001, 0.020966716582460212]
[-0.3667678717493001, 0.020966716582460212]
[-0.3667678717493001, 0.020966716582460212]
[-0.3667678717493001, 0.020966716582460212]
[-0.3667678717493001, 0.020966716582460212]
[-0.3651026936209747, 0.020879592194451686]
[-0.3651026936209747, 0.020879592194451686]
[-0.3651026936209747, 0.020879592194451686]
[-0.3651026936209747, 0.020879592194451686]
[-0.3651026936209747, 0.020879592194451686]
[-0.3651026936209747, 0.020879592194451686]
[-0.3651026936209747, 0.020879592194451686]
[-0.3651026936209747, 0.020879592194451686]
[-0.36323320400982145, 0.02077933260677455]
[-0.36323320400982145, 0.02077933260677455]
[-0.36323320400982145, 0.02077933260677455]
[-0.36323320400982145, 0.02077933260677455]
[-0.36323320400982145, 0.02077933260677455]
[-0.36323320400982145, 0.02077933260677455]
[-0.36323320400982145, 0.02077933260677455]
[-0.36323320400982145, 0.02077933260677455]
[-0.3616269183802684, 0.020694854265652554]
[-0.3616269183802684, 0.020694854265652554]
[-0.3616269183802684, 0.020694854265652554]
[-0.3616269183802684, 0.020694854265652554]
[-0.3616269183802684, 0.020694854265652554]
[-0.3616269183802684, 0.020694854265652554]
[-0.3616269183802684, 0.020694854265652554]
[-0.3616269183802684, 0.020694854265652554]
[-0.3598702852444596, 0.02059262990764645]
[-0.3598702852444596, 0.02059262990764645]
[-0.3598702852444596, 0.02059262990764645]
[-0.3598702852444596, 0.02059262990764645]
[-0.3598702852444596, 0.02059262990764645]
[-0.3598702852444596, 0.02059262990764645]
[-0.3598702852444596, 0.02059262990764645]
[-0.3598702852444596, 0.02059262990764645]
[-0.3580329351115768, 0.020483653040579412]
[-0.3580329351115768, 0.020483653040579412]
[-0.3580329351115768, 0.020483653040579412]
[-0.3580329351115768, 0.020483653040579412]
[-0.3580329351115768, 0.020483653040579412]
[-0.3580329351115768, 0.020483653040579412]
[-0.3580329351115768, 0.020483653040579412]
[-0.3580329351115768, 0.020483653040579412]
[-0.35615088244571996, 0.02037766604443575]
[-0.35615088244571996, 0.02037766604443575]
[-0.35615088244571996, 0.02037766604443575]
[-0.35615088244571996, 0.02037766604443575]
[-0.35615088244571996, 0.02037766604443575]
[-0.35615088244571996, 0.02037766604443575]
[-0.35615088244571996, 0.02037766604443575]
[-0.35615088244571996, 0.02037766604443575]
[-0.35462055075552606, 0.020293698717261707]
[-0.35462055075552606, 0.020293698717261707]
[-0.35462055075552606, 0.020293698717261707]
[-0.35462055075552606, 0.020293698717261707]
[-0.35462055075552606, 0.020293698717261707]
[-0.35462055075552606, 0.020293698717261707]
[-0.35462055075552606, 0.020293698717261707]
[-0.35462055075552606, 0.020293698717261707]
[-0.3528600968176653, 0.02018467717654308]
[-0.3528600968176653, 0.02018467717654308]
[-0.3528600968176653, 0.02018467717654308]
[-0.3528600968176653, 0.02018467717654308]
[-0.3528600968176653, 0.02018467717654308]
[-0.3528600968176653, 0.02018467717654308]
[-0.3528600968176653, 0.02018467717654308]
[-0.3528600968176653, 0.02018467717654308]
[-0.35120393178622045, 0.02008375234541753]
[-0.35120393178622045, 0.02008375234541753]
[-0.35120393178622045, 0.02008375234541753]
[-0.35120393178622045, 0.02008375234541753]
[-0.35120393178622045, 0.02008375234541753]
[-0.35120393178622045, 0.02008375234541753]
[-0.35120393178622045, 0.02008375234541753]
[-0.35120393178622045, 0.02008375234541753]
[-0.34958212582678944, 0.019987920076976452]
[-0.34958212582678944, 0.019987920076976452]
[-0.34958212582678944, 0.019987920076976452]
[-0.34958212582678944, 0.019987920076976452]
[-0.34958212582678944, 0.019987920076976452]
[-0.34958212582678944, 0.019987920076976452]
[-0.34958212582678944, 0.019987920076976452]
[-0.34958212582678944, 0.019987920076976452]
[-0.34780378685513214, 0.01988233435539057]
[-0.34780378685513214, 0.01988233435539057]
[-0.34780378685513214, 0.01988233435539057]
[-0.34780378685513214, 0.01988233435539057]
[-0.34780378685513214, 0.01988233435539057]
[-0.34780378685513214, 0.01988233435539057]
[-0.34780378685513214, 0.01988233435539057]
[-0.34780378685513214, 0.01988233435539057]
[-0.34573804368285366, 0.019772113693630113]
[-0.34573804368285366, 0.019772113693630113]
[-0.34573804368285366, 0.019772113693630113]
[-0.34573804368285366, 0.019772113693630113]
[-0.34573804368285366, 0.019772113693630113]
[-0.34573804368285366, 0.019772113693630113]
[-0.34573804368285366, 0.019772113693630113]
[-0.34573804368285366, 0.019772113693630113]
[-0.3442182900462753, 0.019700545301275064]
[-0.3442182900462753, 0.019700545301275064]
[-0.3442182900462753, 0.019700545301275064]
[-0.3442182900462753, 0.019700545301275064]
[-0.3442182900462753, 0.019700545301275064]
[-0.3442182900462753, 0.019700545301275064]
[-0.3442182900462753, 0.019700545301275064]
[-0.3442182900462753, 0.019700545301275064]
[-0.34244247346048906, 0.01960841032743565]
[-0.34244247346048906, 0.01960841032743565]
[-0.34244247346048906, 0.01960841032743565]
[-0.34244247346048906, 0.01960841032743565]
[-0.34244247346048906, 0.01960841032743565]
[-0.34244247346048906, 0.01960841032743565]
[-0.34244247346048906, 0.01960841032743565]
[-0.34244247346048906, 0.01960841032743565]
[-0.34082909977652426, 0.01951863341675303]
[-0.34082909977652426, 0.01951863341675303]
[-0.34082909977652426, 0.01951863341675303]
[-0.34082909977652426, 0.01951863341675303]
[-0.34082909977652426, 0.01951863341675303]
[-0.34082909977652426, 0.01951863341675303]
[-0.34082909977652426, 0.01951863341675303]
[-0.34082909977652426, 0.01951863341675303]
[-0.3387520742318906, 0.019403114431139134]
[-0.3387520742318906, 0.019403114431139134]
[-0.3387520742318906, 0.019403114431139134]
[-0.3387520742318906, 0.019403114431139134]
[-0.3387520742318906, 0.019403114431139134]
[-0.3387520742318906, 0.019403114431139134]
[-0.3387520742318906, 0.019403114431139134]
[-0.3387520742318906, 0.019403114431139134]
[-0.3369413610391459, 0.019315449536850174]
[-0.3369413610391459, 0.019315449536850174]
[-0.3369413610391459, 0.019315449536850174]
[-0.3369413610391459, 0.019315449536850174]
[-0.3369413610391459, 0.019315449536850174]
[-0.3369413610391459, 0.019315449536850174]
[-0.3369413610391459, 0.019315449536850174]
[-0.3369413610391459, 0.019315449536850174]
[-0.3355521243673737, 0.01924969979338897]
[-0.3355521243673737, 0.01924969979338897]
[-0.3355521243673737, 0.01924969979338897]
[-0.3355521243673737, 0.01924969979338897]
[-0.3355521243673737, 0.01924969979338897]
[-0.3355521243673737, 0.01924969979338897]
[-0.3355521243673737, 0.01924969979338897]
[-0.3355521243673737, 0.01924969979338897]
[-0.33401228555344287, 0.0191478971483604]
[-0.33401228555344287, 0.0191478971483604]
[-0.33401228555344287, 0.0191478971483604]
[-0.33401228555344287, 0.0191478971483604]
[-0.33401228555344287, 0.0191478971483604]
[-0.33401228555344287, 0.0191478971483604]
[-0.33401228555344287, 0.0191478971483604]
[-0.33401228555344287, 0.0191478971483604]
[-0.33219999257687016, 0.019040538181692695]
[-0.33219999257687016, 0.019040538181692695]
[-0.33219999257687016, 0.019040538181692695]
[-0.33219999257687016, 0.019040538181692695]
[-0.33219999257687016, 0.019040538181692695]
[-0.33219999257687016, 0.019040538181692695]
[-0.33219999257687016, 0.019040538181692695]
[-0.33219999257687016, 0.019040538181692695]
[-0.33018336562941136, 0.018946854751997963]
[-0.33018336562941136, 0.018946854751997963]
[-0.33018336562941136, 0.018946854751997963]
[-0.33018336562941136, 0.018946854751997963]
[-0.33018336562941136, 0.018946854751997963]
[-0.33018336562941136, 0.018946854751997963]
[-0.33018336562941136, 0.018946854751997963]
[-0.33018336562941136, 0.018946854751997963]
[-0.32868006313760134, 0.018877273571849738]
[-0.32868006313760134, 0.018877273571849738]
[-0.32868006313760134, 0.018877273571849738]
[-0.32868006313760134, 0.018877273571849738]
[-0.32868006313760134, 0.018877273571849738]
[-0.32868006313760134, 0.018877273571849738]
[-0.32868006313760134, 0.018877273571849738]
[-0.32868006313760134, 0.018877273571849738]
[-0.326866321768044, 0.018782832519264533]
[-0.326866321768044, 0.018782832519264533]
[-0.326866321768044, 0.018782832519264533]
[-0.326866321768044, 0.018782832519264533]
[-0.326866321768044, 0.018782832519264533]
[-0.326866321768044, 0.018782832519264533]
[-0.326866321768044, 0.018782832519264533]
[-0.326866321768044, 0.018782832519264533]
[-0.3250501859151431, 0.01869457094332273]
[-0.3250501859151431, 0.01869457094332273]
[-0.3250501859151431, 0.01869457094332273]
[-0.3250501859151431, 0.01869457094332273]
[-0.3250501859151431, 0.01869457094332273]
[-0.3250501859151431, 0.01869457094332273]
[-0.3250501859151431, 0.01869457094332273]
[-0.3250501859151431, 0.01869457094332273]
[-0.3236958296078955, 0.018626161955077658]
[-0.3236958296078955, 0.018626161955077658]
[-0.3236958296078955, 0.018626161955077658]
[-0.3236958296078955, 0.018626161955077658]
[-0.3236958296078955, 0.018626161955077658]
[-0.3236958296078955, 0.018626161955077658]
[-0.3236958296078955, 0.018626161955077658]
[-0.3236958296078955, 0.018626161955077658]
[-0.32185379203366155, 0.018512533366141695]
[-0.32185379203366155, 0.018512533366141695]
[-0.32185379203366155, 0.018512533366141695]
[-0.32185379203366155, 0.018512533366141695]
[-0.32185379203366155, 0.018512533366141695]
[-0.32185379203366155, 0.018512533366141695]
[-0.32185379203366155, 0.018512533366141695]
[-0.32185379203366155, 0.018512533366141695]
[-0.32006667472402855, 0.018411982868605094]
[-0.32006667472402855, 0.018411982868605094]
[-0.32006667472402855, 0.018411982868605094]
[-0.32006667472402855, 0.018411982868605094]
[-0.32006667472402855, 0.018411982868605094]
[-0.32006667472402855, 0.018411982868605094]
[-0.32006667472402855, 0.018411982868605094]
[-0.32006667472402855, 0.018411982868605094]
[-0.31848929335159826, 0.018341700851578806]
[-0.31848929335159826, 0.018341700851578806]
[-0.31848929335159826, 0.018341700851578806]
[-0.31848929335159826, 0.018341700851578806]
[-0.31848929335159826, 0.018341700851578806]
[-0.31848929335159826, 0.018341700851578806]
[-0.31848929335159826, 0.018341700851578806]
[-0.31848929335159826, 0.018341700851578806]
[-0.31680449736041577, 0.018259333609149043]
[-0.31680449736041577, 0.018259333609149043]
[-0.31680449736041577, 0.018259333609149043]
[-0.31680449736041577, 0.018259333609149043]
[-0.31680449736041577, 0.018259333609149043]
[-0.31680449736041577, 0.018259333609149043]
[-0.31680449736041577, 0.018259333609149043]
[-0.31680449736041577, 0.018259333609149043]
[-0.3150872888589245, 0.018176509925633966]
[-0.3150872888589245, 0.018176509925633966]
[-0.3150872888589245, 0.018176509925633966]
[-0.3150872888589245, 0.018176509925633966]
[-0.3150872888589245, 0.018176509925633966]
[-0.3150872888589245, 0.018176509925633966]
[-0.3150872888589245, 0.018176509925633966]
[-0.3150872888589245, 0.018176509925633966]
[-0.3132769283348002, 0.01809122458757367]
[-0.3132769283348002, 0.01809122458757367]
[-0.3132769283348002, 0.01809122458757367]
[-0.3132769283348002, 0.01809122458757367]
[-0.3132769283348002, 0.01809122458757367]
[-0.3132769283348002, 0.01809122458757367]
[-0.3132769283348002, 0.01809122458757367]
[-0.3132769283348002, 0.01809122458757367]
[-0.3116221089850989, 0.01800813590290469]
[-0.3116221089850989, 0.01800813590290469]
[-0.3116221089850989, 0.01800813590290469]
[-0.3116221089850989, 0.01800813590290469]
[-0.3116221089850989, 0.01800813590290469]
[-0.3116221089850989, 0.01800813590290469]
[-0.3116221089850989, 0.01800813590290469]
[-0.3116221089850989, 0.01800813590290469]
[-0.30962962456309534, 0.017912082069450812]
[-0.30962962456309534, 0.017912082069450812]
[-0.30962962456309534, 0.017912082069450812]
[-0.30962962456309534, 0.017912082069450812]
[-0.30962962456309534, 0.017912082069450812]
[-0.30962962456309534, 0.017912082069450812]
[-0.30962962456309534, 0.017912082069450812]
[-0.30962962456309534, 0.017912082069450812]
[-0.30784998663303753, 0.017836631368043275]
[-0.30784998663303753, 0.017836631368043275]
[-0.30784998663303753, 0.017836631368043275]
[-0.30784998663303753, 0.017836631368043275]
[-0.30784998663303753, 0.017836631368043275]
[-0.30784998663303753, 0.017836631368043275]
[-0.30784998663303753, 0.017836631368043275]
[-0.30784998663303753, 0.017836631368043275]
[-0.30639753990900315, 0.017770557135657283]
[-0.30639753990900315, 0.017770557135657283]
[-0.30639753990900315, 0.017770557135657283]
[-0.30639753990900315, 0.017770557135657283]
[-0.30639753990900315, 0.017770557135657283]
[-0.30639753990900315, 0.017770557135657283]
[-0.30639753990900315, 0.017770557135657283]
[-0.30639753990900315, 0.017770557135657283]
[-0.30457682951217996, 0.017675678331638214]
[-0.30457682951217996, 0.017675678331638214]
[-0.30457682951217996, 0.017675678331638214]
[-0.30457682951217996, 0.017675678331638214]
[-0.30457682951217996, 0.017675678331638214]
[-0.30457682951217996, 0.017675678331638214]
[-0.30457682951217996, 0.017675678331638214]
[-0.30457682951217996, 0.017675678331638214]
[-0.3025769524845439, 0.017581222529285154]
[-0.3025769524845439, 0.017581222529285154]
[-0.3025769524845439, 0.017581222529285154]
[-0.3025769524845439, 0.017581222529285154]
[-0.3025769524845439, 0.017581222529285154]
[-0.3025769524845439, 0.017581222529285154]
[-0.3025769524845439, 0.017581222529285154]
[-0.3025769524845439, 0.017581222529285154]
[-0.3009525570686903, 0.017531529073576267]
[-0.3009525570686903, 0.017531529073576267]
[-0.3009525570686903, 0.017531529073576267]
[-0.3009525570686903, 0.017531529073576267]
[-0.3009525570686903, 0.017531529073576267]
[-0.3009525570686903, 0.017531529073576267]
[-0.3009525570686903, 0.017531529073576267]
[-0.3009525570686903, 0.017531529073576267]
[-0.2995970624839864, 0.017478530513422037]
[-0.2995970624839864, 0.017478530513422037]
[-0.2995970624839864, 0.017478530513422037]
[-0.2995970624839864, 0.017478530513422037]
[-0.2995970624839864, 0.017478530513422037]
[-0.2995970624839864, 0.017478530513422037]
[-0.2995970624839864, 0.017478530513422037]
[-0.2995970624839864, 0.017478530513422037]
[-0.2979883949158175, 0.017389808750819722]
[-0.2979883949158175, 0.017389808750819722]
[-0.2979883949158175, 0.017389808750819722]
[-0.2979883949158175, 0.017389808750819722]
[-0.2979883949158175, 0.017389808750819722]
[-0.2979883949158175, 0.017389808750819722]
[-0.2979883949158175, 0.017389808750819722]
[-0.2979883949158175, 0.017389808750819722]
[-0.2963934291808481, 0.01730105109581488]
[-0.2963934291808481, 0.01730105109581488]
[-0.2963934291808481, 0.01730105109581488]
[-0.2963934291808481, 0.01730105109581488]
[-0.2963934291808481, 0.01730105109581488]
[-0.2963934291808481, 0.01730105109581488]
[-0.2963934291808481, 0.01730105109581488]
[-0.2963934291808481, 0.01730105109581488]
[-0.29498809398312115, 0.01721806487823505]
[-0.29498809398312115, 0.01721806487823505]
[-0.29498809398312115, 0.01721806487823505]
[-0.29498809398312115, 0.01721806487823505]
[-0.29498809398312115, 0.01721806487823505]
[-0.29498809398312115, 0.01721806487823505]
[-0.29498809398312115, 0.01721806487823505]
[-0.29498809398312115, 0.01721806487823505]
[-0.29330580971183356, 0.017117020707123797]
[-0.29330580971183356, 0.017117020707123797]
[-0.29330580971183356, 0.017117020707123797]
[-0.29330580971183356, 0.017117020707123797]
[-0.29330580971183356, 0.017117020707123797]
[-0.29330580971183356, 0.017117020707123797]
[-0.29330580971183356, 0.017117020707123797]
[-0.29330580971183356, 0.017117020707123797]
[-0.2916708631391061, 0.017018052814650016]
[-0.2916708631391061, 0.017018052814650016]
[-0.2916708631391061, 0.017018052814650016]
[-0.2916708631391061, 0.017018052814650016]
[-0.2916708631391061, 0.017018052814650016]
[-0.2916708631391061, 0.017018052814650016]
[-0.2916708631391061, 0.017018052814650016]
[-0.2916708631391061, 0.017018052814650016]
[-0.2901510411238227, 0.016923410621685078]
[-0.2901510411238227, 0.016923410621685078]
[-0.2901510411238227, 0.016923410621685078]
[-0.2901510411238227, 0.016923410621685078]
[-0.2901510411238227, 0.016923410621685078]
[-0.2901510411238227, 0.016923410621685078]
[-0.2901510411238227, 0.016923410621685078]
[-0.2901510411238227, 0.016923410621685078]
[-0.288102950262588, 0.016800270532445233]
[-0.288102950262588, 0.016800270532445233]
[-0.288102950262588, 0.016800270532445233]
[-0.288102950262588, 0.016800270532445233]
[-0.288102950262588, 0.016800270532445233]
[-0.288102950262588, 0.016800270532445233]
[-0.288102950262588, 0.016800270532445233]
[-0.288102950262588, 0.016800270532445233]
[-0.28681547302770066, 0.016749100555553023]
[-0.28681547302770066, 0.016749100555553023]
[-0.28681547302770066, 0.016749100555553023]
[-0.28681547302770066, 0.016749100555553023]
[-0.28681547302770066, 0.016749100555553023]
[-0.28681547302770066, 0.016749100555553023]
[-0.28681547302770066, 0.016749100555553023]
[-0.28681547302770066, 0.016749100555553023]
[-0.28521957313578244, 0.016655505601706765]
[-0.28521957313578244, 0.016655505601706765]
[-0.28521957313578244, 0.016655505601706765]
[-0.28521957313578244, 0.016655505601706765]
[-0.28521957313578244, 0.016655505601706765]
[-0.28521957313578244, 0.016655505601706765]
[-0.28521957313578244, 0.016655505601706765]
[-0.28521957313578244, 0.016655505601706765]
[-0.28368872052133987, 0.016569271161365744]
[-0.28368872052133987, 0.016569271161365744]
[-0.28368872052133987, 0.016569271161365744]
[-0.28368872052133987, 0.016569271161365744]
[-0.28368872052133987, 0.016569271161365744]
[-0.28368872052133987, 0.016569271161365744]
[-0.28368872052133987, 0.016569271161365744]
[-0.28368872052133987, 0.016569271161365744]
[-0.28176818159886935, 0.01645971842050404]
[-0.28176818159886935, 0.01645971842050404]
[-0.28176818159886935, 0.01645971842050404]
[-0.28176818159886935, 0.01645971842050404]
[-0.28176818159886935, 0.01645971842050404]
[-0.28176818159886935, 0.01645971842050404]
[-0.28176818159886935, 0.01645971842050404]
[-0.28176818159886935, 0.01645971842050404]
[-0.2799183654901178, 0.016375126132243067]
[-0.2799183654901178, 0.016375126132243067]
[-0.2799183654901178, 0.016375126132243067]
[-0.2799183654901178, 0.016375126132243067]
[-0.2799183654901178, 0.016375126132243067]
[-0.2799183654901178, 0.016375126132243067]
[-0.2799183654901178, 0.016375126132243067]
[-0.2799183654901178, 0.016375126132243067]
[-0.27809272191751444, 0.016301020239543086]
[-0.27809272191751444, 0.016301020239543086]
[-0.27809272191751444, 0.016301020239543086]
[-0.27809272191751444, 0.016301020239543086]
[-0.27809272191751444, 0.016301020239543086]
[-0.27809272191751444, 0.016301020239543086]
[-0.27809272191751444, 0.016301020239543086]
[-0.27809272191751444, 0.016301020239543086]
[-0.2759036757577071, 0.016229484896366057]
[-0.2759036757577071, 0.016229484896366057]
[-0.2759036757577071, 0.016229484896366057]
[-0.2759036757577071, 0.016229484896366057]
[-0.2759036757577071, 0.016229484896366057]
[-0.2759036757577071, 0.016229484896366057]
[-0.2759036757577071, 0.016229484896366057]
[-0.2759036757577071, 0.016229484896366057]
[-0.27427493684392995, 0.016184179156097177]
[-0.27427493684392995, 0.016184179156097177]
[-0.27427493684392995, 0.016184179156097177]
[-0.27427493684392995, 0.016184179156097177]
[-0.27427493684392995, 0.016184179156097177]
[-0.27427493684392995, 0.016184179156097177]
[-0.27427493684392995, 0.016184179156097177]
[-0.27427493684392995, 0.016184179156097177]
[-0.2723246576992705, 0.016114262026455814]
[-0.2723246576992705, 0.016114262026455814]
[-0.2723246576992705, 0.016114262026455814]
[-0.2723246576992705, 0.016114262026455814]
[-0.2723246576992705, 0.016114262026455814]
[-0.2723246576992705, 0.016114262026455814]
[-0.2723246576992705, 0.016114262026455814]
[-0.2723246576992705, 0.016114262026455814]
[-0.2705257346955312, 0.016058392952386483]
[-0.2705257346955312, 0.016058392952386483]
[-0.2705257346955312, 0.016058392952386483]
[-0.2705257346955312, 0.016058392952386483]
[-0.2705257346955312, 0.016058392952386483]
[-0.2705257346955312, 0.016058392952386483]
[-0.2705257346955312, 0.016058392952386483]
[-0.2705257346955312, 0.016058392952386483]
[-0.26933873655127427, 0.01602867586922922]
[-0.26933873655127427, 0.01602867586922922]
[-0.26933873655127427, 0.01602867586922922]
[-0.26933873655127427, 0.01602867586922922]
[-0.26933873655127427, 0.01602867586922922]
[-0.26933873655127427, 0.01602867586922922]
[-0.26933873655127427, 0.01602867586922922]
[-0.26933873655127427, 0.01602867586922922]
[-0.26742120447171497, 0.015936317087123265]
[-0.26742120447171497, 0.015936317087123265]
[-0.26742120447171497, 0.015936317087123265]
[-0.26742120447171497, 0.015936317087123265]
[-0.26742120447171497, 0.015936317087123265]
[-0.26742120447171497, 0.015936317087123265]
[-0.26742120447171497, 0.015936317087123265]
[-0.26742120447171497, 0.015936317087123265]
[-0.2657730570829482, 0.0158763818090839]
[-0.2657730570829482, 0.0158763818090839]
[-0.2657730570829482, 0.0158763818090839]
[-0.2657730570829482, 0.0158763818090839]
[-0.2657730570829482, 0.0158763818090839]
[-0.2657730570829482, 0.0158763818090839]
[-0.2657730570829482, 0.0158763818090839]
[-0.2657730570829482, 0.0158763818090839]
[-0.26406374830364016, 0.01581108084319149]
[-0.26406374830364016, 0.01581108084319149]
[-0.26406374830364016, 0.01581108084319149]
[-0.26406374830364016, 0.01581108084319149]
[-0.26406374830364016, 0.01581108084319149]
[-0.26406374830364016, 0.01581108084319149]
[-0.26406374830364016, 0.01581108084319149]
[-0.26406374830364016, 0.01581108084319149]
[-0.2621634048756843, 0.015745224086614724]
[-0.2621634048756843, 0.015745224086614724]
[-0.2621634048756843, 0.015745224086614724]
[-0.2621634048756843, 0.015745224086614724]
[-0.2621634048756843, 0.015745224086614724]
[-0.2621634048756843, 0.015745224086614724]
[-0.2621634048756843, 0.015745224086614724]
[-0.2621634048756843, 0.015745224086614724]
[-0.2607642302840241, 0.015687559766595374]
[-0.2607642302840241, 0.015687559766595374]
[-0.2607642302840241, 0.015687559766595374]
[-0.2607642302840241, 0.015687559766595374]
[-0.2607642302840241, 0.015687559766595374]
[-0.2607642302840241, 0.015687559766595374]
[-0.2607642302840241, 0.015687559766595374]
[-0.2607642302840241, 0.015687559766595374]
[-0.2590531887626073, 0.015604870152365894]
[-0.2590531887626073, 0.015604870152365894]
[-0.2590531887626073, 0.015604870152365894]
[-0.2590531887626073, 0.015604870152365894]
[-0.2590531887626073, 0.015604870152365894]
[-0.2590531887626073, 0.015604870152365894]
[-0.2590531887626073, 0.015604870152365894]
[-0.2590531887626073, 0.015604870152365894]
[-0.2573733168533647, 0.015526459898747064]
[-0.2573733168533647, 0.015526459898747064]
[-0.2573733168533647, 0.015526459898747064]
[-0.2573733168533647, 0.015526459898747064]
[-0.2573733168533647, 0.015526459898747064]
[-0.2573733168533647, 0.015526459898747064]
[-0.2573733168533647, 0.015526459898747064]
[-0.2573733168533647, 0.015526459898747064]
[-0.2558060444919065, 0.015461865723244247]
[-0.2558060444919065, 0.015461865723244247]
[-0.2558060444919065, 0.015461865723244247]
[-0.2558060444919065, 0.015461865723244247]
[-0.2558060444919065, 0.015461865723244247]
[-0.2558060444919065, 0.015461865723244247]
[-0.2558060444919065, 0.015461865723244247]
[-0.2558060444919065, 0.015461865723244247]
[-0.2538661532449449, 0.0153776055720957]
[-0.2538661532449449, 0.0153776055720957]
[-0.2538661532449449, 0.0153776055720957]
[-0.2538661532449449, 0.0153776055720957]
[-0.2538661532449449, 0.0153776055720957]
[-0.2538661532449449, 0.0153776055720957]
[-0.2538661532449449, 0.0153776055720957]
[-0.2538661532449449, 0.0153776055720957]
[-0.25200443554679686, 0.015328301361038629]
[-0.25200443554679686, 0.015328301361038629]
[-0.25200443554679686, 0.015328301361038629]
[-0.25200443554679686, 0.015328301361038629]
[-0.25200443554679686, 0.015328301361038629]
[-0.25200443554679686, 0.015328301361038629]
[-0.25200443554679686, 0.015328301361038629]
[-0.25200443554679686, 0.015328301361038629]
[-0.25007913552072325, 0.015286570011196973]
[-0.25007913552072325, 0.015286570011196973]
[-0.25007913552072325, 0.015286570011196973]
[-0.25007913552072325, 0.015286570011196973]
[-0.25007913552072325, 0.015286570011196973]
[-0.25007913552072325, 0.015286570011196973]
[-0.25007913552072325, 0.015286570011196973]
[-0.25007913552072325, 0.015286570011196973]
[-0.24795538137778908, 0.015250291183784744]
[-0.24795538137778908, 0.015250291183784744]
[-0.24795538137778908, 0.015250291183784744]
[-0.24795538137778908, 0.015250291183784744]
[-0.24795538137778908, 0.015250291183784744]
[-0.24795538137778908, 0.015250291183784744]
[-0.24795538137778908, 0.015250291183784744]
[-0.24795538137778908, 0.015250291183784744]
[-0.24643231484788572, 0.015216168142774763]
[-0.24643231484788572, 0.015216168142774763]
[-0.24643231484788572, 0.015216168142774763]
[-0.24643231484788572, 0.015216168142774763]
[-0.24643231484788572, 0.015216168142774763]
[-0.24643231484788572, 0.015216168142774763]
[-0.24643231484788572, 0.015216168142774763]
[-0.24643231484788572, 0.015216168142774763]
[-0.24513338073310925, 0.015166961702187886]
[-0.24513338073310925, 0.015166961702187886]
[-0.24513338073310925, 0.015166961702187886]
[-0.24513338073310925, 0.015166961702187886]
[-0.24513338073310925, 0.015166961702187886]
[-0.24513338073310925, 0.015166961702187886]
[-0.24513338073310925, 0.015166961702187886]
[-0.24513338073310925, 0.015166961702187886]
[-0.2439554429533967, 0.015109209918904108]
[-0.2439554429533967, 0.015109209918904108]
[-0.2439554429533967, 0.015109209918904108]
[-0.2439554429533967, 0.015109209918904108]
[-0.2439554429533967, 0.015109209918904108]
[-0.2439554429533967, 0.015109209918904108]
[-0.2439554429533967, 0.015109209918904108]
[-0.2439554429533967, 0.015109209918904108]
[-0.24244482685958568, 0.01501136102121605]
[-0.24244482685958568, 0.01501136102121605]
[-0.24244482685958568, 0.01501136102121605]
[-0.24244482685958568, 0.01501136102121605]
[-0.24244482685958568, 0.01501136102121605]
[-0.24244482685958568, 0.01501136102121605]
[-0.24244482685958568, 0.01501136102121605]
[-0.24244482685958568, 0.01501136102121605]
[-0.24103961836471977, 0.014915555676724429]
[-0.24103961836471977, 0.014915555676724429]
[-0.24103961836471977, 0.014915555676724429]
[-0.24103961836471977, 0.014915555676724429]
[-0.24103961836471977, 0.014915555676724429]
[-0.24103961836471977, 0.014915555676724429]
[-0.24103961836471977, 0.014915555676724429]
[-0.24103961836471977, 0.014915555676724429]
[-0.23979116975164858, 0.014827088578836547]
[-0.23979116975164858, 0.014827088578836547]
[-0.23979116975164858, 0.014827088578836547]
[-0.23979116975164858, 0.014827088578836547]
[-0.23979116975164858, 0.014827088578836547]
[-0.23979116975164858, 0.014827088578836547]
[-0.23979116975164858, 0.014827088578836547]
[-0.23979116975164858, 0.014827088578836547]
[-0.2381828995227951, 0.014704976198349927]
[-0.2381828995227951, 0.014704976198349927]
[-0.2381828995227951, 0.014704976198349927]
[-0.2381828995227951, 0.014704976198349927]
[-0.2381828995227951, 0.014704976198349927]
[-0.2381828995227951, 0.014704976198349927]
[-0.2381828995227951, 0.014704976198349927]
[-0.2381828995227951, 0.014704976198349927]
[-0.2360917354927871, 0.014570008362533313]
[-0.2360917354927871, 0.014570008362533313]
[-0.2360917354927871, 0.014570008362533313]
[-0.2360917354927871, 0.014570008362533313]
[-0.2360917354927871, 0.014570008362533313]
[-0.2360917354927871, 0.014570008362533313]
[-0.2360917354927871, 0.014570008362533313]
[-0.2360917354927871, 0.014570008362533313]
[-0.23458493465623337, 0.014489194845886049]
[-0.23458493465623337, 0.014489194845886049]
[-0.23458493465623337, 0.014489194845886049]
[-0.23458493465623337, 0.014489194845886049]
[-0.23458493465623337, 0.014489194845886049]
[-0.23458493465623337, 0.014489194845886049]
[-0.23458493465623337, 0.014489194845886049]
[-0.23458493465623337, 0.014489194845886049]
[-0.23285895893307765, 0.014396479108270325]
[-0.23285895893307765, 0.014396479108270325]
[-0.23285895893307765, 0.014396479108270325]
[-0.23285895893307765, 0.014396479108270325]
[-0.23285895893307765, 0.014396479108270325]
[-0.23285895893307765, 0.014396479108270325]
[-0.23285895893307765, 0.014396479108270325]
[-0.23285895893307765, 0.014396479108270325]
[-0.2314446175942762, 0.014330238809272481]
[-0.2314446175942762, 0.014330238809272481]
[-0.2314446175942762, 0.014330238809272481]
[-0.2314446175942762, 0.014330238809272481]
[-0.2314446175942762, 0.014330238809272481]
[-0.2314446175942762, 0.014330238809272481]
[-0.2314446175942762, 0.014330238809272481]
[-0.2314446175942762, 0.014330238809272481]
[-0.22968779267387568, 0.01423851362172398]
[-0.22968779267387568, 0.01423851362172398]
[-0.22968779267387568, 0.01423851362172398]
[-0.22968779267387568, 0.01423851362172398]
[-0.22968779267387568, 0.01423851362172398]
[-0.22968779267387568, 0.01423851362172398]
[-0.22968779267387568, 0.01423851362172398]
[-0.22968779267387568, 0.01423851362172398]
