[-0.731574831054457, 0.008838887817212369]
[-0.731574831054457, 0.008838887817212369]
[-0.731574831054457, 0.008838887817212369]
[-0.731574831054457, 0.008838887817212369]
[-0.731574831054457, 0.008838887817212369]
[-0.731574831054457, 0.008838887817212369]
[-0.731574831054457, 0.008838887817212369]
[-0.731574831054457, 0.008838887817212369]
[-0.7306137700250751, 0.009810300218806531]
[-0.7306137700250751, 0.009810300218806531]
[-0.7306137700250751, 0.009810300218806531]
[-0.7306137700250751, 0.009810300218806531]
[-0.7306137700250751, 0.009810300218806531]
[-0.7306137700250751, 0.009810300218806531]
[-0.7306137700250751, 0.009810300218806531]
[-0.7306137700250751, 0.009810300218806531]
[-0.7293915884758583, 0.010586773308009627]
[-0.7293915884758583, 0.010586773308009627]
[-0.7293915884758583, 0.010586773308009627]
[-0.7293915884758583, 0.010586773308009627]
[-0.7293915884758583, 0.010586773308009627]
[-0.7293915884758583, 0.010586773308009627]
[-0.7293915884758583, 0.010586773308009627]
[-0.7293915884758583, 0.010586773308009627]
[-0.7280646385601806, 0.011531029994147086]
[-0.7280646385601806, 0.011531029994147086]
[-0.7280646385601806, 0.011531029994147086]
[-0.7280646385601806, 0.011531029994147086]
[-0.7280646385601806, 0.011531029994147086]
[-0.7280646385601806, 0.011531029994147086]
[-0.7280646385601806, 0.011531029994147086]
[-0.7280646385601806, 0.011531029994147086]
[-0.726421269595188, 0.012800896614486015]
[-0.726421269595188, 0.012800896614486015]
[-0.726421269595188, 0.012800896614486015]
[-0.726421269595188, 0.012800896614486015]
[-0.726421269595188, 0.012800896614486015]
[-0.726421269595188, 0.012800896614486015]
[-0.726421269595188, 0.012800896614486015]
[-0.726421269595188, 0.012800896614486015]
[-0.7250853510075503, 0.013920659535545553]
[-0.7250853510075503, 0.013920659535545553]
[-0.7250853510075503, 0.013920659535545553]
[-0.7250853510075503, 0.013920659535545553]
[-0.7250853510075503, 0.013920659535545553]
[-0.7250853510075503, 0.013920659535545553]
[-0.7250853510075503, 0.013920659535545553]
[-0.7250853510075503, 0.013920659535545553]
[-0.7237400692411018, 0.0150039353115424]
[-0.7237400692411018, 0.0150039353115424]
[-0.7237400692411018, 0.0150039353115424]
[-0.7237400692411018, 0.0150039353115424]
[-0.7237400692411018, 0.0150039353115424]
[-0.7237400692411018, 0.0150039353115424]
[-0.7237400692411018, 0.0150039353115424]
[-0.7237400692411018, 0.0150039353115424]
[-0.722783928540796, 0.015710343359201233]
[-0.722783928540796, 0.015710343359201233]
[-0.722783928540796, 0.015710343359201233]
[-0.722783928540796, 0.015710343359201233]
[-0.722783928540796, 0.015710343359201233]
[-0.722783928540796, 0.015710343359201233]
[-0.722783928540796, 0.015710343359201233]
[-0.722783928540796, 0.015710343359201233]
[-0.7215606142415867, 0.016587090101623757]
[-0.7215606142415867, 0.016587090101623757]
[-0.7215606142415867, 0.016587090101623757]
[-0.7215606142415867, 0.016587090101623757]
[-0.7215606142415867, 0.016587090101623757]
[-0.7215606142415867, 0.016587090101623757]
[-0.7215606142415867, 0.016587090101623757]
[-0.7215606142415867, 0.016587090101623757]
[-0.7201467163883143, 0.01753535854656247]
[-0.7201467163883143, 0.01753535854656247]
[-0.7201467163883143, 0.01753535854656247]
[-0.7201467163883143, 0.01753535854656247]
[-0.7201467163883143, 0.01753535854656247]
[-0.7201467163883143, 0.01753535854656247]
[-0.7201467163883143, 0.01753535854656247]
[-0.7201467163883143, 0.01753535854656247]
[-0.7182822733641016, 0.018726506353401513]
[-0.7182822733641016, 0.018726506353401513]
[-0.7182822733641016, 0.018726506353401513]
[-0.7182822733641016, 0.018726506353401513]
[-0.7182822733641016, 0.018726506353401513]
[-0.7182822733641016, 0.018726506353401513]
[-0.7182822733641016, 0.018726506353401513]
[-0.7182822733641016, 0.018726506353401513]
[-0.7160219431852233, 0.02013639059487523]
[-0.7160219431852233, 0.02013639059487523]
[-0.7160219431852233, 0.02013639059487523]
[-0.7160219431852233, 0.02013639059487523]
[-0.7160219431852233, 0.02013639059487523]
[-0.7160219431852233, 0.02013639059487523]
[-0.7160219431852233, 0.02013639059487523]
[-0.7160219431852233, 0.02013639059487523]
[-0.7139394441424411, 0.02141793434707644]
[-0.7139394441424411, 0.02141793434707644]
[-0.7139394441424411, 0.02141793434707644]
[-0.7139394441424411, 0.02141793434707644]
[-0.7139394441424411, 0.02141793434707644]
[-0.7139394441424411, 0.02141793434707644]
[-0.7139394441424411, 0.02141793434707644]
[-0.7139394441424411, 0.02141793434707644]
[-0.7116772752069288, 0.022794803893902423]
[-0.7116772752069288, 0.022794803893902423]
[-0.7116772752069288, 0.022794803893902423]
[-0.7116772752069288, 0.022794803893902423]
[-0.7116772752069288, 0.022794803893902423]
[-0.7116772752069288, 0.022794803893902423]
[-0.7116772752069288, 0.022794803893902423]
[-0.7116772752069288, 0.022794803893902423]
[-0.7096755549047337, 0.023979261308707114]
[-0.7096755549047337, 0.023979261308707114]
[-0.7096755549047337, 0.023979261308707114]
[-0.7096755549047337, 0.023979261308707114]
[-0.7096755549047337, 0.023979261308707114]
[-0.7096755549047337, 0.023979261308707114]
[-0.7096755549047337, 0.023979261308707114]
[-0.7096755549047337, 0.023979261308707114]
[-0.7078974540448629, 0.02498536440299813]
[-0.7078974540448629, 0.02498536440299813]
[-0.7078974540448629, 0.02498536440299813]
[-0.7078974540448629, 0.02498536440299813]
[-0.7078974540448629, 0.02498536440299813]
[-0.7078974540448629, 0.02498536440299813]
[-0.7078974540448629, 0.02498536440299813]
[-0.7078974540448629, 0.02498536440299813]
[-0.7053407018900177, 0.026362840018909164]
[-0.7053407018900177, 0.026362840018909164]
[-0.7053407018900177, 0.026362840018909164]
[-0.7053407018900177, 0.026362840018909164]
[-0.7053407018900177, 0.026362840018909164]
[-0.7053407018900177, 0.026362840018909164]
[-0.7053407018900177, 0.026362840018909164]
[-0.7053407018900177, 0.026362840018909164]
[-0.7035974141216368, 0.02730370818114992]
[-0.7035974141216368, 0.02730370818114992]
[-0.7035974141216368, 0.02730370818114992]
[-0.7035974141216368, 0.02730370818114992]
[-0.7035974141216368, 0.02730370818114992]
[-0.7035974141216368, 0.02730370818114992]
[-0.7035974141216368, 0.02730370818114992]
[-0.7035974141216368, 0.02730370818114992]
[-0.7009852088894295, 0.028573992596408356]
[-0.7009852088894295, 0.028573992596408356]
[-0.7009852088894295, 0.028573992596408356]
[-0.7009852088894295, 0.028573992596408356]
[-0.7009852088894295, 0.028573992596408356]
[-0.7009852088894295, 0.028573992596408356]
[-0.7009852088894295, 0.028573992596408356]
[-0.7009852088894295, 0.028573992596408356]
[-0.6985818943705463, 0.030076836901726505]
[-0.6985818943705463, 0.030076836901726505]
[-0.6985818943705463, 0.030076836901726505]
[-0.6985818943705463, 0.030076836901726505]
[-0.6985818943705463, 0.030076836901726505]
[-0.6985818943705463, 0.030076836901726505]
[-0.6985818943705463, 0.030076836901726505]
[-0.6985818943705463, 0.030076836901726505]
[-0.6961569629414748, 0.031157828355636588]
[-0.6961569629414748, 0.031157828355636588]
[-0.6961569629414748, 0.031157828355636588]
[-0.6961569629414748, 0.031157828355636588]
[-0.6961569629414748, 0.031157828355636588]
[-0.6961569629414748, 0.031157828355636588]
[-0.6961569629414748, 0.031157828355636588]
[-0.6961569629414748, 0.031157828355636588]
[-0.6939763492342366, 0.03241488767543954]
[-0.6939763492342366, 0.03241488767543954]
[-0.6939763492342366, 0.03241488767543954]
[-0.6939763492342366, 0.03241488767543954]
[-0.6939763492342366, 0.03241488767543954]
[-0.6939763492342366, 0.03241488767543954]
[-0.6939763492342366, 0.03241488767543954]
[-0.6939763492342366, 0.03241488767543954]
[-0.6917023516166717, 0.03329973705540356]
[-0.6917023516166717, 0.03329973705540356]
[-0.6917023516166717, 0.03329973705540356]
[-0.6917023516166717, 0.03329973705540356]
[-0.6917023516166717, 0.03329973705540356]
[-0.6917023516166717, 0.03329973705540356]
[-0.6917023516166717, 0.03329973705540356]
[-0.6917023516166717, 0.03329973705540356]
[-0.6891828225599858, 0.034163747268532954]
[-0.6891828225599858, 0.034163747268532954]
[-0.6891828225599858, 0.034163747268532954]
[-0.6891828225599858, 0.034163747268532954]
[-0.6891828225599858, 0.034163747268532954]
[-0.6891828225599858, 0.034163747268532954]
[-0.6891828225599858, 0.034163747268532954]
[-0.6891828225599858, 0.034163747268532954]
[-0.6875914501038118, 0.03468405965175892]
[-0.6875914501038118, 0.03468405965175892]
[-0.6875914501038118, 0.03468405965175892]
[-0.6875914501038118, 0.03468405965175892]
[-0.6875914501038118, 0.03468405965175892]
[-0.6875914501038118, 0.03468405965175892]
[-0.6875914501038118, 0.03468405965175892]
[-0.6875914501038118, 0.03468405965175892]
[-0.6862115655524526, 0.03531155829108121]
[-0.6862115655524526, 0.03531155829108121]
[-0.6862115655524526, 0.03531155829108121]
[-0.6862115655524526, 0.03531155829108121]
[-0.6862115655524526, 0.03531155829108121]
[-0.6862115655524526, 0.03531155829108121]
[-0.6862115655524526, 0.03531155829108121]
[-0.6862115655524526, 0.03531155829108121]
[-0.684128328012775, 0.036029222764700275]
[-0.684128328012775, 0.036029222764700275]
[-0.684128328012775, 0.036029222764700275]
[-0.684128328012775, 0.036029222764700275]
[-0.684128328012775, 0.036029222764700275]
[-0.684128328012775, 0.036029222764700275]
[-0.684128328012775, 0.036029222764700275]
[-0.684128328012775, 0.036029222764700275]
[-0.6820444673096545, 0.03677305417113245]
[-0.6820444673096545, 0.03677305417113245]
[-0.6820444673096545, 0.03677305417113245]
[-0.6820444673096545, 0.03677305417113245]
[-0.6820444673096545, 0.03677305417113245]
[-0.6820444673096545, 0.03677305417113245]
[-0.6820444673096545, 0.03677305417113245]
[-0.6820444673096545, 0.03677305417113245]
[-0.6801146304230006, 0.037407682127522095]
[-0.6801146304230006, 0.037407682127522095]
[-0.6801146304230006, 0.037407682127522095]
[-0.6801146304230006, 0.037407682127522095]
[-0.6801146304230006, 0.037407682127522095]
[-0.6801146304230006, 0.037407682127522095]
[-0.6801146304230006, 0.037407682127522095]
[-0.6801146304230006, 0.037407682127522095]
[-0.6782162785955356, 0.03830169137161976]
[-0.6782162785955356, 0.03830169137161976]
[-0.6782162785955356, 0.03830169137161976]
[-0.6782162785955356, 0.03830169137161976]
[-0.6782162785955356, 0.03830169137161976]
[-0.6782162785955356, 0.03830169137161976]
[-0.6782162785955356, 0.03830169137161976]
[-0.6782162785955356, 0.03830169137161976]
[-0.6760607952284915, 0.038938381445437445]
[-0.6760607952284915, 0.038938381445437445]
[-0.6760607952284915, 0.038938381445437445]
[-0.6760607952284915, 0.038938381445437445]
[-0.6760607952284915, 0.038938381445437445]
[-0.6760607952284915, 0.038938381445437445]
[-0.6760607952284915, 0.038938381445437445]
[-0.6760607952284915, 0.038938381445437445]
[-0.6747512465398555, 0.0393360802804301]
[-0.6747512465398555, 0.0393360802804301]
[-0.6747512465398555, 0.0393360802804301]
[-0.6747512465398555, 0.0393360802804301]
[-0.6747512465398555, 0.0393360802804301]
[-0.6747512465398555, 0.0393360802804301]
[-0.6747512465398555, 0.0393360802804301]
[-0.6747512465398555, 0.0393360802804301]
[-0.6727671131386324, 0.03986980456438745]
[-0.6727671131386324, 0.03986980456438745]
[-0.6727671131386324, 0.03986980456438745]
[-0.6727671131386324, 0.03986980456438745]
[-0.6727671131386324, 0.03986980456438745]
[-0.6727671131386324, 0.03986980456438745]
[-0.6727671131386324, 0.03986980456438745]
[-0.6727671131386324, 0.03986980456438745]
[-0.670709193127493, 0.04038773572159716]
[-0.670709193127493, 0.04038773572159716]
[-0.670709193127493, 0.04038773572159716]
[-0.670709193127493, 0.04038773572159716]
[-0.670709193127493, 0.04038773572159716]
[-0.670709193127493, 0.04038773572159716]
[-0.670709193127493, 0.04038773572159716]
[-0.670709193127493, 0.04038773572159716]
[-0.6682208806980078, 0.04103878511434063]
[-0.6682208806980078, 0.04103878511434063]
[-0.6682208806980078, 0.04103878511434063]
[-0.6682208806980078, 0.04103878511434063]
[-0.6682208806980078, 0.04103878511434063]
[-0.6682208806980078, 0.04103878511434063]
[-0.6682208806980078, 0.04103878511434063]
[-0.6682208806980078, 0.04103878511434063]
[-0.6662875222914, 0.04157245886383364]
[-0.6662875222914, 0.04157245886383364]
[-0.6662875222914, 0.04157245886383364]
[-0.6662875222914, 0.04157245886383364]
[-0.6662875222914, 0.04157245886383364]
[-0.6662875222914, 0.04157245886383364]
[-0.6662875222914, 0.04157245886383364]
[-0.6662875222914, 0.04157245886383364]
[-0.6643369541591763, 0.04210650263701178]
[-0.6643369541591763, 0.04210650263701178]
[-0.6643369541591763, 0.04210650263701178]
[-0.6643369541591763, 0.04210650263701178]
[-0.6643369541591763, 0.04210650263701178]
[-0.6643369541591763, 0.04210650263701178]
[-0.6643369541591763, 0.04210650263701178]
[-0.6643369541591763, 0.04210650263701178]
[-0.6623431113923081, 0.04260891995358696]
[-0.6623431113923081, 0.04260891995358696]
[-0.6623431113923081, 0.04260891995358696]
[-0.6623431113923081, 0.04260891995358696]
[-0.6623431113923081, 0.04260891995358696]
[-0.6623431113923081, 0.04260891995358696]
[-0.6623431113923081, 0.04260891995358696]
[-0.6623431113923081, 0.04260891995358696]
[-0.6604864855515308, 0.043082004278092674]
[-0.6604864855515308, 0.043082004278092674]
[-0.6604864855515308, 0.043082004278092674]
[-0.6604864855515308, 0.043082004278092674]
[-0.6604864855515308, 0.043082004278092674]
[-0.6604864855515308, 0.043082004278092674]
[-0.6604864855515308, 0.043082004278092674]
[-0.6604864855515308, 0.043082004278092674]
[-0.6578352934164171, 0.04375903462818628]
[-0.6578352934164171, 0.04375903462818628]
[-0.6578352934164171, 0.04375903462818628]
[-0.6578352934164171, 0.04375903462818628]
[-0.6578352934164171, 0.04375903462818628]
[-0.6578352934164171, 0.04375903462818628]
[-0.6578352934164171, 0.04375903462818628]
[-0.6578352934164171, 0.04375903462818628]
[-0.6561518324392437, 0.044221198309378325]
[-0.6561518324392437, 0.044221198309378325]
[-0.6561518324392437, 0.044221198309378325]
[-0.6561518324392437, 0.044221198309378325]
[-0.6561518324392437, 0.044221198309378325]
[-0.6561518324392437, 0.044221198309378325]
[-0.6561518324392437, 0.044221198309378325]
[-0.6561518324392437, 0.044221198309378325]
[-0.6545214071214264, 0.04464744905650139]
[-0.6545214071214264, 0.04464744905650139]
[-0.6545214071214264, 0.04464744905650139]
[-0.6545214071214264, 0.04464744905650139]
[-0.6545214071214264, 0.04464744905650139]
[-0.6545214071214264, 0.04464744905650139]
[-0.6545214071214264, 0.04464744905650139]
[-0.6545214071214264, 0.04464744905650139]
[-0.6520939120252426, 0.04528432992652092]
[-0.6520939120252426, 0.04528432992652092]
[-0.6520939120252426, 0.04528432992652092]
[-0.6520939120252426, 0.04528432992652092]
[-0.6520939120252426, 0.04528432992652092]
[-0.6520939120252426, 0.04528432992652092]
[-0.6520939120252426, 0.04528432992652092]
[-0.6520939120252426, 0.04528432992652092]
[-0.6507725374998571, 0.04562457297665668]
[-0.6507725374998571, 0.04562457297665668]
[-0.6507725374998571, 0.04562457297665668]
[-0.6507725374998571, 0.04562457297665668]
[-0.6507725374998571, 0.04562457297665668]
[-0.6507725374998571, 0.04562457297665668]
[-0.6507725374998571, 0.04562457297665668]
[-0.6507725374998571, 0.04562457297665668]
[-0.6485338178615709, 0.04616885508051754]
[-0.6485338178615709, 0.04616885508051754]
[-0.6485338178615709, 0.04616885508051754]
[-0.6485338178615709, 0.04616885508051754]
[-0.6485338178615709, 0.04616885508051754]
[-0.6485338178615709, 0.04616885508051754]
[-0.6485338178615709, 0.04616885508051754]
[-0.6485338178615709, 0.04616885508051754]
[-0.6471879973539036, 0.046506068972687824]
[-0.6471879973539036, 0.046506068972687824]
[-0.6471879973539036, 0.046506068972687824]
[-0.6471879973539036, 0.046506068972687824]
[-0.6471879973539036, 0.046506068972687824]
[-0.6471879973539036, 0.046506068972687824]
[-0.6471879973539036, 0.046506068972687824]
[-0.6471879973539036, 0.046506068972687824]
[-0.6446998058211713, 0.04705953412448408]
[-0.6446998058211713, 0.04705953412448408]
[-0.6446998058211713, 0.04705953412448408]
[-0.6446998058211713, 0.04705953412448408]
[-0.6446998058211713, 0.04705953412448408]
[-0.6446998058211713, 0.04705953412448408]
[-0.6446998058211713, 0.04705953412448408]
[-0.6446998058211713, 0.04705953412448408]
[-0.6417130402378322, 0.047595590831428565]
[-0.6417130402378322, 0.047595590831428565]
[-0.6417130402378322, 0.047595590831428565]
[-0.6417130402378322, 0.047595590831428565]
[-0.6417130402378322, 0.047595590831428565]
[-0.6417130402378322, 0.047595590831428565]
[-0.6417130402378322, 0.047595590831428565]
[-0.6417130402378322, 0.047595590831428565]
[-0.6389823694554704, 0.04799289485283613]
[-0.6389823694554704, 0.04799289485283613]
[-0.6389823694554704, 0.04799289485283613]
[-0.6389823694554704, 0.04799289485283613]
[-0.6389823694554704, 0.04799289485283613]
[-0.6389823694554704, 0.04799289485283613]
[-0.6389823694554704, 0.04799289485283613]
[-0.6389823694554704, 0.04799289485283613]
[-0.6359393048170201, 0.048337964213349835]
[-0.6359393048170201, 0.048337964213349835]
[-0.6359393048170201, 0.048337964213349835]
[-0.6359393048170201, 0.048337964213349835]
[-0.6359393048170201, 0.048337964213349835]
[-0.6359393048170201, 0.048337964213349835]
[-0.6359393048170201, 0.048337964213349835]
[-0.6359393048170201, 0.048337964213349835]
[-0.6331771302144829, 0.04858147365798427]
[-0.6331771302144829, 0.04858147365798427]
[-0.6331771302144829, 0.04858147365798427]
[-0.6331771302144829, 0.04858147365798427]
[-0.6331771302144829, 0.04858147365798427]
[-0.6331771302144829, 0.04858147365798427]
[-0.6331771302144829, 0.04858147365798427]
[-0.6331771302144829, 0.04858147365798427]
[-0.6298884388651197, 0.048812016814017006]
[-0.6298884388651197, 0.048812016814017006]
[-0.6298884388651197, 0.048812016814017006]
[-0.6298884388651197, 0.048812016814017006]
[-0.6298884388651197, 0.048812016814017006]
[-0.6298884388651197, 0.048812016814017006]
[-0.6298884388651197, 0.048812016814017006]
[-0.6298884388651197, 0.048812016814017006]
[-0.6272299378383863, 0.048959184046590824]
[-0.6272299378383863, 0.048959184046590824]
[-0.6272299378383863, 0.048959184046590824]
[-0.6272299378383863, 0.048959184046590824]
[-0.6272299378383863, 0.048959184046590824]
[-0.6272299378383863, 0.048959184046590824]
[-0.6272299378383863, 0.048959184046590824]
[-0.6272299378383863, 0.048959184046590824]
[-0.6247174677629236, 0.049022437027308845]
[-0.6247174677629236, 0.049022437027308845]
[-0.6247174677629236, 0.049022437027308845]
[-0.6247174677629236, 0.049022437027308845]
[-0.6247174677629236, 0.049022437027308845]
[-0.6247174677629236, 0.049022437027308845]
[-0.6247174677629236, 0.049022437027308845]
[-0.6247174677629236, 0.049022437027308845]
[-0.6222149475542358, 0.048993382557928525]
[-0.6222149475542358, 0.048993382557928525]
[-0.6222149475542358, 0.048993382557928525]
[-0.6222149475542358, 0.048993382557928525]
[-0.6222149475542358, 0.048993382557928525]
[-0.6222149475542358, 0.048993382557928525]
[-0.6222149475542358, 0.048993382557928525]
[-0.6222149475542358, 0.048993382557928525]
[-0.6193689015724169, 0.0488483489517361]
[-0.6193689015724169, 0.0488483489517361]
[-0.6193689015724169, 0.0488483489517361]
[-0.6193689015724169, 0.0488483489517361]
[-0.6193689015724169, 0.0488483489517361]
[-0.6193689015724169, 0.0488483489517361]
[-0.6193689015724169, 0.0488483489517361]
[-0.6193689015724169, 0.0488483489517361]
[-0.6162650339428054, 0.04864794004146269]
[-0.6162650339428054, 0.04864794004146269]
[-0.6162650339428054, 0.04864794004146269]
[-0.6162650339428054, 0.04864794004146269]
[-0.6162650339428054, 0.04864794004146269]
[-0.6162650339428054, 0.04864794004146269]
[-0.6162650339428054, 0.04864794004146269]
[-0.6162650339428054, 0.04864794004146269]
[-0.6137340431527428, 0.04845566802220132]
[-0.6137340431527428, 0.04845566802220132]
[-0.6137340431527428, 0.04845566802220132]
[-0.6137340431527428, 0.04845566802220132]
[-0.6137340431527428, 0.04845566802220132]
[-0.6137340431527428, 0.04845566802220132]
[-0.6137340431527428, 0.04845566802220132]
[-0.6137340431527428, 0.04845566802220132]
[-0.6112800281551815, 0.04821132043174681]
[-0.6112800281551815, 0.04821132043174681]
[-0.6112800281551815, 0.04821132043174681]
[-0.6112800281551815, 0.04821132043174681]
[-0.6112800281551815, 0.04821132043174681]
[-0.6112800281551815, 0.04821132043174681]
[-0.6112800281551815, 0.04821132043174681]
[-0.6112800281551815, 0.04821132043174681]
[-0.6088926539600162, 0.04797070060298626]
[-0.6088926539600162, 0.04797070060298626]
[-0.6088926539600162, 0.04797070060298626]
[-0.6088926539600162, 0.04797070060298626]
[-0.6088926539600162, 0.04797070060298626]
[-0.6088926539600162, 0.04797070060298626]
[-0.6088926539600162, 0.04797070060298626]
[-0.6088926539600162, 0.04797070060298626]
[-0.6068157075766929, 0.04781713585539564]
[-0.6068157075766929, 0.04781713585539564]
[-0.6068157075766929, 0.04781713585539564]
[-0.6068157075766929, 0.04781713585539564]
[-0.6068157075766929, 0.04781713585539564]
[-0.6068157075766929, 0.04781713585539564]
[-0.6068157075766929, 0.04781713585539564]
[-0.6068157075766929, 0.04781713585539564]
[-0.6050426132488269, 0.0477005317405518]
[-0.6050426132488269, 0.0477005317405518]
[-0.6050426132488269, 0.0477005317405518]
[-0.6050426132488269, 0.0477005317405518]
[-0.6050426132488269, 0.0477005317405518]
[-0.6050426132488269, 0.0477005317405518]
[-0.6050426132488269, 0.0477005317405518]
[-0.6050426132488269, 0.0477005317405518]
[-0.6033113859723682, 0.0475899186362498]
[-0.6033113859723682, 0.0475899186362498]
[-0.6033113859723682, 0.0475899186362498]
[-0.6033113859723682, 0.0475899186362498]
[-0.6033113859723682, 0.0475899186362498]
[-0.6033113859723682, 0.0475899186362498]
[-0.6033113859723682, 0.0475899186362498]
[-0.6033113859723682, 0.0475899186362498]
[-0.600654244928518, 0.047423133322435466]
[-0.600654244928518, 0.047423133322435466]
[-0.600654244928518, 0.047423133322435466]
[-0.600654244928518, 0.047423133322435466]
[-0.600654244928518, 0.047423133322435466]
[-0.600654244928518, 0.047423133322435466]
[-0.600654244928518, 0.047423133322435466]
[-0.600654244928518, 0.047423133322435466]
[-0.59745070908493, 0.04731027477183868]
[-0.59745070908493, 0.04731027477183868]
[-0.59745070908493, 0.04731027477183868]
[-0.59745070908493, 0.04731027477183868]
[-0.59745070908493, 0.04731027477183868]
[-0.59745070908493, 0.04731027477183868]
[-0.59745070908493, 0.04731027477183868]
[-0.59745070908493, 0.04731027477183868]
[-0.5953752028036117, 0.04721005646190078]
[-0.5953752028036117, 0.04721005646190078]
[-0.5953752028036117, 0.04721005646190078]
[-0.5953752028036117, 0.04721005646190078]
[-0.5953752028036117, 0.04721005646190078]
[-0.5953752028036117, 0.04721005646190078]
[-0.5953752028036117, 0.04721005646190078]
[-0.5953752028036117, 0.04721005646190078]
[-0.5930711313921763, 0.047056232700532816]
[-0.5930711313921763, 0.047056232700532816]
[-0.5930711313921763, 0.047056232700532816]
[-0.5930711313921763, 0.047056232700532816]
[-0.5930711313921763, 0.047056232700532816]
[-0.5930711313921763, 0.047056232700532816]
[-0.5930711313921763, 0.047056232700532816]
[-0.5930711313921763, 0.047056232700532816]
[-0.5913796933108799, 0.0469588385604921]
[-0.5913796933108799, 0.0469588385604921]
[-0.5913796933108799, 0.0469588385604921]
[-0.5913796933108799, 0.0469588385604921]
[-0.5913796933108799, 0.0469588385604921]
[-0.5913796933108799, 0.0469588385604921]
[-0.5913796933108799, 0.0469588385604921]
[-0.5913796933108799, 0.0469588385604921]
[-0.5892572592237323, 0.04681938803576252]
[-0.5892572592237323, 0.04681938803576252]
[-0.5892572592237323, 0.04681938803576252]
[-0.5892572592237323, 0.04681938803576252]
[-0.5892572592237323, 0.04681938803576252]
[-0.5892572592237323, 0.04681938803576252]
[-0.5892572592237323, 0.04681938803576252]
[-0.5892572592237323, 0.04681938803576252]
[-0.587371362615184, 0.046671357550193776]
[-0.587371362615184, 0.046671357550193776]
[-0.587371362615184, 0.046671357550193776]
[-0.587371362615184, 0.046671357550193776]
[-0.587371362615184, 0.046671357550193776]
[-0.587371362615184, 0.046671357550193776]
[-0.587371362615184, 0.046671357550193776]
[-0.587371362615184, 0.046671357550193776]
[-0.5851248522993239, 0.046470247372302105]
[-0.5851248522993239, 0.046470247372302105]
[-0.5851248522993239, 0.046470247372302105]
[-0.5851248522993239, 0.046470247372302105]
[-0.5851248522993239, 0.046470247372302105]
[-0.5851248522993239, 0.046470247372302105]
[-0.5851248522993239, 0.046470247372302105]
[-0.5851248522993239, 0.046470247372302105]
[-0.5830865333175898, 0.04629264000479952]
[-0.5830865333175898, 0.04629264000479952]
[-0.5830865333175898, 0.04629264000479952]
[-0.5830865333175898, 0.04629264000479952]
[-0.5830865333175898, 0.04629264000479952]
[-0.5830865333175898, 0.04629264000479952]
[-0.5830865333175898, 0.04629264000479952]
[-0.5830865333175898, 0.04629264000479952]
[-0.580374719093017, 0.0460741632308576]
[-0.580374719093017, 0.0460741632308576]
[-0.580374719093017, 0.0460741632308576]
[-0.580374719093017, 0.0460741632308576]
[-0.580374719093017, 0.0460741632308576]
[-0.580374719093017, 0.0460741632308576]
[-0.580374719093017, 0.0460741632308576]
[-0.580374719093017, 0.0460741632308576]
[-0.5775798752896669, 0.045909597597175604]
[-0.5775798752896669, 0.045909597597175604]
[-0.5775798752896669, 0.045909597597175604]
[-0.5775798752896669, 0.045909597597175604]
[-0.5775798752896669, 0.045909597597175604]
[-0.5775798752896669, 0.045909597597175604]
[-0.5775798752896669, 0.045909597597175604]
[-0.5775798752896669, 0.045909597597175604]
[-0.5752103759478177, 0.04579911864976749]
[-0.5752103759478177, 0.04579911864976749]
[-0.5752103759478177, 0.04579911864976749]
[-0.5752103759478177, 0.04579911864976749]
[-0.5752103759478177, 0.04579911864976749]
[-0.5752103759478177, 0.04579911864976749]
[-0.5752103759478177, 0.04579911864976749]
[-0.5752103759478177, 0.04579911864976749]
[-0.573292605727229, 0.04570435662955636]
[-0.573292605727229, 0.04570435662955636]
[-0.573292605727229, 0.04570435662955636]
[-0.573292605727229, 0.04570435662955636]
[-0.573292605727229, 0.04570435662955636]
[-0.573292605727229, 0.04570435662955636]
[-0.573292605727229, 0.04570435662955636]
[-0.573292605727229, 0.04570435662955636]
[-0.5716737708197477, 0.045593123753976665]
[-0.5716737708197477, 0.045593123753976665]
[-0.5716737708197477, 0.045593123753976665]
[-0.5716737708197477, 0.045593123753976665]
[-0.5716737708197477, 0.045593123753976665]
[-0.5716737708197477, 0.045593123753976665]
[-0.5716737708197477, 0.045593123753976665]
[-0.5716737708197477, 0.045593123753976665]
[-0.5692414198547302, 0.04539357073911899]
[-0.5692414198547302, 0.04539357073911899]
[-0.5692414198547302, 0.04539357073911899]
[-0.5692414198547302, 0.04539357073911899]
[-0.5692414198547302, 0.04539357073911899]
[-0.5692414198547302, 0.04539357073911899]
[-0.5692414198547302, 0.04539357073911899]
[-0.5692414198547302, 0.04539357073911899]
[-0.5667257287601776, 0.045239223114210886]
[-0.5667257287601776, 0.045239223114210886]
[-0.5667257287601776, 0.045239223114210886]
[-0.5667257287601776, 0.045239223114210886]
[-0.5667257287601776, 0.045239223114210886]
[-0.5667257287601776, 0.045239223114210886]
[-0.5667257287601776, 0.045239223114210886]
[-0.5667257287601776, 0.045239223114210886]
[-0.5647134178406843, 0.04511810645475484]
[-0.5647134178406843, 0.04511810645475484]
[-0.5647134178406843, 0.04511810645475484]
[-0.5647134178406843, 0.04511810645475484]
[-0.5647134178406843, 0.04511810645475484]
[-0.5647134178406843, 0.04511810645475484]
[-0.5647134178406843, 0.04511810645475484]
[-0.5647134178406843, 0.04511810645475484]
[-0.562013570062514, 0.04495932780948532]
[-0.562013570062514, 0.04495932780948532]
[-0.562013570062514, 0.04495932780948532]
[-0.562013570062514, 0.04495932780948532]
[-0.562013570062514, 0.04495932780948532]
[-0.562013570062514, 0.04495932780948532]
[-0.562013570062514, 0.04495932780948532]
[-0.562013570062514, 0.04495932780948532]
[-0.5600105630588248, 0.044878161788173256]
[-0.5600105630588248, 0.044878161788173256]
[-0.5600105630588248, 0.044878161788173256]
[-0.5600105630588248, 0.044878161788173256]
[-0.5600105630588248, 0.044878161788173256]
[-0.5600105630588248, 0.044878161788173256]
[-0.5600105630588248, 0.044878161788173256]
[-0.5600105630588248, 0.044878161788173256]
[-0.5585705511402227, 0.044816829460530866]
[-0.5585705511402227, 0.044816829460530866]
[-0.5585705511402227, 0.044816829460530866]
[-0.5585705511402227, 0.044816829460530866]
[-0.5585705511402227, 0.044816829460530866]
[-0.5585705511402227, 0.044816829460530866]
[-0.5585705511402227, 0.044816829460530866]
[-0.5585705511402227, 0.044816829460530866]
[-0.5560460176661209, 0.04465574484326744]
[-0.5560460176661209, 0.04465574484326744]
[-0.5560460176661209, 0.04465574484326744]
[-0.5560460176661209, 0.04465574484326744]
[-0.5560460176661209, 0.04465574484326744]
[-0.5560460176661209, 0.04465574484326744]
[-0.5560460176661209, 0.04465574484326744]
[-0.5560460176661209, 0.04465574484326744]
[-0.5536644622280694, 0.04456724701874128]
[-0.5536644622280694, 0.04456724701874128]
[-0.5536644622280694, 0.04456724701874128]
[-0.5536644622280694, 0.04456724701874128]
[-0.5536644622280694, 0.04456724701874128]
[-0.5536644622280694, 0.04456724701874128]
[-0.5536644622280694, 0.04456724701874128]
[-0.5536644622280694, 0.04456724701874128]
[-0.5521218142134938, 0.04449706256309719]
[-0.5521218142134938, 0.04449706256309719]
[-0.5521218142134938, 0.04449706256309719]
[-0.5521218142134938, 0.04449706256309719]
[-0.5521218142134938, 0.04449706256309719]
[-0.5521218142134938, 0.04449706256309719]
[-0.5521218142134938, 0.04449706256309719]
[-0.5521218142134938, 0.04449706256309719]
[-0.5502587123724464, 0.04438645325327264]
[-0.5502587123724464, 0.04438645325327264]
[-0.5502587123724464, 0.04438645325327264]
[-0.5502587123724464, 0.04438645325327264]
[-0.5502587123724464, 0.04438645325327264]
[-0.5502587123724464, 0.04438645325327264]
[-0.5502587123724464, 0.04438645325327264]
[-0.5502587123724464, 0.04438645325327264]
[-0.5480390045808059, 0.044257959690746064]
[-0.5480390045808059, 0.044257959690746064]
[-0.5480390045808059, 0.044257959690746064]
[-0.5480390045808059, 0.044257959690746064]
[-0.5480390045808059, 0.044257959690746064]
[-0.5480390045808059, 0.044257959690746064]
[-0.5480390045808059, 0.044257959690746064]
[-0.5480390045808059, 0.044257959690746064]
[-0.5462151704098516, 0.04416183993262065]
[-0.5462151704098516, 0.04416183993262065]
[-0.5462151704098516, 0.04416183993262065]
[-0.5462151704098516, 0.04416183993262065]
[-0.5462151704098516, 0.04416183993262065]
[-0.5462151704098516, 0.04416183993262065]
[-0.5462151704098516, 0.04416183993262065]
[-0.5462151704098516, 0.04416183993262065]
[-0.5444531900615432, 0.04406008802994091]
[-0.5444531900615432, 0.04406008802994091]
[-0.5444531900615432, 0.04406008802994091]
[-0.5444531900615432, 0.04406008802994091]
[-0.5444531900615432, 0.04406008802994091]
[-0.5444531900615432, 0.04406008802994091]
[-0.5444531900615432, 0.04406008802994091]
[-0.5444531900615432, 0.04406008802994091]
[-0.5419211180133281, 0.04390571852560531]
[-0.5419211180133281, 0.04390571852560531]
[-0.5419211180133281, 0.04390571852560531]
[-0.5419211180133281, 0.04390571852560531]
[-0.5419211180133281, 0.04390571852560531]
[-0.5419211180133281, 0.04390571852560531]
[-0.5419211180133281, 0.04390571852560531]
[-0.5419211180133281, 0.04390571852560531]
[-0.5396172491156779, 0.043820996254411604]
[-0.5396172491156779, 0.043820996254411604]
[-0.5396172491156779, 0.043820996254411604]
[-0.5396172491156779, 0.043820996254411604]
[-0.5396172491156779, 0.043820996254411604]
[-0.5396172491156779, 0.043820996254411604]
[-0.5396172491156779, 0.043820996254411604]
[-0.5396172491156779, 0.043820996254411604]
[-0.5379396731931261, 0.0437729326300247]
[-0.5379396731931261, 0.0437729326300247]
[-0.5379396731931261, 0.0437729326300247]
[-0.5379396731931261, 0.0437729326300247]
[-0.5379396731931261, 0.0437729326300247]
[-0.5379396731931261, 0.0437729326300247]
[-0.5379396731931261, 0.0437729326300247]
[-0.5379396731931261, 0.0437729326300247]
[-0.5355508448765205, 0.04369068860524595]
[-0.5355508448765205, 0.04369068860524595]
[-0.5355508448765205, 0.04369068860524595]
[-0.5355508448765205, 0.04369068860524595]
[-0.5355508448765205, 0.04369068860524595]
[-0.5355508448765205, 0.04369068860524595]
[-0.5355508448765205, 0.04369068860524595]
[-0.5355508448765205, 0.04369068860524595]
[-0.533297733840343, 0.04363979770786914]
[-0.533297733840343, 0.04363979770786914]
[-0.533297733840343, 0.04363979770786914]
[-0.533297733840343, 0.04363979770786914]
[-0.533297733840343, 0.04363979770786914]
[-0.533297733840343, 0.04363979770786914]
[-0.533297733840343, 0.04363979770786914]
[-0.533297733840343, 0.04363979770786914]
[-0.5315722968735577, 0.04359598103720242]
[-0.5315722968735577, 0.04359598103720242]
[-0.5315722968735577, 0.04359598103720242]
[-0.5315722968735577, 0.04359598103720242]
[-0.5315722968735577, 0.04359598103720242]
[-0.5315722968735577, 0.04359598103720242]
[-0.5315722968735577, 0.04359598103720242]
[-0.5315722968735577, 0.04359598103720242]
[-0.5299671725314635, 0.04353427437071979]
[-0.5299671725314635, 0.04353427437071979]
[-0.5299671725314635, 0.04353427437071979]
[-0.5299671725314635, 0.04353427437071979]
[-0.5299671725314635, 0.04353427437071979]
[-0.5299671725314635, 0.04353427437071979]
[-0.5299671725314635, 0.04353427437071979]
[-0.5299671725314635, 0.04353427437071979]
[-0.5284946201014691, 0.0434574212506153]
[-0.5284946201014691, 0.0434574212506153]
[-0.5284946201014691, 0.0434574212506153]
[-0.5284946201014691, 0.0434574212506153]
[-0.5284946201014691, 0.0434574212506153]
[-0.5284946201014691, 0.0434574212506153]
[-0.5284946201014691, 0.0434574212506153]
[-0.5284946201014691, 0.0434574212506153]
[-0.5264615779278079, 0.04332361975779399]
[-0.5264615779278079, 0.04332361975779399]
[-0.5264615779278079, 0.04332361975779399]
[-0.5264615779278079, 0.04332361975779399]
[-0.5264615779278079, 0.04332361975779399]
[-0.5264615779278079, 0.04332361975779399]
[-0.5264615779278079, 0.04332361975779399]
[-0.5264615779278079, 0.04332361975779399]
[-0.5244468182685406, 0.04320503501253594]
[-0.5244468182685406, 0.04320503501253594]
[-0.5244468182685406, 0.04320503501253594]
[-0.5244468182685406, 0.04320503501253594]
[-0.5244468182685406, 0.04320503501253594]
[-0.5244468182685406, 0.04320503501253594]
[-0.5244468182685406, 0.04320503501253594]
[-0.5244468182685406, 0.04320503501253594]
[-0.522501029330891, 0.043095159086796606]
[-0.522501029330891, 0.043095159086796606]
[-0.522501029330891, 0.043095159086796606]
[-0.522501029330891, 0.043095159086796606]
[-0.522501029330891, 0.043095159086796606]
[-0.522501029330891, 0.043095159086796606]
[-0.522501029330891, 0.043095159086796606]
[-0.522501029330891, 0.043095159086796606]
[-0.5197922369246443, 0.04295938939588724]
[-0.5197922369246443, 0.04295938939588724]
[-0.5197922369246443, 0.04295938939588724]
[-0.5197922369246443, 0.04295938939588724]
[-0.5197922369246443, 0.04295938939588724]
[-0.5197922369246443, 0.04295938939588724]
[-0.5197922369246443, 0.04295938939588724]
[-0.5197922369246443, 0.04295938939588724]
[-0.5181258720233171, 0.04290759849482275]
[-0.5181258720233171, 0.04290759849482275]
[-0.5181258720233171, 0.04290759849482275]
[-0.5181258720233171, 0.04290759849482275]
[-0.5181258720233171, 0.04290759849482275]
[-0.5181258720233171, 0.04290759849482275]
[-0.5181258720233171, 0.04290759849482275]
[-0.5181258720233171, 0.04290759849482275]
[-0.5155083091011926, 0.042823696490830544]
[-0.5155083091011926, 0.042823696490830544]
[-0.5155083091011926, 0.042823696490830544]
[-0.5155083091011926, 0.042823696490830544]
[-0.5155083091011926, 0.042823696490830544]
[-0.5155083091011926, 0.042823696490830544]
[-0.5155083091011926, 0.042823696490830544]
[-0.5155083091011926, 0.042823696490830544]
[-0.5140726349111864, 0.0427862043258228]
[-0.5140726349111864, 0.0427862043258228]
[-0.5140726349111864, 0.0427862043258228]
[-0.5140726349111864, 0.0427862043258228]
[-0.5140726349111864, 0.0427862043258228]
[-0.5140726349111864, 0.0427862043258228]
[-0.5140726349111864, 0.0427862043258228]
[-0.5140726349111864, 0.0427862043258228]
[-0.5121355316217655, 0.042711293164295755]
[-0.5121355316217655, 0.042711293164295755]
[-0.5121355316217655, 0.042711293164295755]
[-0.5121355316217655, 0.042711293164295755]
[-0.5121355316217655, 0.042711293164295755]
[-0.5121355316217655, 0.042711293164295755]
[-0.5121355316217655, 0.042711293164295755]
[-0.5121355316217655, 0.042711293164295755]
[-0.5102281141649148, 0.04263078320604467]
[-0.5102281141649148, 0.04263078320604467]
[-0.5102281141649148, 0.04263078320604467]
[-0.5102281141649148, 0.04263078320604467]
[-0.5102281141649148, 0.04263078320604467]
[-0.5102281141649148, 0.04263078320604467]
[-0.5102281141649148, 0.04263078320604467]
[-0.5102281141649148, 0.04263078320604467]
[-0.5082973104207156, 0.04254195268918364]
[-0.5082973104207156, 0.04254195268918364]
[-0.5082973104207156, 0.04254195268918364]
[-0.5082973104207156, 0.04254195268918364]
[-0.5082973104207156, 0.04254195268918364]
[-0.5082973104207156, 0.04254195268918364]
[-0.5082973104207156, 0.04254195268918364]
[-0.5082973104207156, 0.04254195268918364]
[-0.506567645414071, 0.042456482938133096]
[-0.506567645414071, 0.042456482938133096]
[-0.506567645414071, 0.042456482938133096]
[-0.506567645414071, 0.042456482938133096]
[-0.506567645414071, 0.042456482938133096]
[-0.506567645414071, 0.042456482938133096]
[-0.506567645414071, 0.042456482938133096]
[-0.506567645414071, 0.042456482938133096]
[-0.5040365873866598, 0.04231058991666454]
[-0.5040365873866598, 0.04231058991666454]
[-0.5040365873866598, 0.04231058991666454]
[-0.5040365873866598, 0.04231058991666454]
[-0.5040365873866598, 0.04231058991666454]
[-0.5040365873866598, 0.04231058991666454]
[-0.5040365873866598, 0.04231058991666454]
[-0.5040365873866598, 0.04231058991666454]
[-0.50187162051577, 0.042229555346073554]
[-0.50187162051577, 0.042229555346073554]
[-0.50187162051577, 0.042229555346073554]
[-0.50187162051577, 0.042229555346073554]
[-0.50187162051577, 0.042229555346073554]
[-0.50187162051577, 0.042229555346073554]
[-0.50187162051577, 0.042229555346073554]
[-0.50187162051577, 0.042229555346073554]
[-0.49960270518974126, 0.042160755966406865]
[-0.49960270518974126, 0.042160755966406865]
[-0.49960270518974126, 0.042160755966406865]
[-0.49960270518974126, 0.042160755966406865]
[-0.49960270518974126, 0.042160755966406865]
[-0.49960270518974126, 0.042160755966406865]
[-0.49960270518974126, 0.042160755966406865]
[-0.49960270518974126, 0.042160755966406865]
[-0.4982115320126138, 0.042114901102482505]
[-0.4982115320126138, 0.042114901102482505]
[-0.4982115320126138, 0.042114901102482505]
[-0.4982115320126138, 0.042114901102482505]
[-0.4982115320126138, 0.042114901102482505]
[-0.4982115320126138, 0.042114901102482505]
[-0.4982115320126138, 0.042114901102482505]
[-0.4982115320126138, 0.042114901102482505]
[-0.4955061409928824, 0.042003993198315964]
[-0.4955061409928824, 0.042003993198315964]
[-0.4955061409928824, 0.042003993198315964]
[-0.4955061409928824, 0.042003993198315964]
[-0.4955061409928824, 0.042003993198315964]
[-0.4955061409928824, 0.042003993198315964]
[-0.4955061409928824, 0.042003993198315964]
[-0.4955061409928824, 0.042003993198315964]
[-0.4939037076133158, 0.041952058047991285]
[-0.4939037076133158, 0.041952058047991285]
[-0.4939037076133158, 0.041952058047991285]
[-0.4939037076133158, 0.041952058047991285]
[-0.4939037076133158, 0.041952058047991285]
[-0.4939037076133158, 0.041952058047991285]
[-0.4939037076133158, 0.041952058047991285]
[-0.4939037076133158, 0.041952058047991285]
[-0.4916358817668377, 0.04186426326292146]
[-0.4916358817668377, 0.04186426326292146]
[-0.4916358817668377, 0.04186426326292146]
[-0.4916358817668377, 0.04186426326292146]
[-0.4916358817668377, 0.04186426326292146]
[-0.4916358817668377, 0.04186426326292146]
[-0.4916358817668377, 0.04186426326292146]
[-0.4916358817668377, 0.04186426326292146]
[-0.48995290199225583, 0.04180796181820473]
[-0.48995290199225583, 0.04180796181820473]
[-0.48995290199225583, 0.04180796181820473]
[-0.48995290199225583, 0.04180796181820473]
[-0.48995290199225583, 0.04180796181820473]
[-0.48995290199225583, 0.04180796181820473]
[-0.48995290199225583, 0.04180796181820473]
[-0.48995290199225583, 0.04180796181820473]
[-0.4876081126959624, 0.041708188341771736]
[-0.4876081126959624, 0.041708188341771736]
[-0.4876081126959624, 0.041708188341771736]
[-0.4876081126959624, 0.041708188341771736]
[-0.4876081126959624, 0.041708188341771736]
[-0.4876081126959624, 0.041708188341771736]
[-0.4876081126959624, 0.041708188341771736]
[-0.4876081126959624, 0.041708188341771736]
[-0.48522345296452696, 0.04163443460778407]
[-0.48522345296452696, 0.04163443460778407]
[-0.48522345296452696, 0.04163443460778407]
[-0.48522345296452696, 0.04163443460778407]
[-0.48522345296452696, 0.04163443460778407]
[-0.48522345296452696, 0.04163443460778407]
[-0.48522345296452696, 0.04163443460778407]
[-0.48522345296452696, 0.04163443460778407]
[-0.4830449057522248, 0.04159695813453751]
[-0.4830449057522248, 0.04159695813453751]
[-0.4830449057522248, 0.04159695813453751]
[-0.4830449057522248, 0.04159695813453751]
[-0.4830449057522248, 0.04159695813453751]
[-0.4830449057522248, 0.04159695813453751]
[-0.4830449057522248, 0.04159695813453751]
[-0.4830449057522248, 0.04159695813453751]
[-0.481666242449776, 0.041573984482199754]
[-0.481666242449776, 0.041573984482199754]
[-0.481666242449776, 0.041573984482199754]
[-0.481666242449776, 0.041573984482199754]
[-0.481666242449776, 0.041573984482199754]
[-0.481666242449776, 0.041573984482199754]
[-0.481666242449776, 0.041573984482199754]
[-0.481666242449776, 0.041573984482199754]
[-0.4793163468826829, 0.041488992140449946]
[-0.4793163468826829, 0.041488992140449946]
[-0.4793163468826829, 0.041488992140449946]
[-0.4793163468826829, 0.041488992140449946]
[-0.4793163468826829, 0.041488992140449946]
[-0.4793163468826829, 0.041488992140449946]
[-0.4793163468826829, 0.041488992140449946]
[-0.4793163468826829, 0.041488992140449946]
[-0.47684557308524683, 0.04143103051032055]
[-0.47684557308524683, 0.04143103051032055]
[-0.47684557308524683, 0.04143103051032055]
[-0.47684557308524683, 0.04143103051032055]
[-0.47684557308524683, 0.04143103051032055]
[-0.47684557308524683, 0.04143103051032055]
[-0.47684557308524683, 0.04143103051032055]
[-0.47684557308524683, 0.04143103051032055]
[-0.47476247909641384, 0.041411682896089534]
[-0.47476247909641384, 0.041411682896089534]
[-0.47476247909641384, 0.041411682896089534]
[-0.47476247909641384, 0.041411682896089534]
[-0.47476247909641384, 0.041411682896089534]
[-0.47476247909641384, 0.041411682896089534]
[-0.47476247909641384, 0.041411682896089534]
[-0.47476247909641384, 0.041411682896089534]
[-0.47314804540579175, 0.041388345219857736]
[-0.47314804540579175, 0.041388345219857736]
[-0.47314804540579175, 0.041388345219857736]
[-0.47314804540579175, 0.041388345219857736]
[-0.47314804540579175, 0.041388345219857736]
[-0.47314804540579175, 0.041388345219857736]
[-0.47314804540579175, 0.041388345219857736]
[-0.47314804540579175, 0.041388345219857736]
[-0.47105970535792946, 0.041342516253998395]
[-0.47105970535792946, 0.041342516253998395]
[-0.47105970535792946, 0.041342516253998395]
[-0.47105970535792946, 0.041342516253998395]
[-0.47105970535792946, 0.041342516253998395]
[-0.47105970535792946, 0.041342516253998395]
[-0.47105970535792946, 0.041342516253998395]
[-0.47105970535792946, 0.041342516253998395]
[-0.46923313388644, 0.04130153820591782]
[-0.46923313388644, 0.04130153820591782]
[-0.46923313388644, 0.04130153820591782]
[-0.46923313388644, 0.04130153820591782]
[-0.46923313388644, 0.04130153820591782]
[-0.46923313388644, 0.04130153820591782]
[-0.46923313388644, 0.04130153820591782]
[-0.46923313388644, 0.04130153820591782]
[-0.46724419879123735, 0.04124716024564366]
[-0.46724419879123735, 0.04124716024564366]
[-0.46724419879123735, 0.04124716024564366]
[-0.46724419879123735, 0.04124716024564366]
[-0.46724419879123735, 0.04124716024564366]
[-0.46724419879123735, 0.04124716024564366]
[-0.46724419879123735, 0.04124716024564366]
[-0.46724419879123735, 0.04124716024564366]
[-0.4653339743155412, 0.041197544005973585]
[-0.4653339743155412, 0.041197544005973585]
[-0.4653339743155412, 0.041197544005973585]
[-0.4653339743155412, 0.041197544005973585]
[-0.4653339743155412, 0.041197544005973585]
[-0.4653339743155412, 0.041197544005973585]
[-0.4653339743155412, 0.041197544005973585]
[-0.4653339743155412, 0.041197544005973585]
[-0.4630091355961129, 0.04113070770180086]
[-0.4630091355961129, 0.04113070770180086]
[-0.4630091355961129, 0.04113070770180086]
[-0.4630091355961129, 0.04113070770180086]
[-0.4630091355961129, 0.04113070770180086]
[-0.4630091355961129, 0.04113070770180086]
[-0.4630091355961129, 0.04113070770180086]
[-0.4630091355961129, 0.04113070770180086]
[-0.4615649184899404, 0.04110085870141869]
[-0.4615649184899404, 0.04110085870141869]
[-0.4615649184899404, 0.04110085870141869]
[-0.4615649184899404, 0.04110085870141869]
[-0.4615649184899404, 0.04110085870141869]
[-0.4615649184899404, 0.04110085870141869]
[-0.4615649184899404, 0.04110085870141869]
[-0.4615649184899404, 0.04110085870141869]
[-0.4594342902932511, 0.04101922267784083]
[-0.4594342902932511, 0.04101922267784083]
[-0.4594342902932511, 0.04101922267784083]
[-0.4594342902932511, 0.04101922267784083]
[-0.4594342902932511, 0.04101922267784083]
[-0.4594342902932511, 0.04101922267784083]
[-0.4594342902932511, 0.04101922267784083]
[-0.4594342902932511, 0.04101922267784083]
[-0.45755022302467396, 0.04094599305887088]
[-0.45755022302467396, 0.04094599305887088]
[-0.45755022302467396, 0.04094599305887088]
[-0.45755022302467396, 0.04094599305887088]
[-0.45755022302467396, 0.04094599305887088]
[-0.45755022302467396, 0.04094599305887088]
[-0.45755022302467396, 0.04094599305887088]
[-0.45755022302467396, 0.04094599305887088]
[-0.45489714857161917, 0.04085780136662253]
[-0.45489714857161917, 0.04085780136662253]
[-0.45489714857161917, 0.04085780136662253]
[-0.45489714857161917, 0.04085780136662253]
[-0.45489714857161917, 0.04085780136662253]
[-0.45489714857161917, 0.04085780136662253]
[-0.45489714857161917, 0.04085780136662253]
[-0.45489714857161917, 0.04085780136662253]
[-0.45329774643045406, 0.04081620495168367]
[-0.45329774643045406, 0.04081620495168367]
[-0.45329774643045406, 0.04081620495168367]
[-0.45329774643045406, 0.04081620495168367]
[-0.45329774643045406, 0.04081620495168367]
[-0.45329774643045406, 0.04081620495168367]
[-0.45329774643045406, 0.04081620495168367]
[-0.45329774643045406, 0.04081620495168367]
[-0.4508244587679947, 0.040743752402563435]
[-0.4508244587679947, 0.040743752402563435]
[-0.4508244587679947, 0.040743752402563435]
[-0.4508244587679947, 0.040743752402563435]
[-0.4508244587679947, 0.040743752402563435]
[-0.4508244587679947, 0.040743752402563435]
[-0.4508244587679947, 0.040743752402563435]
[-0.4508244587679947, 0.040743752402563435]
[-0.44878335045687906, 0.0407055852192934]
[-0.44878335045687906, 0.0407055852192934]
[-0.44878335045687906, 0.0407055852192934]
[-0.44878335045687906, 0.0407055852192934]
[-0.44878335045687906, 0.0407055852192934]
[-0.44878335045687906, 0.0407055852192934]
[-0.44878335045687906, 0.0407055852192934]
[-0.44878335045687906, 0.0407055852192934]
[-0.4460182162944578, 0.04065854805315292]
[-0.4460182162944578, 0.04065854805315292]
[-0.4460182162944578, 0.04065854805315292]
[-0.4460182162944578, 0.04065854805315292]
[-0.4460182162944578, 0.04065854805315292]
[-0.4460182162944578, 0.04065854805315292]
[-0.4460182162944578, 0.04065854805315292]
[-0.4460182162944578, 0.04065854805315292]
[-0.4441721241406657, 0.0406660467572209]
[-0.4441721241406657, 0.0406660467572209]
[-0.4441721241406657, 0.0406660467572209]
[-0.4441721241406657, 0.0406660467572209]
[-0.4441721241406657, 0.0406660467572209]
[-0.4441721241406657, 0.0406660467572209]
[-0.4441721241406657, 0.0406660467572209]
[-0.4441721241406657, 0.0406660467572209]
[-0.4423880757222123, 0.040658687403528446]
[-0.4423880757222123, 0.040658687403528446]
[-0.4423880757222123, 0.040658687403528446]
[-0.4423880757222123, 0.040658687403528446]
[-0.4423880757222123, 0.040658687403528446]
[-0.4423880757222123, 0.040658687403528446]
[-0.4423880757222123, 0.040658687403528446]
[-0.4423880757222123, 0.040658687403528446]
[-0.4407112023656417, 0.040636166184073105]
[-0.4407112023656417, 0.040636166184073105]
[-0.4407112023656417, 0.040636166184073105]
[-0.4407112023656417, 0.040636166184073105]
[-0.4407112023656417, 0.040636166184073105]
[-0.4407112023656417, 0.040636166184073105]
[-0.4407112023656417, 0.040636166184073105]
[-0.4407112023656417, 0.040636166184073105]
[-0.4390037013692074, 0.040593277424596806]
[-0.4390037013692074, 0.040593277424596806]
[-0.4390037013692074, 0.040593277424596806]
[-0.4390037013692074, 0.040593277424596806]
[-0.4390037013692074, 0.040593277424596806]
[-0.4390037013692074, 0.040593277424596806]
[-0.4390037013692074, 0.040593277424596806]
[-0.4390037013692074, 0.040593277424596806]
[-0.4371198058765225, 0.04051878902745667]
[-0.4371198058765225, 0.04051878902745667]
[-0.4371198058765225, 0.04051878902745667]
[-0.4371198058765225, 0.04051878902745667]
[-0.4371198058765225, 0.04051878902745667]
[-0.4371198058765225, 0.04051878902745667]
[-0.4371198058765225, 0.04051878902745667]
[-0.4371198058765225, 0.04051878902745667]
[-0.4346611032520271, 0.040424117342182715]
[-0.4346611032520271, 0.040424117342182715]
[-0.4346611032520271, 0.040424117342182715]
[-0.4346611032520271, 0.040424117342182715]
[-0.4346611032520271, 0.040424117342182715]
[-0.4346611032520271, 0.040424117342182715]
[-0.4346611032520271, 0.040424117342182715]
[-0.4346611032520271, 0.040424117342182715]
[-0.4324768409307666, 0.04037120478866605]
[-0.4324768409307666, 0.04037120478866605]
[-0.4324768409307666, 0.04037120478866605]
[-0.4324768409307666, 0.04037120478866605]
[-0.4324768409307666, 0.04037120478866605]
[-0.4324768409307666, 0.04037120478866605]
[-0.4324768409307666, 0.04037120478866605]
[-0.4324768409307666, 0.04037120478866605]
[-0.43082383817407555, 0.04032113861208684]
[-0.43082383817407555, 0.04032113861208684]
[-0.43082383817407555, 0.04032113861208684]
[-0.43082383817407555, 0.04032113861208684]
[-0.43082383817407555, 0.04032113861208684]
[-0.43082383817407555, 0.04032113861208684]
[-0.43082383817407555, 0.04032113861208684]
[-0.43082383817407555, 0.04032113861208684]
[-0.42877263549571853, 0.040243049486974894]
[-0.42877263549571853, 0.040243049486974894]
[-0.42877263549571853, 0.040243049486974894]
[-0.42877263549571853, 0.040243049486974894]
[-0.42877263549571853, 0.040243049486974894]
[-0.42877263549571853, 0.040243049486974894]
[-0.42877263549571853, 0.040243049486974894]
[-0.42877263549571853, 0.040243049486974894]
[-0.4267475427348573, 0.04016784561327787]
[-0.4267475427348573, 0.04016784561327787]
[-0.4267475427348573, 0.04016784561327787]
[-0.4267475427348573, 0.04016784561327787]
[-0.4267475427348573, 0.04016784561327787]
[-0.4267475427348573, 0.04016784561327787]
[-0.4267475427348573, 0.04016784561327787]
[-0.4267475427348573, 0.04016784561327787]
[-0.4250243058425678, 0.04009693767595067]
[-0.4250243058425678, 0.04009693767595067]
[-0.4250243058425678, 0.04009693767595067]
[-0.4250243058425678, 0.04009693767595067]
[-0.4250243058425678, 0.04009693767595067]
[-0.4250243058425678, 0.04009693767595067]
[-0.4250243058425678, 0.04009693767595067]
[-0.4250243058425678, 0.04009693767595067]
[-0.4231374444923472, 0.040004269505368104]
[-0.4231374444923472, 0.040004269505368104]
[-0.4231374444923472, 0.040004269505368104]
[-0.4231374444923472, 0.040004269505368104]
[-0.4231374444923472, 0.040004269505368104]
[-0.4231374444923472, 0.040004269505368104]
[-0.4231374444923472, 0.040004269505368104]
[-0.4231374444923472, 0.040004269505368104]
[-0.4208121286299736, 0.03987921799734944]
[-0.4208121286299736, 0.03987921799734944]
[-0.4208121286299736, 0.03987921799734944]
[-0.4208121286299736, 0.03987921799734944]
[-0.4208121286299736, 0.03987921799734944]
[-0.4208121286299736, 0.03987921799734944]
[-0.4208121286299736, 0.03987921799734944]
[-0.4208121286299736, 0.03987921799734944]
[-0.41878941951031595, 0.03978720149548364]
[-0.41878941951031595, 0.03978720149548364]
[-0.41878941951031595, 0.03978720149548364]
[-0.41878941951031595, 0.03978720149548364]
[-0.41878941951031595, 0.03978720149548364]
[-0.41878941951031595, 0.03978720149548364]
[-0.41878941951031595, 0.03978720149548364]
[-0.41878941951031595, 0.03978720149548364]
[-0.4164741734896832, 0.039688526853019344]
[-0.4164741734896832, 0.039688526853019344]
[-0.4164741734896832, 0.039688526853019344]
[-0.4164741734896832, 0.039688526853019344]
[-0.4164741734896832, 0.039688526853019344]
[-0.4164741734896832, 0.039688526853019344]
[-0.4164741734896832, 0.039688526853019344]
[-0.4164741734896832, 0.039688526853019344]
[-0.41452458329744934, 0.039615316723440305]
[-0.41452458329744934, 0.039615316723440305]
[-0.41452458329744934, 0.039615316723440305]
[-0.41452458329744934, 0.039615316723440305]
[-0.41452458329744934, 0.039615316723440305]
[-0.41452458329744934, 0.039615316723440305]
[-0.41452458329744934, 0.039615316723440305]
[-0.41452458329744934, 0.039615316723440305]
[-0.41269122600817004, 0.03954011921709147]
[-0.41269122600817004, 0.03954011921709147]
[-0.41269122600817004, 0.03954011921709147]
[-0.41269122600817004, 0.03954011921709147]
[-0.41269122600817004, 0.03954011921709147]
[-0.41269122600817004, 0.03954011921709147]
[-0.41269122600817004, 0.03954011921709147]
[-0.41269122600817004, 0.03954011921709147]
[-0.41002783703694623, 0.039439373622409284]
[-0.41002783703694623, 0.039439373622409284]
[-0.41002783703694623, 0.039439373622409284]
[-0.41002783703694623, 0.039439373622409284]
[-0.41002783703694623, 0.039439373622409284]
[-0.41002783703694623, 0.039439373622409284]
[-0.41002783703694623, 0.039439373622409284]
[-0.41002783703694623, 0.039439373622409284]
[-0.40865352497187424, 0.03941607771157667]
[-0.40865352497187424, 0.03941607771157667]
[-0.40865352497187424, 0.03941607771157667]
[-0.40865352497187424, 0.03941607771157667]
[-0.40865352497187424, 0.03941607771157667]
[-0.40865352497187424, 0.03941607771157667]
[-0.40865352497187424, 0.03941607771157667]
[-0.40865352497187424, 0.03941607771157667]
[-0.4066449835644868, 0.03933348980170046]
[-0.4066449835644868, 0.03933348980170046]
[-0.4066449835644868, 0.03933348980170046]
[-0.4066449835644868, 0.03933348980170046]
[-0.4066449835644868, 0.03933348980170046]
[-0.4066449835644868, 0.03933348980170046]
[-0.4066449835644868, 0.03933348980170046]
[-0.4066449835644868, 0.03933348980170046]
[-0.4050055136196778, 0.03926676820159206]
[-0.4050055136196778, 0.03926676820159206]
[-0.4050055136196778, 0.03926676820159206]
[-0.4050055136196778, 0.03926676820159206]
[-0.4050055136196778, 0.03926676820159206]
[-0.4050055136196778, 0.03926676820159206]
[-0.4050055136196778, 0.03926676820159206]
[-0.4050055136196778, 0.03926676820159206]
[-0.40297876573900376, 0.039155936700769896]
[-0.40297876573900376, 0.039155936700769896]
[-0.40297876573900376, 0.039155936700769896]
[-0.40297876573900376, 0.039155936700769896]
[-0.40297876573900376, 0.039155936700769896]
[-0.40297876573900376, 0.039155936700769896]
[-0.40297876573900376, 0.039155936700769896]
[-0.40297876573900376, 0.039155936700769896]
[-0.4004432573223264, 0.03902721089358539]
[-0.4004432573223264, 0.03902721089358539]
[-0.4004432573223264, 0.03902721089358539]
[-0.4004432573223264, 0.03902721089358539]
[-0.4004432573223264, 0.03902721089358539]
[-0.4004432573223264, 0.03902721089358539]
[-0.4004432573223264, 0.03902721089358539]
[-0.4004432573223264, 0.03902721089358539]
[-0.3978502757385024, 0.03895310338862753]
[-0.3978502757385024, 0.03895310338862753]
[-0.3978502757385024, 0.03895310338862753]
[-0.3978502757385024, 0.03895310338862753]
[-0.3978502757385024, 0.03895310338862753]
[-0.3978502757385024, 0.03895310338862753]
[-0.3978502757385024, 0.03895310338862753]
[-0.3978502757385024, 0.03895310338862753]
[-0.3958876960927198, 0.038918952445207204]
[-0.3958876960927198, 0.038918952445207204]
[-0.3958876960927198, 0.038918952445207204]
[-0.3958876960927198, 0.038918952445207204]
[-0.3958876960927198, 0.038918952445207204]
[-0.3958876960927198, 0.038918952445207204]
[-0.3958876960927198, 0.038918952445207204]
[-0.3958876960927198, 0.038918952445207204]
[-0.3939580045382692, 0.038878868735991126]
[-0.3939580045382692, 0.038878868735991126]
[-0.3939580045382692, 0.038878868735991126]
[-0.3939580045382692, 0.038878868735991126]
[-0.3939580045382692, 0.038878868735991126]
[-0.3939580045382692, 0.038878868735991126]
[-0.3939580045382692, 0.038878868735991126]
[-0.3939580045382692, 0.038878868735991126]
[-0.39202109469896435, 0.038828338097764]
[-0.39202109469896435, 0.038828338097764]
[-0.39202109469896435, 0.038828338097764]
[-0.39202109469896435, 0.038828338097764]
[-0.39202109469896435, 0.038828338097764]
[-0.39202109469896435, 0.038828338097764]
[-0.39202109469896435, 0.038828338097764]
[-0.39202109469896435, 0.038828338097764]
[-0.39007893066348237, 0.038766077841150014]
[-0.39007893066348237, 0.038766077841150014]
[-0.39007893066348237, 0.038766077841150014]
[-0.39007893066348237, 0.038766077841150014]
[-0.39007893066348237, 0.038766077841150014]
[-0.39007893066348237, 0.038766077841150014]
[-0.39007893066348237, 0.038766077841150014]
[-0.39007893066348237, 0.038766077841150014]
[-0.38810958521499916, 0.038702547088726426]
[-0.38810958521499916, 0.038702547088726426]
[-0.38810958521499916, 0.038702547088726426]
[-0.38810958521499916, 0.038702547088726426]
[-0.38810958521499916, 0.038702547088726426]
[-0.38810958521499916, 0.038702547088726426]
[-0.38810958521499916, 0.038702547088726426]
[-0.38810958521499916, 0.038702547088726426]
[-0.38584445053072325, 0.03863574520489699]
[-0.38584445053072325, 0.03863574520489699]
[-0.38584445053072325, 0.03863574520489699]
[-0.38584445053072325, 0.03863574520489699]
[-0.38584445053072325, 0.03863574520489699]
[-0.38584445053072325, 0.03863574520489699]
[-0.38584445053072325, 0.03863574520489699]
[-0.38584445053072325, 0.03863574520489699]
[-0.3834031308517069, 0.03859274483338362]
[-0.3834031308517069, 0.03859274483338362]
[-0.3834031308517069, 0.03859274483338362]
[-0.3834031308517069, 0.03859274483338362]
[-0.3834031308517069, 0.03859274483338362]
[-0.3834031308517069, 0.03859274483338362]
[-0.3834031308517069, 0.03859274483338362]
[-0.3834031308517069, 0.03859274483338362]
[-0.3814543193515399, 0.03857442621663358]
[-0.3814543193515399, 0.03857442621663358]
[-0.3814543193515399, 0.03857442621663358]
[-0.3814543193515399, 0.03857442621663358]
[-0.3814543193515399, 0.03857442621663358]
[-0.3814543193515399, 0.03857442621663358]
[-0.3814543193515399, 0.03857442621663358]
[-0.3814543193515399, 0.03857442621663358]
[-0.3799251110580048, 0.03853887235381305]
[-0.3799251110580048, 0.03853887235381305]
[-0.3799251110580048, 0.03853887235381305]
[-0.3799251110580048, 0.03853887235381305]
[-0.3799251110580048, 0.03853887235381305]
[-0.3799251110580048, 0.03853887235381305]
[-0.3799251110580048, 0.03853887235381305]
[-0.3799251110580048, 0.03853887235381305]
[-0.3781753736581407, 0.03847559481364697]
[-0.3781753736581407, 0.03847559481364697]
[-0.3781753736581407, 0.03847559481364697]
[-0.3781753736581407, 0.03847559481364697]
[-0.3781753736581407, 0.03847559481364697]
[-0.3781753736581407, 0.03847559481364697]
[-0.3781753736581407, 0.03847559481364697]
[-0.3781753736581407, 0.03847559481364697]
[-0.37610324083589947, 0.038390220794495916]
[-0.37610324083589947, 0.038390220794495916]
[-0.37610324083589947, 0.038390220794495916]
[-0.37610324083589947, 0.038390220794495916]
[-0.37610324083589947, 0.038390220794495916]
[-0.37610324083589947, 0.038390220794495916]
[-0.37610324083589947, 0.038390220794495916]
[-0.37610324083589947, 0.038390220794495916]
[-0.374213707718069, 0.03830788200054496]
[-0.374213707718069, 0.03830788200054496]
[-0.374213707718069, 0.03830788200054496]
[-0.374213707718069, 0.03830788200054496]
[-0.374213707718069, 0.03830788200054496]
[-0.374213707718069, 0.03830788200054496]
[-0.374213707718069, 0.03830788200054496]
[-0.374213707718069, 0.03830788200054496]
[-0.3718191752643546, 0.038188040071255085]
[-0.3718191752643546, 0.038188040071255085]
[-0.3718191752643546, 0.038188040071255085]
[-0.3718191752643546, 0.038188040071255085]
[-0.3718191752643546, 0.038188040071255085]
[-0.3718191752643546, 0.038188040071255085]
[-0.3718191752643546, 0.038188040071255085]
[-0.3718191752643546, 0.038188040071255085]
[-0.36969041928431673, 0.03810681112149488]
[-0.36969041928431673, 0.03810681112149488]
[-0.36969041928431673, 0.03810681112149488]
[-0.36969041928431673, 0.03810681112149488]
[-0.36969041928431673, 0.03810681112149488]
[-0.36969041928431673, 0.03810681112149488]
[-0.36969041928431673, 0.03810681112149488]
[-0.36969041928431673, 0.03810681112149488]
[-0.36725202539981505, 0.03803385722783932]
[-0.36725202539981505, 0.03803385722783932]
[-0.36725202539981505, 0.03803385722783932]
[-0.36725202539981505, 0.03803385722783932]
[-0.36725202539981505, 0.03803385722783932]
[-0.36725202539981505, 0.03803385722783932]
[-0.36725202539981505, 0.03803385722783932]
[-0.36725202539981505, 0.03803385722783932]
[-0.36529574035704765, 0.038000529384732765]
[-0.36529574035704765, 0.038000529384732765]
[-0.36529574035704765, 0.038000529384732765]
[-0.36529574035704765, 0.038000529384732765]
[-0.36529574035704765, 0.038000529384732765]
[-0.36529574035704765, 0.038000529384732765]
[-0.36529574035704765, 0.038000529384732765]
[-0.36529574035704765, 0.038000529384732765]
[-0.3634158672277112, 0.0379619554374979]
[-0.3634158672277112, 0.0379619554374979]
[-0.3634158672277112, 0.0379619554374979]
[-0.3634158672277112, 0.0379619554374979]
[-0.3634158672277112, 0.0379619554374979]
[-0.3634158672277112, 0.0379619554374979]
[-0.3634158672277112, 0.0379619554374979]
[-0.3634158672277112, 0.0379619554374979]
[-0.3614643863602574, 0.037912486577607304]
[-0.3614643863602574, 0.037912486577607304]
[-0.3614643863602574, 0.037912486577607304]
[-0.3614643863602574, 0.037912486577607304]
[-0.3614643863602574, 0.037912486577607304]
[-0.3614643863602574, 0.037912486577607304]
[-0.3614643863602574, 0.037912486577607304]
[-0.3614643863602574, 0.037912486577607304]
[-0.3594403795630941, 0.037856539715803196]
[-0.3594403795630941, 0.037856539715803196]
[-0.3594403795630941, 0.037856539715803196]
[-0.3594403795630941, 0.037856539715803196]
[-0.3594403795630941, 0.037856539715803196]
[-0.3594403795630941, 0.037856539715803196]
[-0.3594403795630941, 0.037856539715803196]
[-0.3594403795630941, 0.037856539715803196]
[-0.35777376160363655, 0.03779826804730036]
[-0.35777376160363655, 0.03779826804730036]
[-0.35777376160363655, 0.03779826804730036]
[-0.35777376160363655, 0.03779826804730036]
[-0.35777376160363655, 0.03779826804730036]
[-0.35777376160363655, 0.03779826804730036]
[-0.35777376160363655, 0.03779826804730036]
[-0.35777376160363655, 0.03779826804730036]
[-0.3558720097427611, 0.03771249006264585]
[-0.3558720097427611, 0.03771249006264585]
[-0.3558720097427611, 0.03771249006264585]
[-0.3558720097427611, 0.03771249006264585]
[-0.3558720097427611, 0.03771249006264585]
[-0.3558720097427611, 0.03771249006264585]
[-0.3558720097427611, 0.03771249006264585]
[-0.3558720097427611, 0.03771249006264585]
[-0.3541766575004338, 0.0376274638941852]
[-0.3541766575004338, 0.0376274638941852]
[-0.3541766575004338, 0.0376274638941852]
[-0.3541766575004338, 0.0376274638941852]
[-0.3541766575004338, 0.0376274638941852]
[-0.3541766575004338, 0.0376274638941852]
[-0.3541766575004338, 0.0376274638941852]
[-0.3541766575004338, 0.0376274638941852]
[-0.3518838709742329, 0.037487505864037374]
[-0.3518838709742329, 0.037487505864037374]
[-0.3518838709742329, 0.037487505864037374]
[-0.3518838709742329, 0.037487505864037374]
[-0.3518838709742329, 0.037487505864037374]
[-0.3518838709742329, 0.037487505864037374]
[-0.3518838709742329, 0.037487505864037374]
[-0.3518838709742329, 0.037487505864037374]
[-0.34951439061356615, 0.03737114222880514]
[-0.34951439061356615, 0.03737114222880514]
[-0.34951439061356615, 0.03737114222880514]
[-0.34951439061356615, 0.03737114222880514]
[-0.34951439061356615, 0.03737114222880514]
[-0.34951439061356615, 0.03737114222880514]
[-0.34951439061356615, 0.03737114222880514]
[-0.34951439061356615, 0.03737114222880514]
[-0.34770551318117376, 0.03730565868290297]
[-0.34770551318117376, 0.03730565868290297]
[-0.34770551318117376, 0.03730565868290297]
[-0.34770551318117376, 0.03730565868290297]
[-0.34770551318117376, 0.03730565868290297]
[-0.34770551318117376, 0.03730565868290297]
[-0.34770551318117376, 0.03730565868290297]
[-0.34770551318117376, 0.03730565868290297]
[-0.34526014309013814, 0.037203573582507594]
[-0.34526014309013814, 0.037203573582507594]
[-0.34526014309013814, 0.037203573582507594]
[-0.34526014309013814, 0.037203573582507594]
[-0.34526014309013814, 0.037203573582507594]
[-0.34526014309013814, 0.037203573582507594]
[-0.34526014309013814, 0.037203573582507594]
[-0.34526014309013814, 0.037203573582507594]
[-0.3434882357571507, 0.03714320688486616]
[-0.3434882357571507, 0.03714320688486616]
[-0.3434882357571507, 0.03714320688486616]
[-0.3434882357571507, 0.03714320688486616]
[-0.3434882357571507, 0.03714320688486616]
[-0.3434882357571507, 0.03714320688486616]
[-0.3434882357571507, 0.03714320688486616]
[-0.3434882357571507, 0.03714320688486616]
[-0.34152630166099623, 0.03706553563649409]
[-0.34152630166099623, 0.03706553563649409]
[-0.34152630166099623, 0.03706553563649409]
[-0.34152630166099623, 0.03706553563649409]
[-0.34152630166099623, 0.03706553563649409]
[-0.34152630166099623, 0.03706553563649409]
[-0.34152630166099623, 0.03706553563649409]
[-0.34152630166099623, 0.03706553563649409]
[-0.33951064892200933, 0.03698730621317765]
[-0.33951064892200933, 0.03698730621317765]
[-0.33951064892200933, 0.03698730621317765]
[-0.33951064892200933, 0.03698730621317765]
[-0.33951064892200933, 0.03698730621317765]
[-0.33951064892200933, 0.03698730621317765]
[-0.33951064892200933, 0.03698730621317765]
[-0.33951064892200933, 0.03698730621317765]
[-0.33733550385612865, 0.036905951328682025]
[-0.33733550385612865, 0.036905951328682025]
[-0.33733550385612865, 0.036905951328682025]
[-0.33733550385612865, 0.036905951328682025]
[-0.33733550385612865, 0.036905951328682025]
[-0.33733550385612865, 0.036905951328682025]
[-0.33733550385612865, 0.036905951328682025]
[-0.33733550385612865, 0.036905951328682025]
[-0.3353970811647901, 0.03683801455716752]
[-0.3353970811647901, 0.03683801455716752]
[-0.3353970811647901, 0.03683801455716752]
[-0.3353970811647901, 0.03683801455716752]
[-0.3353970811647901, 0.03683801455716752]
[-0.3353970811647901, 0.03683801455716752]
[-0.3353970811647901, 0.03683801455716752]
[-0.3353970811647901, 0.03683801455716752]
[-0.33330793278227977, 0.03676078266345034]
[-0.33330793278227977, 0.03676078266345034]
[-0.33330793278227977, 0.03676078266345034]
[-0.33330793278227977, 0.03676078266345034]
[-0.33330793278227977, 0.03676078266345034]
[-0.33330793278227977, 0.03676078266345034]
[-0.33330793278227977, 0.03676078266345034]
[-0.33330793278227977, 0.03676078266345034]
[-0.3310803970145756, 0.03668401078931901]
[-0.3310803970145756, 0.03668401078931901]
[-0.3310803970145756, 0.03668401078931901]
[-0.3310803970145756, 0.03668401078931901]
[-0.3310803970145756, 0.03668401078931901]
[-0.3310803970145756, 0.03668401078931901]
[-0.3310803970145756, 0.03668401078931901]
[-0.3310803970145756, 0.03668401078931901]
[-0.32897404433114574, 0.0366246013217794]
[-0.32897404433114574, 0.0366246013217794]
[-0.32897404433114574, 0.0366246013217794]
[-0.32897404433114574, 0.0366246013217794]
[-0.32897404433114574, 0.0366246013217794]
[-0.32897404433114574, 0.0366246013217794]
[-0.32897404433114574, 0.0366246013217794]
[-0.32897404433114574, 0.0366246013217794]
[-0.3267514588013939, 0.03657324175577145]
[-0.3267514588013939, 0.03657324175577145]
[-0.3267514588013939, 0.03657324175577145]
[-0.3267514588013939, 0.03657324175577145]
[-0.3267514588013939, 0.03657324175577145]
[-0.3267514588013939, 0.03657324175577145]
[-0.3267514588013939, 0.03657324175577145]
[-0.3267514588013939, 0.03657324175577145]
[-0.3246850141466856, 0.03654068517215812]
[-0.3246850141466856, 0.03654068517215812]
[-0.3246850141466856, 0.03654068517215812]
[-0.3246850141466856, 0.03654068517215812]
[-0.3246850141466856, 0.03654068517215812]
[-0.3246850141466856, 0.03654068517215812]
[-0.3246850141466856, 0.03654068517215812]
[-0.3246850141466856, 0.03654068517215812]
[-0.32245281206414567, 0.03651188173768291]
[-0.32245281206414567, 0.03651188173768291]
[-0.32245281206414567, 0.03651188173768291]
[-0.32245281206414567, 0.03651188173768291]
[-0.32245281206414567, 0.03651188173768291]
[-0.32245281206414567, 0.03651188173768291]
[-0.32245281206414567, 0.03651188173768291]
[-0.32245281206414567, 0.03651188173768291]
[-0.3204592139989899, 0.036493711355266946]
[-0.3204592139989899, 0.036493711355266946]
[-0.3204592139989899, 0.036493711355266946]
[-0.3204592139989899, 0.036493711355266946]
[-0.3204592139989899, 0.036493711355266946]
[-0.3204592139989899, 0.036493711355266946]
[-0.3204592139989899, 0.036493711355266946]
[-0.3204592139989899, 0.036493711355266946]
[-0.31893694438384407, 0.036466667670150235]
[-0.31893694438384407, 0.036466667670150235]
[-0.31893694438384407, 0.036466667670150235]
[-0.31893694438384407, 0.036466667670150235]
[-0.31893694438384407, 0.036466667670150235]
[-0.31893694438384407, 0.036466667670150235]
[-0.31893694438384407, 0.036466667670150235]
[-0.31893694438384407, 0.036466667670150235]
[-0.3170637172988359, 0.0364049359150276]
[-0.3170637172988359, 0.0364049359150276]
[-0.3170637172988359, 0.0364049359150276]
[-0.3170637172988359, 0.0364049359150276]
[-0.3170637172988359, 0.0364049359150276]
[-0.3170637172988359, 0.0364049359150276]
[-0.3170637172988359, 0.0364049359150276]
[-0.3170637172988359, 0.0364049359150276]
[-0.315589140782464, 0.03634094641916053]
[-0.315589140782464, 0.03634094641916053]
[-0.315589140782464, 0.03634094641916053]
[-0.315589140782464, 0.03634094641916053]
[-0.315589140782464, 0.03634094641916053]
[-0.315589140782464, 0.03634094641916053]
[-0.315589140782464, 0.03634094641916053]
[-0.315589140782464, 0.03634094641916053]
[-0.31338434853596026, 0.036207337147947674]
[-0.31338434853596026, 0.036207337147947674]
[-0.31338434853596026, 0.036207337147947674]
[-0.31338434853596026, 0.036207337147947674]
[-0.31338434853596026, 0.036207337147947674]
[-0.31338434853596026, 0.036207337147947674]
[-0.31338434853596026, 0.036207337147947674]
[-0.31338434853596026, 0.036207337147947674]
[-0.3112044891384383, 0.03609638899244703]
[-0.3112044891384383, 0.03609638899244703]
[-0.3112044891384383, 0.03609638899244703]
[-0.3112044891384383, 0.03609638899244703]
[-0.3112044891384383, 0.03609638899244703]
[-0.3112044891384383, 0.03609638899244703]
[-0.3112044891384383, 0.03609638899244703]
[-0.3112044891384383, 0.03609638899244703]
[-0.3092029989966559, 0.03600773117305947]
[-0.3092029989966559, 0.03600773117305947]
[-0.3092029989966559, 0.03600773117305947]
[-0.3092029989966559, 0.03600773117305947]
[-0.3092029989966559, 0.03600773117305947]
[-0.3092029989966559, 0.03600773117305947]
[-0.3092029989966559, 0.03600773117305947]
[-0.3092029989966559, 0.03600773117305947]
[-0.3070384414597593, 0.03591251433824197]
[-0.3070384414597593, 0.03591251433824197]
[-0.3070384414597593, 0.03591251433824197]
[-0.3070384414597593, 0.03591251433824197]
[-0.3070384414597593, 0.03591251433824197]
[-0.3070384414597593, 0.03591251433824197]
[-0.3070384414597593, 0.03591251433824197]
[-0.3070384414597593, 0.03591251433824197]
[-0.30501062992764977, 0.03583152344078771]
[-0.30501062992764977, 0.03583152344078771]
[-0.30501062992764977, 0.03583152344078771]
[-0.30501062992764977, 0.03583152344078771]
[-0.30501062992764977, 0.03583152344078771]
[-0.30501062992764977, 0.03583152344078771]
[-0.30501062992764977, 0.03583152344078771]
[-0.30501062992764977, 0.03583152344078771]
[-0.3031651968382169, 0.03575536635381154]
[-0.3031651968382169, 0.03575536635381154]
[-0.3031651968382169, 0.03575536635381154]
[-0.3031651968382169, 0.03575536635381154]
[-0.3031651968382169, 0.03575536635381154]
[-0.3031651968382169, 0.03575536635381154]
[-0.3031651968382169, 0.03575536635381154]
[-0.3031651968382169, 0.03575536635381154]
[-0.30077284474187854, 0.03566152784303656]
[-0.30077284474187854, 0.03566152784303656]
[-0.30077284474187854, 0.03566152784303656]
[-0.30077284474187854, 0.03566152784303656]
[-0.30077284474187854, 0.03566152784303656]
[-0.30077284474187854, 0.03566152784303656]
[-0.30077284474187854, 0.03566152784303656]
[-0.30077284474187854, 0.03566152784303656]
[-0.29886434120467464, 0.0356051943115506]
[-0.29886434120467464, 0.0356051943115506]
[-0.29886434120467464, 0.0356051943115506]
[-0.29886434120467464, 0.0356051943115506]
[-0.29886434120467464, 0.0356051943115506]
[-0.29886434120467464, 0.0356051943115506]
[-0.29886434120467464, 0.0356051943115506]
[-0.29886434120467464, 0.0356051943115506]
[-0.2966829994770667, 0.03553982040268634]
[-0.2966829994770667, 0.03553982040268634]
[-0.2966829994770667, 0.03553982040268634]
[-0.2966829994770667, 0.03553982040268634]
[-0.2966829994770667, 0.03553982040268634]
[-0.2966829994770667, 0.03553982040268634]
[-0.2966829994770667, 0.03553982040268634]
[-0.2966829994770667, 0.03553982040268634]
[-0.29443830845903124, 0.035489929256071]
[-0.29443830845903124, 0.035489929256071]
[-0.29443830845903124, 0.035489929256071]
[-0.29443830845903124, 0.035489929256071]
[-0.29443830845903124, 0.035489929256071]
[-0.29443830845903124, 0.035489929256071]
[-0.29443830845903124, 0.035489929256071]
[-0.29443830845903124, 0.035489929256071]
[-0.29239159368780265, 0.035457145873263235]
[-0.29239159368780265, 0.035457145873263235]
[-0.29239159368780265, 0.035457145873263235]
[-0.29239159368780265, 0.035457145873263235]
[-0.29239159368780265, 0.035457145873263235]
[-0.29239159368780265, 0.035457145873263235]
[-0.29239159368780265, 0.035457145873263235]
[-0.29239159368780265, 0.035457145873263235]
[-0.2905308254737753, 0.03542297371269567]
[-0.2905308254737753, 0.03542297371269567]
[-0.2905308254737753, 0.03542297371269567]
[-0.2905308254737753, 0.03542297371269567]
[-0.2905308254737753, 0.03542297371269567]
[-0.2905308254737753, 0.03542297371269567]
[-0.2905308254737753, 0.03542297371269567]
[-0.2905308254737753, 0.03542297371269567]
[-0.2890098974586694, 0.035376350872695236]
[-0.2890098974586694, 0.035376350872695236]
[-0.2890098974586694, 0.035376350872695236]
[-0.2890098974586694, 0.035376350872695236]
[-0.2890098974586694, 0.035376350872695236]
[-0.2890098974586694, 0.035376350872695236]
[-0.2890098974586694, 0.035376350872695236]
[-0.2890098974586694, 0.035376350872695236]
[-0.28684066103721323, 0.035281302994126566]
[-0.28684066103721323, 0.035281302994126566]
[-0.28684066103721323, 0.035281302994126566]
[-0.28684066103721323, 0.035281302994126566]
[-0.28684066103721323, 0.035281302994126566]
[-0.28684066103721323, 0.035281302994126566]
[-0.28684066103721323, 0.035281302994126566]
[-0.28684066103721323, 0.035281302994126566]
[-0.28472919977238453, 0.035197225577996226]
[-0.28472919977238453, 0.035197225577996226]
[-0.28472919977238453, 0.035197225577996226]
[-0.28472919977238453, 0.035197225577996226]
[-0.28472919977238453, 0.035197225577996226]
[-0.28472919977238453, 0.035197225577996226]
[-0.28472919977238453, 0.035197225577996226]
[-0.28472919977238453, 0.035197225577996226]
[-0.282534568357288, 0.03512075569153097]
[-0.282534568357288, 0.03512075569153097]
[-0.282534568357288, 0.03512075569153097]
[-0.282534568357288, 0.03512075569153097]
[-0.282534568357288, 0.03512075569153097]
[-0.282534568357288, 0.03512075569153097]
[-0.282534568357288, 0.03512075569153097]
[-0.282534568357288, 0.03512075569153097]
[-0.28007232813134714, 0.035064312087124384]
[-0.28007232813134714, 0.035064312087124384]
[-0.28007232813134714, 0.035064312087124384]
[-0.28007232813134714, 0.035064312087124384]
[-0.28007232813134714, 0.035064312087124384]
[-0.28007232813134714, 0.035064312087124384]
[-0.28007232813134714, 0.035064312087124384]
[-0.28007232813134714, 0.035064312087124384]
[-0.27817676710289785, 0.03503946497143648]
[-0.27817676710289785, 0.03503946497143648]
[-0.27817676710289785, 0.03503946497143648]
[-0.27817676710289785, 0.03503946497143648]
[-0.27817676710289785, 0.03503946497143648]
[-0.27817676710289785, 0.03503946497143648]
[-0.27817676710289785, 0.03503946497143648]
[-0.27817676710289785, 0.03503946497143648]
[-0.2760386189010228, 0.035007497413307866]
[-0.2760386189010228, 0.035007497413307866]
[-0.2760386189010228, 0.035007497413307866]
[-0.2760386189010228, 0.035007497413307866]
[-0.2760386189010228, 0.035007497413307866]
[-0.2760386189010228, 0.035007497413307866]
[-0.2760386189010228, 0.035007497413307866]
[-0.2760386189010228, 0.035007497413307866]
[-0.273813395395111, 0.03498511235352675]
[-0.273813395395111, 0.03498511235352675]
[-0.273813395395111, 0.03498511235352675]
[-0.273813395395111, 0.03498511235352675]
[-0.273813395395111, 0.03498511235352675]
[-0.273813395395111, 0.03498511235352675]
[-0.273813395395111, 0.03498511235352675]
[-0.273813395395111, 0.03498511235352675]
[-0.27237384232767975, 0.034979573139313845]
[-0.27237384232767975, 0.034979573139313845]
[-0.27237384232767975, 0.034979573139313845]
[-0.27237384232767975, 0.034979573139313845]
[-0.27237384232767975, 0.034979573139313845]
[-0.27237384232767975, 0.034979573139313845]
[-0.27237384232767975, 0.034979573139313845]
[-0.27237384232767975, 0.034979573139313845]
[-0.27049998462590624, 0.03493778634092728]
[-0.27049998462590624, 0.03493778634092728]
[-0.27049998462590624, 0.03493778634092728]
[-0.27049998462590624, 0.03493778634092728]
[-0.27049998462590624, 0.03493778634092728]
[-0.27049998462590624, 0.03493778634092728]
[-0.27049998462590624, 0.03493778634092728]
[-0.27049998462590624, 0.03493778634092728]
[-0.268319599116968, 0.03487314045706993]
[-0.268319599116968, 0.03487314045706993]
[-0.268319599116968, 0.03487314045706993]
[-0.268319599116968, 0.03487314045706993]
[-0.268319599116968, 0.03487314045706993]
[-0.268319599116968, 0.03487314045706993]
[-0.268319599116968, 0.03487314045706993]
[-0.268319599116968, 0.03487314045706993]
[-0.2660886622880095, 0.034818688834800215]
[-0.2660886622880095, 0.034818688834800215]
[-0.2660886622880095, 0.034818688834800215]
[-0.2660886622880095, 0.034818688834800215]
[-0.2660886622880095, 0.034818688834800215]
[-0.2660886622880095, 0.034818688834800215]
[-0.2660886622880095, 0.034818688834800215]
[-0.2660886622880095, 0.034818688834800215]
[-0.26433069409621707, 0.034785723041069944]
[-0.26433069409621707, 0.034785723041069944]
[-0.26433069409621707, 0.034785723041069944]
[-0.26433069409621707, 0.034785723041069944]
[-0.26433069409621707, 0.034785723041069944]
[-0.26433069409621707, 0.034785723041069944]
[-0.26433069409621707, 0.034785723041069944]
[-0.26433069409621707, 0.034785723041069944]
[-0.2617385332843454, 0.03473887276705576]
[-0.2617385332843454, 0.03473887276705576]
[-0.2617385332843454, 0.03473887276705576]
[-0.2617385332843454, 0.03473887276705576]
[-0.2617385332843454, 0.03473887276705576]
[-0.2617385332843454, 0.03473887276705576]
[-0.2617385332843454, 0.03473887276705576]
[-0.2617385332843454, 0.03473887276705576]
[-0.2595547163469087, 0.03473855793576008]
[-0.2595547163469087, 0.03473855793576008]
[-0.2595547163469087, 0.03473855793576008]
[-0.2595547163469087, 0.03473855793576008]
[-0.2595547163469087, 0.03473855793576008]
[-0.2595547163469087, 0.03473855793576008]
[-0.2595547163469087, 0.03473855793576008]
[-0.2595547163469087, 0.03473855793576008]
[-0.25747774694784087, 0.034748011908041714]
[-0.25747774694784087, 0.034748011908041714]
[-0.25747774694784087, 0.034748011908041714]
[-0.25747774694784087, 0.034748011908041714]
[-0.25747774694784087, 0.034748011908041714]
[-0.25747774694784087, 0.034748011908041714]
[-0.25747774694784087, 0.034748011908041714]
[-0.25747774694784087, 0.034748011908041714]
[-0.25499910840219525, 0.03477266242042915]
[-0.25499910840219525, 0.03477266242042915]
[-0.25499910840219525, 0.03477266242042915]
[-0.25499910840219525, 0.03477266242042915]
[-0.25499910840219525, 0.03477266242042915]
[-0.25499910840219525, 0.03477266242042915]
[-0.25499910840219525, 0.03477266242042915]
[-0.25499910840219525, 0.03477266242042915]
[-0.25281270806458794, 0.03482226692423589]
[-0.25281270806458794, 0.03482226692423589]
[-0.25281270806458794, 0.03482226692423589]
[-0.25281270806458794, 0.03482226692423589]
[-0.25281270806458794, 0.03482226692423589]
[-0.25281270806458794, 0.03482226692423589]
[-0.25281270806458794, 0.03482226692423589]
[-0.25281270806458794, 0.03482226692423589]
[-0.2510525243972255, 0.03486810698620962]
[-0.2510525243972255, 0.03486810698620962]
[-0.2510525243972255, 0.03486810698620962]
[-0.2510525243972255, 0.03486810698620962]
[-0.2510525243972255, 0.03486810698620962]
[-0.2510525243972255, 0.03486810698620962]
[-0.2510525243972255, 0.03486810698620962]
[-0.2510525243972255, 0.03486810698620962]
[-0.24920162859281322, 0.03489823492795006]
[-0.24920162859281322, 0.03489823492795006]
[-0.24920162859281322, 0.03489823492795006]
[-0.24920162859281322, 0.03489823492795006]
[-0.24920162859281322, 0.03489823492795006]
[-0.24920162859281322, 0.03489823492795006]
[-0.24920162859281322, 0.03489823492795006]
[-0.24920162859281322, 0.03489823492795006]
[-0.24769344042104782, 0.03491481661142468]
[-0.24769344042104782, 0.03491481661142468]
[-0.24769344042104782, 0.03491481661142468]
[-0.24769344042104782, 0.03491481661142468]
[-0.24769344042104782, 0.03491481661142468]
[-0.24769344042104782, 0.03491481661142468]
[-0.24769344042104782, 0.03491481661142468]
[-0.24769344042104782, 0.03491481661142468]
[-0.245919383089289, 0.03489508325228593]
[-0.245919383089289, 0.03489508325228593]
[-0.245919383089289, 0.03489508325228593]
[-0.245919383089289, 0.03489508325228593]
[-0.245919383089289, 0.03489508325228593]
[-0.245919383089289, 0.03489508325228593]
[-0.245919383089289, 0.03489508325228593]
[-0.245919383089289, 0.03489508325228593]
[-0.24402292758800148, 0.03484968653008287]
[-0.24402292758800148, 0.03484968653008287]
[-0.24402292758800148, 0.03484968653008287]
[-0.24402292758800148, 0.03484968653008287]
[-0.24402292758800148, 0.03484968653008287]
[-0.24402292758800148, 0.03484968653008287]
[-0.24402292758800148, 0.03484968653008287]
[-0.24402292758800148, 0.03484968653008287]
[-0.2420219683248901, 0.034788906987643343]
[-0.2420219683248901, 0.034788906987643343]
[-0.2420219683248901, 0.034788906987643343]
[-0.2420219683248901, 0.034788906987643343]
[-0.2420219683248901, 0.034788906987643343]
[-0.2420219683248901, 0.034788906987643343]
[-0.2420219683248901, 0.034788906987643343]
[-0.2420219683248901, 0.034788906987643343]
[-0.23938120449359324, 0.03473246049364419]
[-0.23938120449359324, 0.03473246049364419]
[-0.23938120449359324, 0.03473246049364419]
[-0.23938120449359324, 0.03473246049364419]
[-0.23938120449359324, 0.03473246049364419]
[-0.23938120449359324, 0.03473246049364419]
[-0.23938120449359324, 0.03473246049364419]
[-0.23938120449359324, 0.03473246049364419]
[-0.23781386891981796, 0.034708048931665174]
[-0.23781386891981796, 0.034708048931665174]
[-0.23781386891981796, 0.034708048931665174]
[-0.23781386891981796, 0.034708048931665174]
[-0.23781386891981796, 0.034708048931665174]
[-0.23781386891981796, 0.034708048931665174]
[-0.23781386891981796, 0.034708048931665174]
[-0.23781386891981796, 0.034708048931665174]
[-0.23531502482855277, 0.0346594831070965]
[-0.23531502482855277, 0.0346594831070965]
[-0.23531502482855277, 0.0346594831070965]
[-0.23531502482855277, 0.0346594831070965]
[-0.23531502482855277, 0.0346594831070965]
[-0.23531502482855277, 0.0346594831070965]
[-0.23531502482855277, 0.0346594831070965]
[-0.23531502482855277, 0.0346594831070965]
[-0.23262341631449393, 0.03465248304646709]
[-0.23262341631449393, 0.03465248304646709]
[-0.23262341631449393, 0.03465248304646709]
[-0.23262341631449393, 0.03465248304646709]
[-0.23262341631449393, 0.03465248304646709]
[-0.23262341631449393, 0.03465248304646709]
[-0.23262341631449393, 0.03465248304646709]
[-0.23262341631449393, 0.03465248304646709]
[-0.2312035110919905, 0.03468412447061057]
[-0.2312035110919905, 0.03468412447061057]
[-0.2312035110919905, 0.03468412447061057]
[-0.2312035110919905, 0.03468412447061057]
[-0.2312035110919905, 0.03468412447061057]
[-0.2312035110919905, 0.03468412447061057]
[-0.2312035110919905, 0.03468412447061057]
[-0.2312035110919905, 0.03468412447061057]
[-0.22927777055656148, 0.03467474997328139]
[-0.22927777055656148, 0.03467474997328139]
[-0.22927777055656148, 0.03467474997328139]
[-0.22927777055656148, 0.03467474997328139]
[-0.22927777055656148, 0.03467474997328139]
[-0.22927777055656148, 0.03467474997328139]
[-0.22927777055656148, 0.03467474997328139]
[-0.22927777055656148, 0.03467474997328139]
[-0.2268241690971723, 0.034662175055754564]
[-0.2268241690971723, 0.034662175055754564]
[-0.2268241690971723, 0.034662175055754564]
[-0.2268241690971723, 0.034662175055754564]
[-0.2268241690971723, 0.034662175055754564]
[-0.2268241690971723, 0.034662175055754564]
[-0.2268241690971723, 0.034662175055754564]
[-0.2268241690971723, 0.034662175055754564]
[-0.2249329458191812, 0.034674499148135224]
[-0.2249329458191812, 0.034674499148135224]
[-0.2249329458191812, 0.034674499148135224]
[-0.2249329458191812, 0.034674499148135224]
[-0.2249329458191812, 0.034674499148135224]
[-0.2249329458191812, 0.034674499148135224]
[-0.2249329458191812, 0.034674499148135224]
[-0.2249329458191812, 0.034674499148135224]
[-0.2227959070266814, 0.034687526305470104]
[-0.2227959070266814, 0.034687526305470104]
[-0.2227959070266814, 0.034687526305470104]
[-0.2227959070266814, 0.034687526305470104]
[-0.2227959070266814, 0.034687526305470104]
[-0.2227959070266814, 0.034687526305470104]
[-0.2227959070266814, 0.034687526305470104]
[-0.2227959070266814, 0.034687526305470104]
[-0.22105537524129815, 0.0346952584323594]
[-0.22105537524129815, 0.0346952584323594]
[-0.22105537524129815, 0.0346952584323594]
[-0.22105537524129815, 0.0346952584323594]
[-0.22105537524129815, 0.0346952584323594]
[-0.22105537524129815, 0.0346952584323594]
[-0.22105537524129815, 0.0346952584323594]
[-0.22105537524129815, 0.0346952584323594]
[-0.21879684307036784, 0.03469606513906173]
[-0.21879684307036784, 0.03469606513906173]
[-0.21879684307036784, 0.03469606513906173]
[-0.21879684307036784, 0.03469606513906173]
[-0.21879684307036784, 0.03469606513906173]
[-0.21879684307036784, 0.03469606513906173]
[-0.21879684307036784, 0.03469606513906173]
[-0.21879684307036784, 0.03469606513906173]
[-0.2165517794585134, 0.0347172184939256]
[-0.2165517794585134, 0.0347172184939256]
[-0.2165517794585134, 0.0347172184939256]
[-0.2165517794585134, 0.0347172184939256]
[-0.2165517794585134, 0.0347172184939256]
[-0.2165517794585134, 0.0347172184939256]
[-0.2165517794585134, 0.0347172184939256]
[-0.2165517794585134, 0.0347172184939256]
[-0.21453776483542383, 0.03474947879171619]
[-0.21453776483542383, 0.03474947879171619]
[-0.21453776483542383, 0.03474947879171619]
[-0.21453776483542383, 0.03474947879171619]
[-0.21453776483542383, 0.03474947879171619]
[-0.21453776483542383, 0.03474947879171619]
[-0.21453776483542383, 0.03474947879171619]
[-0.21453776483542383, 0.03474947879171619]
[-0.21274114156709983, 0.03477526143981992]
[-0.21274114156709983, 0.03477526143981992]
[-0.21274114156709983, 0.03477526143981992]
[-0.21274114156709983, 0.03477526143981992]
[-0.21274114156709983, 0.03477526143981992]
[-0.21274114156709983, 0.03477526143981992]
[-0.21274114156709983, 0.03477526143981992]
[-0.21274114156709983, 0.03477526143981992]
[-0.21104662213726388, 0.034782589218094906]
[-0.21104662213726388, 0.034782589218094906]
[-0.21104662213726388, 0.034782589218094906]
[-0.21104662213726388, 0.034782589218094906]
[-0.21104662213726388, 0.034782589218094906]
[-0.21104662213726388, 0.034782589218094906]
[-0.21104662213726388, 0.034782589218094906]
[-0.21104662213726388, 0.034782589218094906]
[-0.20908931755572172, 0.034770806957398474]
[-0.20908931755572172, 0.034770806957398474]
[-0.20908931755572172, 0.034770806957398474]
[-0.20908931755572172, 0.034770806957398474]
[-0.20908931755572172, 0.034770806957398474]
[-0.20908931755572172, 0.034770806957398474]
[-0.20908931755572172, 0.034770806957398474]
[-0.20908931755572172, 0.034770806957398474]
[-0.20684751433083645, 0.034766082826098124]
[-0.20684751433083645, 0.034766082826098124]
[-0.20684751433083645, 0.034766082826098124]
[-0.20684751433083645, 0.034766082826098124]
[-0.20684751433083645, 0.034766082826098124]
[-0.20684751433083645, 0.034766082826098124]
[-0.20684751433083645, 0.034766082826098124]
[-0.20684751433083645, 0.034766082826098124]
[-0.20482193518066286, 0.03476971013615364]
[-0.20482193518066286, 0.03476971013615364]
[-0.20482193518066286, 0.03476971013615364]
[-0.20482193518066286, 0.03476971013615364]
[-0.20482193518066286, 0.03476971013615364]
[-0.20482193518066286, 0.03476971013615364]
[-0.20482193518066286, 0.03476971013615364]
[-0.20482193518066286, 0.03476971013615364]
[-0.20218199203052817, 0.03479265715689418]
[-0.20218199203052817, 0.03479265715689418]
[-0.20218199203052817, 0.03479265715689418]
[-0.20218199203052817, 0.03479265715689418]
[-0.20218199203052817, 0.03479265715689418]
[-0.20218199203052817, 0.03479265715689418]
[-0.20218199203052817, 0.03479265715689418]
[-0.20218199203052817, 0.03479265715689418]
[-0.20007161785088426, 0.03485183459857783]
[-0.20007161785088426, 0.03485183459857783]
[-0.20007161785088426, 0.03485183459857783]
[-0.20007161785088426, 0.03485183459857783]
[-0.20007161785088426, 0.03485183459857783]
[-0.20007161785088426, 0.03485183459857783]
[-0.20007161785088426, 0.03485183459857783]
[-0.20007161785088426, 0.03485183459857783]
