[-0.731574831054457, 0.008838887817212369]
[-0.731574831054457, 0.008838887817212369]
[-0.731574831054457, 0.008838887817212369]
[-0.731574831054457, 0.008838887817212369]
[-0.731574831054457, 0.008838887817212369]
[-0.731574831054457, 0.008838887817212369]
[-0.731574831054457, 0.008838887817212369]
[-0.731574831054457, 0.008838887817212369]
[-0.7306137700250751, 0.009810300218806531]
[-0.7306137700250751, 0.009810300218806531]
[-0.7306137700250751, 0.009810300218806531]
[-0.7306137700250751, 0.009810300218806531]
[-0.7306137700250751, 0.009810300218806531]
[-0.7306137700250751, 0.009810300218806531]
[-0.7306137700250751, 0.009810300218806531]
[-0.7306137700250751, 0.009810300218806531]
[-0.729557018735349, 0.010503040923180185]
[-0.729557018735349, 0.010503040923180185]
[-0.729557018735349, 0.010503040923180185]
[-0.729557018735349, 0.010503040923180185]
[-0.729557018735349, 0.010503040923180185]
[-0.729557018735349, 0.010503040923180185]
[-0.729557018735349, 0.010503040923180185]
[-0.729557018735349, 0.010503040923180185]
[-0.7279829316448598, 0.011641104585471957]
[-0.7279829316448598, 0.011641104585471957]
[-0.7279829316448598, 0.011641104585471957]
[-0.7279829316448598, 0.011641104585471957]
[-0.7279829316448598, 0.011641104585471957]
[-0.7279829316448598, 0.011641104585471957]
[-0.7279829316448598, 0.011641104585471957]
[-0.7279829316448598, 0.011641104585471957]
[-0.7264125121412178, 0.012869327903093527]
[-0.7264125121412178, 0.012869327903093527]
[-0.7264125121412178, 0.012869327903093527]
[-0.7264125121412178, 0.012869327903093527]
[-0.7264125121412178, 0.012869327903093527]
[-0.7264125121412178, 0.012869327903093527]
[-0.7264125121412178, 0.012869327903093527]
[-0.7264125121412178, 0.012869327903093527]
[-0.7252499867018749, 0.01384057879361601]
[-0.7252499867018749, 0.01384057879361601]
[-0.7252499867018749, 0.01384057879361601]
[-0.7252499867018749, 0.01384057879361601]
[-0.7252499867018749, 0.01384057879361601]
[-0.7252499867018749, 0.01384057879361601]
[-0.7252499867018749, 0.01384057879361601]
[-0.7252499867018749, 0.01384057879361601]
[-0.7237473581547841, 0.014957657259078546]
[-0.7237473581547841, 0.014957657259078546]
[-0.7237473581547841, 0.014957657259078546]
[-0.7237473581547841, 0.014957657259078546]
[-0.7237473581547841, 0.014957657259078546]
[-0.7237473581547841, 0.014957657259078546]
[-0.7237473581547841, 0.014957657259078546]
[-0.7237473581547841, 0.014957657259078546]
[-0.7219825655468475, 0.016311097289965753]
[-0.7219825655468475, 0.016311097289965753]
[-0.7219825655468475, 0.016311097289965753]
[-0.7219825655468475, 0.016311097289965753]
[-0.7219825655468475, 0.016311097289965753]
[-0.7219825655468475, 0.016311097289965753]
[-0.7219825655468475, 0.016311097289965753]
[-0.7219825655468475, 0.016311097289965753]
[-0.7205450852014542, 0.01745543244588047]
[-0.7205450852014542, 0.01745543244588047]
[-0.7205450852014542, 0.01745543244588047]
[-0.7205450852014542, 0.01745543244588047]
[-0.7205450852014542, 0.01745543244588047]
[-0.7205450852014542, 0.01745543244588047]
[-0.7205450852014542, 0.01745543244588047]
[-0.7205450852014542, 0.01745543244588047]
[-0.7191774804568286, 0.018516461908259556]
[-0.7191774804568286, 0.018516461908259556]
[-0.7191774804568286, 0.018516461908259556]
[-0.7191774804568286, 0.018516461908259556]
[-0.7191774804568286, 0.018516461908259556]
[-0.7191774804568286, 0.018516461908259556]
[-0.7191774804568286, 0.018516461908259556]
[-0.7191774804568286, 0.018516461908259556]
[-0.7173147093952718, 0.01993588527699646]
[-0.7173147093952718, 0.01993588527699646]
[-0.7173147093952718, 0.01993588527699646]
[-0.7173147093952718, 0.01993588527699646]
[-0.7173147093952718, 0.01993588527699646]
[-0.7173147093952718, 0.01993588527699646]
[-0.7173147093952718, 0.01993588527699646]
[-0.7173147093952718, 0.01993588527699646]
[-0.7157306260440398, 0.021179335818542186]
[-0.7157306260440398, 0.021179335818542186]
[-0.7157306260440398, 0.021179335818542186]
[-0.7157306260440398, 0.021179335818542186]
[-0.7157306260440398, 0.021179335818542186]
[-0.7157306260440398, 0.021179335818542186]
[-0.7157306260440398, 0.021179335818542186]
[-0.7157306260440398, 0.021179335818542186]
[-0.7140781304745398, 0.022479914816457648]
[-0.7140781304745398, 0.022479914816457648]
[-0.7140781304745398, 0.022479914816457648]
[-0.7140781304745398, 0.022479914816457648]
[-0.7140781304745398, 0.022479914816457648]
[-0.7140781304745398, 0.022479914816457648]
[-0.7140781304745398, 0.022479914816457648]
[-0.7140781304745398, 0.022479914816457648]
[-0.7127918395729244, 0.023476828158003997]
[-0.7127918395729244, 0.023476828158003997]
[-0.7127918395729244, 0.023476828158003997]
[-0.7127918395729244, 0.023476828158003997]
[-0.7127918395729244, 0.023476828158003997]
[-0.7127918395729244, 0.023476828158003997]
[-0.7127918395729244, 0.023476828158003997]
[-0.7127918395729244, 0.023476828158003997]
[-0.7114982769862832, 0.024446632854876405]
[-0.7114982769862832, 0.024446632854876405]
[-0.7114982769862832, 0.024446632854876405]
[-0.7114982769862832, 0.024446632854876405]
[-0.7114982769862832, 0.024446632854876405]
[-0.7114982769862832, 0.024446632854876405]
[-0.7114982769862832, 0.024446632854876405]
[-0.7114982769862832, 0.024446632854876405]
[-0.7102099776067131, 0.025613585408333674]
[-0.7102099776067131, 0.025613585408333674]
[-0.7102099776067131, 0.025613585408333674]
[-0.7102099776067131, 0.025613585408333674]
[-0.7102099776067131, 0.025613585408333674]
[-0.7102099776067131, 0.025613585408333674]
[-0.7102099776067131, 0.025613585408333674]
[-0.7102099776067131, 0.025613585408333674]
[-0.7085653234429667, 0.026776415482838153]
[-0.7085653234429667, 0.026776415482838153]
[-0.7085653234429667, 0.026776415482838153]
[-0.7085653234429667, 0.026776415482838153]
[-0.7085653234429667, 0.026776415482838153]
[-0.7085653234429667, 0.026776415482838153]
[-0.7085653234429667, 0.026776415482838153]
[-0.7085653234429667, 0.026776415482838153]
[-0.7073968394595955, 0.0278997552969915]
[-0.7073968394595955, 0.0278997552969915]
[-0.7073968394595955, 0.0278997552969915]
[-0.7073968394595955, 0.0278997552969915]
[-0.7073968394595955, 0.0278997552969915]
[-0.7073968394595955, 0.0278997552969915]
[-0.7073968394595955, 0.0278997552969915]
[-0.7073968394595955, 0.0278997552969915]
[-0.7063676553001897, 0.0290366883240004]
[-0.7063676553001897, 0.0290366883240004]
[-0.7063676553001897, 0.0290366883240004]
[-0.7063676553001897, 0.0290366883240004]
[-0.7063676553001897, 0.0290366883240004]
[-0.7063676553001897, 0.0290366883240004]
[-0.7063676553001897, 0.0290366883240004]
[-0.7063676553001897, 0.0290366883240004]
[-0.7052531158238826, 0.03003037335807988]
[-0.7052531158238826, 0.03003037335807988]
[-0.7052531158238826, 0.03003037335807988]
[-0.7052531158238826, 0.03003037335807988]
[-0.7052531158238826, 0.03003037335807988]
[-0.7052531158238826, 0.03003037335807988]
[-0.7052531158238826, 0.03003037335807988]
[-0.7052531158238826, 0.03003037335807988]
[-0.7035811092593804, 0.03101928565131572]
[-0.7035811092593804, 0.03101928565131572]
[-0.7035811092593804, 0.03101928565131572]
[-0.7035811092593804, 0.03101928565131572]
[-0.7035811092593804, 0.03101928565131572]
[-0.7035811092593804, 0.03101928565131572]
[-0.7035811092593804, 0.03101928565131572]
[-0.7035811092593804, 0.03101928565131572]
[-0.7019796573065973, 0.031958030063901285]
[-0.7019796573065973, 0.031958030063901285]
[-0.7019796573065973, 0.031958030063901285]
[-0.7019796573065973, 0.031958030063901285]
[-0.7019796573065973, 0.031958030063901285]
[-0.7019796573065973, 0.031958030063901285]
[-0.7019796573065973, 0.031958030063901285]
[-0.7019796573065973, 0.031958030063901285]
[-0.6994026669523151, 0.03349965463876465]
[-0.6994026669523151, 0.03349965463876465]
[-0.6994026669523151, 0.03349965463876465]
[-0.6994026669523151, 0.03349965463876465]
[-0.6994026669523151, 0.03349965463876465]
[-0.6994026669523151, 0.03349965463876465]
[-0.6994026669523151, 0.03349965463876465]
[-0.6994026669523151, 0.03349965463876465]
[-0.6979699119351093, 0.034404113955442156]
[-0.6979699119351093, 0.034404113955442156]
[-0.6979699119351093, 0.034404113955442156]
[-0.6979699119351093, 0.034404113955442156]
[-0.6979699119351093, 0.034404113955442156]
[-0.6979699119351093, 0.034404113955442156]
[-0.6979699119351093, 0.034404113955442156]
[-0.6979699119351093, 0.034404113955442156]
[-0.6964644201749023, 0.0353295251939283]
[-0.6964644201749023, 0.0353295251939283]
[-0.6964644201749023, 0.0353295251939283]
[-0.6964644201749023, 0.0353295251939283]
[-0.6964644201749023, 0.0353295251939283]
[-0.6964644201749023, 0.0353295251939283]
[-0.6964644201749023, 0.0353295251939283]
[-0.6964644201749023, 0.0353295251939283]
[-0.6950208706130737, 0.03619590463585831]
[-0.6950208706130737, 0.03619590463585831]
[-0.6950208706130737, 0.03619590463585831]
[-0.6950208706130737, 0.03619590463585831]
[-0.6950208706130737, 0.03619590463585831]
[-0.6950208706130737, 0.03619590463585831]
[-0.6950208706130737, 0.03619590463585831]
[-0.6950208706130737, 0.03619590463585831]
[-0.6922176918181696, 0.03790854042040015]
[-0.6922176918181696, 0.03790854042040015]
[-0.6922176918181696, 0.03790854042040015]
[-0.6922176918181696, 0.03790854042040015]
[-0.6922176918181696, 0.03790854042040015]
[-0.6922176918181696, 0.03790854042040015]
[-0.6922176918181696, 0.03790854042040015]
[-0.6922176918181696, 0.03790854042040015]
[-0.6900773827309372, 0.03935603975365635]
[-0.6900773827309372, 0.03935603975365635]
[-0.6900773827309372, 0.03935603975365635]
[-0.6900773827309372, 0.03935603975365635]
[-0.6900773827309372, 0.03935603975365635]
[-0.6900773827309372, 0.03935603975365635]
[-0.6900773827309372, 0.03935603975365635]
[-0.6900773827309372, 0.03935603975365635]
[-0.6884638118138038, 0.040480992859952006]
[-0.6884638118138038, 0.040480992859952006]
[-0.6884638118138038, 0.040480992859952006]
[-0.6884638118138038, 0.040480992859952006]
[-0.6884638118138038, 0.040480992859952006]
[-0.6884638118138038, 0.040480992859952006]
[-0.6884638118138038, 0.040480992859952006]
[-0.6884638118138038, 0.040480992859952006]
[-0.6858087374498245, 0.04225013844457097]
[-0.6858087374498245, 0.04225013844457097]
[-0.6858087374498245, 0.04225013844457097]
[-0.6858087374498245, 0.04225013844457097]
[-0.6858087374498245, 0.04225013844457097]
[-0.6858087374498245, 0.04225013844457097]
[-0.6858087374498245, 0.04225013844457097]
[-0.6858087374498245, 0.04225013844457097]
[-0.6838172329064978, 0.043604273680839606]
[-0.6838172329064978, 0.043604273680839606]
[-0.6838172329064978, 0.043604273680839606]
[-0.6838172329064978, 0.043604273680839606]
[-0.6838172329064978, 0.043604273680839606]
[-0.6838172329064978, 0.043604273680839606]
[-0.6838172329064978, 0.043604273680839606]
[-0.6838172329064978, 0.043604273680839606]
[-0.6809342925559639, 0.04548051396853535]
[-0.6809342925559639, 0.04548051396853535]
[-0.6809342925559639, 0.04548051396853535]
[-0.6809342925559639, 0.04548051396853535]
[-0.6809342925559639, 0.04548051396853535]
[-0.6809342925559639, 0.04548051396853535]
[-0.6809342925559639, 0.04548051396853535]
[-0.6809342925559639, 0.04548051396853535]
[-0.6785485502763191, 0.04707761185124071]
[-0.6785485502763191, 0.04707761185124071]
[-0.6785485502763191, 0.04707761185124071]
[-0.6785485502763191, 0.04707761185124071]
[-0.6785485502763191, 0.04707761185124071]
[-0.6785485502763191, 0.04707761185124071]
[-0.6785485502763191, 0.04707761185124071]
[-0.6785485502763191, 0.04707761185124071]
[-0.6766143541424963, 0.04834804621686787]
[-0.6766143541424963, 0.04834804621686787]
[-0.6766143541424963, 0.04834804621686787]
[-0.6766143541424963, 0.04834804621686787]
[-0.6766143541424963, 0.04834804621686787]
[-0.6766143541424963, 0.04834804621686787]
[-0.6766143541424963, 0.04834804621686787]
[-0.6766143541424963, 0.04834804621686787]
[-0.6740004000021305, 0.050011710461322474]
[-0.6740004000021305, 0.050011710461322474]
[-0.6740004000021305, 0.050011710461322474]
[-0.6740004000021305, 0.050011710461322474]
[-0.6740004000021305, 0.050011710461322474]
[-0.6740004000021305, 0.050011710461322474]
[-0.6740004000021305, 0.050011710461322474]
[-0.6740004000021305, 0.050011710461322474]
[-0.671531931504129, 0.05157137601188435]
[-0.671531931504129, 0.05157137601188435]
[-0.671531931504129, 0.05157137601188435]
[-0.671531931504129, 0.05157137601188435]
[-0.671531931504129, 0.05157137601188435]
[-0.671531931504129, 0.05157137601188435]
[-0.671531931504129, 0.05157137601188435]
[-0.671531931504129, 0.05157137601188435]
[-0.669038593092531, 0.05311104624515779]
[-0.669038593092531, 0.05311104624515779]
[-0.669038593092531, 0.05311104624515779]
[-0.669038593092531, 0.05311104624515779]
[-0.669038593092531, 0.05311104624515779]
[-0.669038593092531, 0.05311104624515779]
[-0.669038593092531, 0.05311104624515779]
[-0.669038593092531, 0.05311104624515779]
[-0.6662834483971769, 0.05478675422062607]
[-0.6662834483971769, 0.05478675422062607]
[-0.6662834483971769, 0.05478675422062607]
[-0.6662834483971769, 0.05478675422062607]
[-0.6662834483971769, 0.05478675422062607]
[-0.6662834483971769, 0.05478675422062607]
[-0.6662834483971769, 0.05478675422062607]
[-0.6662834483971769, 0.05478675422062607]
[-0.6634791921143296, 0.05651974399367263]
[-0.6634791921143296, 0.05651974399367263]
[-0.6634791921143296, 0.05651974399367263]
[-0.6634791921143296, 0.05651974399367263]
[-0.6634791921143296, 0.05651974399367263]
[-0.6634791921143296, 0.05651974399367263]
[-0.6634791921143296, 0.05651974399367263]
[-0.6634791921143296, 0.05651974399367263]
[-0.6608361570619455, 0.05820543989006586]
[-0.6608361570619455, 0.05820543989006586]
[-0.6608361570619455, 0.05820543989006586]
[-0.6608361570619455, 0.05820543989006586]
[-0.6608361570619455, 0.05820543989006586]
[-0.6608361570619455, 0.05820543989006586]
[-0.6608361570619455, 0.05820543989006586]
[-0.6608361570619455, 0.05820543989006586]
[-0.6583242715355554, 0.059841419539376974]
[-0.6583242715355554, 0.059841419539376974]
[-0.6583242715355554, 0.059841419539376974]
[-0.6583242715355554, 0.059841419539376974]
[-0.6583242715355554, 0.059841419539376974]
[-0.6583242715355554, 0.059841419539376974]
[-0.6583242715355554, 0.059841419539376974]
[-0.6583242715355554, 0.059841419539376974]
[-0.6560448049538298, 0.061342863102313745]
[-0.6560448049538298, 0.061342863102313745]
[-0.6560448049538298, 0.061342863102313745]
[-0.6560448049538298, 0.061342863102313745]
[-0.6560448049538298, 0.061342863102313745]
[-0.6560448049538298, 0.061342863102313745]
[-0.6560448049538298, 0.061342863102313745]
[-0.6560448049538298, 0.061342863102313745]
[-0.653631415974269, 0.06294613403245379]
[-0.653631415974269, 0.06294613403245379]
[-0.653631415974269, 0.06294613403245379]
[-0.653631415974269, 0.06294613403245379]
[-0.653631415974269, 0.06294613403245379]
[-0.653631415974269, 0.06294613403245379]
[-0.653631415974269, 0.06294613403245379]
[-0.653631415974269, 0.06294613403245379]
[-0.6512786666920938, 0.06455648284537659]
[-0.6512786666920938, 0.06455648284537659]
[-0.6512786666920938, 0.06455648284537659]
[-0.6512786666920938, 0.06455648284537659]
[-0.6512786666920938, 0.06455648284537659]
[-0.6512786666920938, 0.06455648284537659]
[-0.6512786666920938, 0.06455648284537659]
[-0.6512786666920938, 0.06455648284537659]
[-0.649168033051144, 0.06606859797992191]
[-0.649168033051144, 0.06606859797992191]
[-0.649168033051144, 0.06606859797992191]
[-0.649168033051144, 0.06606859797992191]
[-0.649168033051144, 0.06606859797992191]
[-0.649168033051144, 0.06606859797992191]
[-0.649168033051144, 0.06606859797992191]
[-0.649168033051144, 0.06606859797992191]
[-0.6473105416797217, 0.06744584311573905]
[-0.6473105416797217, 0.06744584311573905]
[-0.6473105416797217, 0.06744584311573905]
[-0.6473105416797217, 0.06744584311573905]
[-0.6473105416797217, 0.06744584311573905]
[-0.6473105416797217, 0.06744584311573905]
[-0.6473105416797217, 0.06744584311573905]
[-0.6473105416797217, 0.06744584311573905]
[-0.6459001717569821, 0.06850506309308031]
[-0.6459001717569821, 0.06850506309308031]
[-0.6459001717569821, 0.06850506309308031]
[-0.6459001717569821, 0.06850506309308031]
[-0.6459001717569821, 0.06850506309308031]
[-0.6459001717569821, 0.06850506309308031]
[-0.6459001717569821, 0.06850506309308031]
[-0.6459001717569821, 0.06850506309308031]
[-0.6441432213623065, 0.06980268914879599]
[-0.6441432213623065, 0.06980268914879599]
[-0.6441432213623065, 0.06980268914879599]
[-0.6441432213623065, 0.06980268914879599]
[-0.6441432213623065, 0.06980268914879599]
[-0.6441432213623065, 0.06980268914879599]
[-0.6441432213623065, 0.06980268914879599]
[-0.6441432213623065, 0.06980268914879599]
[-0.6425578197636584, 0.07097949806659375]
[-0.6425578197636584, 0.07097949806659375]
[-0.6425578197636584, 0.07097949806659375]
[-0.6425578197636584, 0.07097949806659375]
[-0.6425578197636584, 0.07097949806659375]
[-0.6425578197636584, 0.07097949806659375]
[-0.6425578197636584, 0.07097949806659375]
[-0.6425578197636584, 0.07097949806659375]
[-0.6411206802329041, 0.0720426190641943]
[-0.6411206802329041, 0.0720426190641943]
[-0.6411206802329041, 0.0720426190641943]
[-0.6411206802329041, 0.0720426190641943]
[-0.6411206802329041, 0.0720426190641943]
[-0.6411206802329041, 0.0720426190641943]
[-0.6411206802329041, 0.0720426190641943]
[-0.6411206802329041, 0.0720426190641943]
[-0.6395753615328017, 0.07316319123259053]
[-0.6395753615328017, 0.07316319123259053]
[-0.6395753615328017, 0.07316319123259053]
[-0.6395753615328017, 0.07316319123259053]
[-0.6395753615328017, 0.07316319123259053]
[-0.6395753615328017, 0.07316319123259053]
[-0.6395753615328017, 0.07316319123259053]
[-0.6395753615328017, 0.07316319123259053]
[-0.6368735731976115, 0.0751389521370505]
[-0.6368735731976115, 0.0751389521370505]
[-0.6368735731976115, 0.0751389521370505]
[-0.6368735731976115, 0.0751389521370505]
[-0.6368735731976115, 0.0751389521370505]
[-0.6368735731976115, 0.0751389521370505]
[-0.6368735731976115, 0.0751389521370505]
[-0.6368735731976115, 0.0751389521370505]
[-0.6355501929961321, 0.07613478545066159]
[-0.6355501929961321, 0.07613478545066159]
[-0.6355501929961321, 0.07613478545066159]
[-0.6355501929961321, 0.07613478545066159]
[-0.6355501929961321, 0.07613478545066159]
[-0.6355501929961321, 0.07613478545066159]
[-0.6355501929961321, 0.07613478545066159]
[-0.6355501929961321, 0.07613478545066159]
[-0.6341456340252397, 0.07715985642338866]
[-0.6341456340252397, 0.07715985642338866]
[-0.6341456340252397, 0.07715985642338866]
[-0.6341456340252397, 0.07715985642338866]
[-0.6341456340252397, 0.07715985642338866]
[-0.6341456340252397, 0.07715985642338866]
[-0.6341456340252397, 0.07715985642338866]
[-0.6341456340252397, 0.07715985642338866]
[-0.6329244646445213, 0.0780214658586897]
[-0.6329244646445213, 0.0780214658586897]
[-0.6329244646445213, 0.0780214658586897]
[-0.6329244646445213, 0.0780214658586897]
[-0.6329244646445213, 0.0780214658586897]
[-0.6329244646445213, 0.0780214658586897]
[-0.6329244646445213, 0.0780214658586897]
[-0.6329244646445213, 0.0780214658586897]
[-0.6315531986952342, 0.07895911701840386]
[-0.6315531986952342, 0.07895911701840386]
[-0.6315531986952342, 0.07895911701840386]
[-0.6315531986952342, 0.07895911701840386]
[-0.6315531986952342, 0.07895911701840386]
[-0.6315531986952342, 0.07895911701840386]
[-0.6315531986952342, 0.07895911701840386]
[-0.6315531986952342, 0.07895911701840386]
[-0.630153598337918, 0.07989326755249566]
[-0.630153598337918, 0.07989326755249566]
[-0.630153598337918, 0.07989326755249566]
[-0.630153598337918, 0.07989326755249566]
[-0.630153598337918, 0.07989326755249566]
[-0.630153598337918, 0.07989326755249566]
[-0.630153598337918, 0.07989326755249566]
[-0.630153598337918, 0.07989326755249566]
[-0.6286061739799123, 0.08089621322087748]
[-0.6286061739799123, 0.08089621322087748]
[-0.6286061739799123, 0.08089621322087748]
[-0.6286061739799123, 0.08089621322087748]
[-0.6286061739799123, 0.08089621322087748]
[-0.6286061739799123, 0.08089621322087748]
[-0.6286061739799123, 0.08089621322087748]
[-0.6286061739799123, 0.08089621322087748]
