[-0.731574831054457, 0.008838887817212369]
[-0.731574831054457, 0.008838887817212369]
[-0.731574831054457, 0.008838887817212369]
[-0.731574831054457, 0.008838887817212369]
[-0.731574831054457, 0.008838887817212369]
[-0.731574831054457, 0.008838887817212369]
[-0.731574831054457, 0.008838887817212369]
[-0.731574831054457, 0.008838887817212369]
[-0.7298170680847518, 0.01050273220288304]
[-0.7298170680847518, 0.01050273220288304]
[-0.7298170680847518, 0.01050273220288304]
[-0.7298170680847518, 0.01050273220288304]
[-0.7298170680847518, 0.01050273220288304]
[-0.7298170680847518, 0.01050273220288304]
[-0.7298170680847518, 0.01050273220288304]
[-0.7298170680847518, 0.01050273220288304]
[-0.727931885036156, 0.011878821234830838]
[-0.727931885036156, 0.011878821234830838]
[-0.727931885036156, 0.011878821234830838]
[-0.727931885036156, 0.011878821234830838]
[-0.727931885036156, 0.011878821234830838]
[-0.727931885036156, 0.011878821234830838]
[-0.727931885036156, 0.011878821234830838]
[-0.727931885036156, 0.011878821234830838]
[-0.7253989936168168, 0.013693806136792426]
[-0.7253989936168168, 0.013693806136792426]
[-0.7253989936168168, 0.013693806136792426]
[-0.7253989936168168, 0.013693806136792426]
[-0.7253989936168168, 0.013693806136792426]
[-0.7253989936168168, 0.013693806136792426]
[-0.7253989936168168, 0.013693806136792426]
[-0.7253989936168168, 0.013693806136792426]
[-0.7228582771542158, 0.015567549121228477]
[-0.7228582771542158, 0.015567549121228477]
[-0.7228582771542158, 0.015567549121228477]
[-0.7228582771542158, 0.015567549121228477]
[-0.7228582771542158, 0.015567549121228477]
[-0.7228582771542158, 0.015567549121228477]
[-0.7228582771542158, 0.015567549121228477]
[-0.7228582771542158, 0.015567549121228477]
[-0.7206778447870278, 0.017156892028602672]
[-0.7206778447870278, 0.017156892028602672]
[-0.7206778447870278, 0.017156892028602672]
[-0.7206778447870278, 0.017156892028602672]
[-0.7206778447870278, 0.017156892028602672]
[-0.7206778447870278, 0.017156892028602672]
[-0.7206778447870278, 0.017156892028602672]
[-0.7206778447870278, 0.017156892028602672]
[-0.718023868443681, 0.01894970163901345]
[-0.718023868443681, 0.01894970163901345]
[-0.718023868443681, 0.01894970163901345]
[-0.718023868443681, 0.01894970163901345]
[-0.718023868443681, 0.01894970163901345]
[-0.718023868443681, 0.01894970163901345]
[-0.718023868443681, 0.01894970163901345]
[-0.718023868443681, 0.01894970163901345]
[-0.714994738277639, 0.020975186013234694]
[-0.714994738277639, 0.020975186013234694]
[-0.714994738277639, 0.020975186013234694]
[-0.714994738277639, 0.020975186013234694]
[-0.714994738277639, 0.020975186013234694]
[-0.714994738277639, 0.020975186013234694]
[-0.714994738277639, 0.020975186013234694]
[-0.714994738277639, 0.020975186013234694]
[-0.7121991913189608, 0.02282676511296969]
[-0.7121991913189608, 0.02282676511296969]
[-0.7121991913189608, 0.02282676511296969]
[-0.7121991913189608, 0.02282676511296969]
[-0.7121991913189608, 0.02282676511296969]
[-0.7121991913189608, 0.02282676511296969]
[-0.7121991913189608, 0.02282676511296969]
[-0.7121991913189608, 0.02282676511296969]
[-0.7094005230386347, 0.024599784559844486]
[-0.7094005230386347, 0.024599784559844486]
[-0.7094005230386347, 0.024599784559844486]
[-0.7094005230386347, 0.024599784559844486]
[-0.7094005230386347, 0.024599784559844486]
[-0.7094005230386347, 0.024599784559844486]
[-0.7094005230386347, 0.024599784559844486]
[-0.7094005230386347, 0.024599784559844486]
[-0.7058715617571156, 0.026724037951418127]
[-0.7058715617571156, 0.026724037951418127]
[-0.7058715617571156, 0.026724037951418127]
[-0.7058715617571156, 0.026724037951418127]
[-0.7058715617571156, 0.026724037951418127]
[-0.7058715617571156, 0.026724037951418127]
[-0.7058715617571156, 0.026724037951418127]
[-0.7058715617571156, 0.026724037951418127]
[-0.7025469320925632, 0.028660016692791227]
[-0.7025469320925632, 0.028660016692791227]
[-0.7025469320925632, 0.028660016692791227]
[-0.7025469320925632, 0.028660016692791227]
[-0.7025469320925632, 0.028660016692791227]
[-0.7025469320925632, 0.028660016692791227]
[-0.7025469320925632, 0.028660016692791227]
[-0.7025469320925632, 0.028660016692791227]
[-0.6991221764937021, 0.030565173385531746]
[-0.6991221764937021, 0.030565173385531746]
[-0.6991221764937021, 0.030565173385531746]
[-0.6991221764937021, 0.030565173385531746]
[-0.6991221764937021, 0.030565173385531746]
[-0.6991221764937021, 0.030565173385531746]
[-0.6991221764937021, 0.030565173385531746]
[-0.6991221764937021, 0.030565173385531746]
[-0.6960634191637718, 0.03214962783808555]
[-0.6960634191637718, 0.03214962783808555]
[-0.6960634191637718, 0.03214962783808555]
[-0.6960634191637718, 0.03214962783808555]
[-0.6960634191637718, 0.03214962783808555]
[-0.6960634191637718, 0.03214962783808555]
[-0.6960634191637718, 0.03214962783808555]
[-0.6960634191637718, 0.03214962783808555]
[-0.6929020711112782, 0.03361458924908602]
[-0.6929020711112782, 0.03361458924908602]
[-0.6929020711112782, 0.03361458924908602]
[-0.6929020711112782, 0.03361458924908602]
[-0.6929020711112782, 0.03361458924908602]
[-0.6929020711112782, 0.03361458924908602]
[-0.6929020711112782, 0.03361458924908602]
[-0.6929020711112782, 0.03361458924908602]
[-0.6896205050387544, 0.03496812107432367]
[-0.6896205050387544, 0.03496812107432367]
[-0.6896205050387544, 0.03496812107432367]
[-0.6896205050387544, 0.03496812107432367]
[-0.6896205050387544, 0.03496812107432367]
[-0.6896205050387544, 0.03496812107432367]
[-0.6896205050387544, 0.03496812107432367]
[-0.6896205050387544, 0.03496812107432367]
[-0.6858473499964279, 0.03632945008625775]
[-0.6858473499964279, 0.03632945008625775]
[-0.6858473499964279, 0.03632945008625775]
[-0.6858473499964279, 0.03632945008625775]
[-0.6858473499964279, 0.03632945008625775]
[-0.6858473499964279, 0.03632945008625775]
[-0.6858473499964279, 0.03632945008625775]
[-0.6858473499964279, 0.03632945008625775]
[-0.6827921596397069, 0.03732471171741388]
[-0.6827921596397069, 0.03732471171741388]
[-0.6827921596397069, 0.03732471171741388]
[-0.6827921596397069, 0.03732471171741388]
[-0.6827921596397069, 0.03732471171741388]
[-0.6827921596397069, 0.03732471171741388]
[-0.6827921596397069, 0.03732471171741388]
[-0.6827921596397069, 0.03732471171741388]
[-0.6803698909041358, 0.03800004910855693]
[-0.6803698909041358, 0.03800004910855693]
[-0.6803698909041358, 0.03800004910855693]
[-0.6803698909041358, 0.03800004910855693]
[-0.6803698909041358, 0.03800004910855693]
[-0.6803698909041358, 0.03800004910855693]
[-0.6803698909041358, 0.03800004910855693]
[-0.6803698909041358, 0.03800004910855693]
[-0.6778900883699399, 0.03859190681937332]
[-0.6778900883699399, 0.03859190681937332]
[-0.6778900883699399, 0.03859190681937332]
[-0.6778900883699399, 0.03859190681937332]
[-0.6778900883699399, 0.03859190681937332]
[-0.6778900883699399, 0.03859190681937332]
[-0.6778900883699399, 0.03859190681937332]
[-0.6778900883699399, 0.03859190681937332]
[-0.6744628487692702, 0.03925533825326888]
[-0.6744628487692702, 0.03925533825326888]
[-0.6744628487692702, 0.03925533825326888]
[-0.6744628487692702, 0.03925533825326888]
[-0.6744628487692702, 0.03925533825326888]
[-0.6744628487692702, 0.03925533825326888]
[-0.6744628487692702, 0.03925533825326888]
[-0.6744628487692702, 0.03925533825326888]
[-0.6713561916726276, 0.03976566994257184]
[-0.6713561916726276, 0.03976566994257184]
[-0.6713561916726276, 0.03976566994257184]
[-0.6713561916726276, 0.03976566994257184]
[-0.6713561916726276, 0.03976566994257184]
[-0.6713561916726276, 0.03976566994257184]
[-0.6713561916726276, 0.03976566994257184]
[-0.6713561916726276, 0.03976566994257184]
[-0.6685041335187599, 0.04016097228360792]
[-0.6685041335187599, 0.04016097228360792]
[-0.6685041335187599, 0.04016097228360792]
[-0.6685041335187599, 0.04016097228360792]
[-0.6685041335187599, 0.04016097228360792]
[-0.6685041335187599, 0.04016097228360792]
[-0.6685041335187599, 0.04016097228360792]
[-0.6685041335187599, 0.04016097228360792]
[-0.6656570803076055, 0.040497580641173286]
[-0.6656570803076055, 0.040497580641173286]
[-0.6656570803076055, 0.040497580641173286]
[-0.6656570803076055, 0.040497580641173286]
[-0.6656570803076055, 0.040497580641173286]
[-0.6656570803076055, 0.040497580641173286]
[-0.6656570803076055, 0.040497580641173286]
[-0.6656570803076055, 0.040497580641173286]
[-0.6619933538205786, 0.040832386677968124]
[-0.6619933538205786, 0.040832386677968124]
[-0.6619933538205786, 0.040832386677968124]
[-0.6619933538205786, 0.040832386677968124]
[-0.6619933538205786, 0.040832386677968124]
[-0.6619933538205786, 0.040832386677968124]
[-0.6619933538205786, 0.040832386677968124]
[-0.6619933538205786, 0.040832386677968124]
[-0.6583980915162747, 0.04099192961168465]
[-0.6583980915162747, 0.04099192961168465]
[-0.6583980915162747, 0.04099192961168465]
[-0.6583980915162747, 0.04099192961168465]
[-0.6583980915162747, 0.04099192961168465]
[-0.6583980915162747, 0.04099192961168465]
[-0.6583980915162747, 0.04099192961168465]
[-0.6583980915162747, 0.04099192961168465]
[-0.6547391447198587, 0.04097584062508497]
[-0.6547391447198587, 0.04097584062508497]
[-0.6547391447198587, 0.04097584062508497]
[-0.6547391447198587, 0.04097584062508497]
[-0.6547391447198587, 0.04097584062508497]
[-0.6547391447198587, 0.04097584062508497]
[-0.6547391447198587, 0.04097584062508497]
[-0.6547391447198587, 0.04097584062508497]
[-0.6511574113305334, 0.04132136437903568]
[-0.6511574113305334, 0.04132136437903568]
[-0.6511574113305334, 0.04132136437903568]
[-0.6511574113305334, 0.04132136437903568]
[-0.6511574113305334, 0.04132136437903568]
[-0.6511574113305334, 0.04132136437903568]
[-0.6511574113305334, 0.04132136437903568]
[-0.6511574113305334, 0.04132136437903568]
[-0.6476437967291172, 0.04099384788016074]
[-0.6476437967291172, 0.04099384788016074]
[-0.6476437967291172, 0.04099384788016074]
[-0.6476437967291172, 0.04099384788016074]
[-0.6476437967291172, 0.04099384788016074]
[-0.6476437967291172, 0.04099384788016074]
[-0.6476437967291172, 0.04099384788016074]
[-0.6476437967291172, 0.04099384788016074]
[-0.6463430753809186, 0.04175600036657667]
[-0.6463430753809186, 0.04175600036657667]
[-0.6463430753809186, 0.04175600036657667]
[-0.6463430753809186, 0.04175600036657667]
[-0.6463430753809186, 0.04175600036657667]
[-0.6463430753809186, 0.04175600036657667]
[-0.6463430753809186, 0.04175600036657667]
[-0.6463430753809186, 0.04175600036657667]
[-0.6447201193349779, 0.041342571735109905]
[-0.6447201193349779, 0.041342571735109905]
[-0.6447201193349779, 0.041342571735109905]
[-0.6447201193349779, 0.041342571735109905]
[-0.6447201193349779, 0.041342571735109905]
[-0.6447201193349779, 0.041342571735109905]
[-0.6447201193349779, 0.041342571735109905]
[-0.6447201193349779, 0.041342571735109905]
[-0.6404889885107177, 0.04145843466234558]
[-0.6404889885107177, 0.04145843466234558]
[-0.6404889885107177, 0.04145843466234558]
[-0.6404889885107177, 0.04145843466234558]
[-0.6404889885107177, 0.04145843466234558]
[-0.6404889885107177, 0.04145843466234558]
[-0.6404889885107177, 0.04145843466234558]
[-0.6404889885107177, 0.04145843466234558]
[-0.6363706647790442, 0.041590875449321975]
[-0.6363706647790442, 0.041590875449321975]
[-0.6363706647790442, 0.041590875449321975]
[-0.6363706647790442, 0.041590875449321975]
[-0.6363706647790442, 0.041590875449321975]
[-0.6363706647790442, 0.041590875449321975]
[-0.6363706647790442, 0.041590875449321975]
[-0.6363706647790442, 0.041590875449321975]
[-0.6333026663629947, 0.0416119686585783]
[-0.6333026663629947, 0.0416119686585783]
[-0.6333026663629947, 0.0416119686585783]
[-0.6333026663629947, 0.0416119686585783]
[-0.6333026663629947, 0.0416119686585783]
[-0.6333026663629947, 0.0416119686585783]
[-0.6333026663629947, 0.0416119686585783]
[-0.6333026663629947, 0.0416119686585783]
[-0.6294844630246678, 0.041519639512855845]
[-0.6294844630246678, 0.041519639512855845]
[-0.6294844630246678, 0.041519639512855845]
[-0.6294844630246678, 0.041519639512855845]
[-0.6294844630246678, 0.041519639512855845]
[-0.6294844630246678, 0.041519639512855845]
[-0.6294844630246678, 0.041519639512855845]
[-0.6294844630246678, 0.041519639512855845]
[-0.626522363950602, 0.041402475365721045]
[-0.626522363950602, 0.041402475365721045]
[-0.626522363950602, 0.041402475365721045]
[-0.626522363950602, 0.041402475365721045]
[-0.626522363950602, 0.041402475365721045]
[-0.626522363950602, 0.041402475365721045]
[-0.626522363950602, 0.041402475365721045]
[-0.626522363950602, 0.041402475365721045]
[-0.6227043758269795, 0.04107087776528185]
[-0.6227043758269795, 0.04107087776528185]
[-0.6227043758269795, 0.04107087776528185]
[-0.6227043758269795, 0.04107087776528185]
[-0.6227043758269795, 0.04107087776528185]
[-0.6227043758269795, 0.04107087776528185]
[-0.6227043758269795, 0.04107087776528185]
[-0.6227043758269795, 0.04107087776528185]
[-0.6190720934812055, 0.04070569070387221]
[-0.6190720934812055, 0.04070569070387221]
[-0.6190720934812055, 0.04070569070387221]
[-0.6190720934812055, 0.04070569070387221]
[-0.6190720934812055, 0.04070569070387221]
[-0.6190720934812055, 0.04070569070387221]
[-0.6190720934812055, 0.04070569070387221]
[-0.6190720934812055, 0.04070569070387221]
[-0.615220609817107, 0.040409592560046635]
[-0.615220609817107, 0.040409592560046635]
[-0.615220609817107, 0.040409592560046635]
[-0.615220609817107, 0.040409592560046635]
[-0.615220609817107, 0.040409592560046635]
[-0.615220609817107, 0.040409592560046635]
[-0.615220609817107, 0.040409592560046635]
[-0.615220609817107, 0.040409592560046635]
[-0.6114311122058811, 0.040152097049035856]
[-0.6114311122058811, 0.040152097049035856]
[-0.6114311122058811, 0.040152097049035856]
[-0.6114311122058811, 0.040152097049035856]
[-0.6114311122058811, 0.040152097049035856]
[-0.6114311122058811, 0.040152097049035856]
[-0.6114311122058811, 0.040152097049035856]
[-0.6114311122058811, 0.040152097049035856]
[-0.6077461290095021, 0.0398528994402902]
[-0.6077461290095021, 0.0398528994402902]
[-0.6077461290095021, 0.0398528994402902]
[-0.6077461290095021, 0.0398528994402902]
[-0.6077461290095021, 0.0398528994402902]
[-0.6077461290095021, 0.0398528994402902]
[-0.6077461290095021, 0.0398528994402902]
[-0.6077461290095021, 0.0398528994402902]
[-0.6042331741939955, 0.03965068564771649]
[-0.6042331741939955, 0.03965068564771649]
[-0.6042331741939955, 0.03965068564771649]
[-0.6042331741939955, 0.03965068564771649]
[-0.6042331741939955, 0.03965068564771649]
[-0.6042331741939955, 0.03965068564771649]
[-0.6042331741939955, 0.03965068564771649]
[-0.6042331741939955, 0.03965068564771649]
[-0.6013008355155692, 0.039409913118001065]
[-0.6013008355155692, 0.039409913118001065]
[-0.6013008355155692, 0.039409913118001065]
[-0.6013008355155692, 0.039409913118001065]
[-0.6013008355155692, 0.039409913118001065]
[-0.6013008355155692, 0.039409913118001065]
[-0.6013008355155692, 0.039409913118001065]
[-0.6013008355155692, 0.039409913118001065]
[-0.5982995904447386, 0.039184705522342544]
[-0.5982995904447386, 0.039184705522342544]
[-0.5982995904447386, 0.039184705522342544]
[-0.5982995904447386, 0.039184705522342544]
[-0.5982995904447386, 0.039184705522342544]
[-0.5982995904447386, 0.039184705522342544]
[-0.5982995904447386, 0.039184705522342544]
[-0.5982995904447386, 0.039184705522342544]
[-0.5951584839314124, 0.038980143031830644]
[-0.5951584839314124, 0.038980143031830644]
[-0.5951584839314124, 0.038980143031830644]
[-0.5951584839314124, 0.038980143031830644]
[-0.5951584839314124, 0.038980143031830644]
[-0.5951584839314124, 0.038980143031830644]
[-0.5951584839314124, 0.038980143031830644]
[-0.5951584839314124, 0.038980143031830644]
[-0.5913227423456383, 0.038753459154108466]
[-0.5913227423456383, 0.038753459154108466]
[-0.5913227423456383, 0.038753459154108466]
[-0.5913227423456383, 0.038753459154108466]
[-0.5913227423456383, 0.038753459154108466]
[-0.5913227423456383, 0.038753459154108466]
[-0.5913227423456383, 0.038753459154108466]
[-0.5913227423456383, 0.038753459154108466]
[-0.5877791225289427, 0.0385250160997461]
[-0.5877791225289427, 0.0385250160997461]
[-0.5877791225289427, 0.0385250160997461]
[-0.5877791225289427, 0.0385250160997461]
[-0.5877791225289427, 0.0385250160997461]
[-0.5877791225289427, 0.0385250160997461]
[-0.5877791225289427, 0.0385250160997461]
[-0.5877791225289427, 0.0385250160997461]
[-0.5837776844557988, 0.03806405434724718]
[-0.5837776844557988, 0.03806405434724718]
[-0.5837776844557988, 0.03806405434724718]
[-0.5837776844557988, 0.03806405434724718]
[-0.5837776844557988, 0.03806405434724718]
[-0.5837776844557988, 0.03806405434724718]
[-0.5837776844557988, 0.03806405434724718]
[-0.5837776844557988, 0.03806405434724718]
[-0.5798089037069656, 0.03770706935590984]
[-0.5798089037069656, 0.03770706935590984]
[-0.5798089037069656, 0.03770706935590984]
[-0.5798089037069656, 0.03770706935590984]
[-0.5798089037069656, 0.03770706935590984]
[-0.5798089037069656, 0.03770706935590984]
[-0.5798089037069656, 0.03770706935590984]
[-0.5798089037069656, 0.03770706935590984]
[-0.5759320840737862, 0.037475134038471664]
[-0.5759320840737862, 0.037475134038471664]
[-0.5759320840737862, 0.037475134038471664]
[-0.5759320840737862, 0.037475134038471664]
[-0.5759320840737862, 0.037475134038471664]
[-0.5759320840737862, 0.037475134038471664]
[-0.5759320840737862, 0.037475134038471664]
[-0.5759320840737862, 0.037475134038471664]
[-0.5719789222335708, 0.03717942814858388]
[-0.5719789222335708, 0.03717942814858388]
[-0.5719789222335708, 0.03717942814858388]
[-0.5719789222335708, 0.03717942814858388]
[-0.5719789222335708, 0.03717942814858388]
[-0.5719789222335708, 0.03717942814858388]
[-0.5719789222335708, 0.03717942814858388]
[-0.5719789222335708, 0.03717942814858388]
[-0.5688952612309105, 0.037691207848995906]
[-0.5688952612309105, 0.037691207848995906]
[-0.5688952612309105, 0.037691207848995906]
[-0.5688952612309105, 0.037691207848995906]
[-0.5688952612309105, 0.037691207848995906]
[-0.5688952612309105, 0.037691207848995906]
[-0.5688952612309105, 0.037691207848995906]
[-0.5688952612309105, 0.037691207848995906]
[-0.5651096428270063, 0.038023855636773914]
[-0.5651096428270063, 0.038023855636773914]
[-0.5651096428270063, 0.038023855636773914]
[-0.5651096428270063, 0.038023855636773914]
[-0.5651096428270063, 0.038023855636773914]
[-0.5651096428270063, 0.038023855636773914]
[-0.5651096428270063, 0.038023855636773914]
[-0.5651096428270063, 0.038023855636773914]
[-0.5622641677132756, 0.0381708806926492]
[-0.5622641677132756, 0.0381708806926492]
[-0.5622641677132756, 0.0381708806926492]
[-0.5622641677132756, 0.0381708806926492]
[-0.5622641677132756, 0.0381708806926492]
[-0.5622641677132756, 0.0381708806926492]
[-0.5622641677132756, 0.0381708806926492]
[-0.5622641677132756, 0.0381708806926492]
[-0.5585540255909928, 0.03793407534539491]
[-0.5585540255909928, 0.03793407534539491]
[-0.5585540255909928, 0.03793407534539491]
[-0.5585540255909928, 0.03793407534539491]
[-0.5585540255909928, 0.03793407534539491]
[-0.5585540255909928, 0.03793407534539491]
[-0.5585540255909928, 0.03793407534539491]
[-0.5585540255909928, 0.03793407534539491]
[-0.5544029306301201, 0.03743896182080701]
[-0.5544029306301201, 0.03743896182080701]
[-0.5544029306301201, 0.03743896182080701]
[-0.5544029306301201, 0.03743896182080701]
[-0.5544029306301201, 0.03743896182080701]
[-0.5544029306301201, 0.03743896182080701]
[-0.5544029306301201, 0.03743896182080701]
[-0.5544029306301201, 0.03743896182080701]
[-0.5507089548557618, 0.037258860634527345]
[-0.5507089548557618, 0.037258860634527345]
[-0.5507089548557618, 0.037258860634527345]
[-0.5507089548557618, 0.037258860634527345]
[-0.5507089548557618, 0.037258860634527345]
[-0.5507089548557618, 0.037258860634527345]
[-0.5507089548557618, 0.037258860634527345]
[-0.5507089548557618, 0.037258860634527345]
[-0.5464570788875213, 0.036664969005710896]
[-0.5464570788875213, 0.036664969005710896]
[-0.5464570788875213, 0.036664969005710896]
[-0.5464570788875213, 0.036664969005710896]
[-0.5464570788875213, 0.036664969005710896]
[-0.5464570788875213, 0.036664969005710896]
[-0.5464570788875213, 0.036664969005710896]
[-0.5464570788875213, 0.036664969005710896]
[-0.5420438105796338, 0.03598879898096701]
[-0.5420438105796338, 0.03598879898096701]
[-0.5420438105796338, 0.03598879898096701]
[-0.5420438105796338, 0.03598879898096701]
[-0.5420438105796338, 0.03598879898096701]
[-0.5420438105796338, 0.03598879898096701]
[-0.5420438105796338, 0.03598879898096701]
[-0.5420438105796338, 0.03598879898096701]
[-0.5377889864715013, 0.03526993319671084]
[-0.5377889864715013, 0.03526993319671084]
[-0.5377889864715013, 0.03526993319671084]
[-0.5377889864715013, 0.03526993319671084]
[-0.5377889864715013, 0.03526993319671084]
[-0.5377889864715013, 0.03526993319671084]
[-0.5377889864715013, 0.03526993319671084]
[-0.5377889864715013, 0.03526993319671084]
[-0.5336602265574956, 0.03456457941685598]
[-0.5336602265574956, 0.03456457941685598]
[-0.5336602265574956, 0.03456457941685598]
[-0.5336602265574956, 0.03456457941685598]
[-0.5336602265574956, 0.03456457941685598]
[-0.5336602265574956, 0.03456457941685598]
[-0.5336602265574956, 0.03456457941685598]
[-0.5336602265574956, 0.03456457941685598]
[-0.5293653548780878, 0.03378476320445176]
[-0.5293653548780878, 0.03378476320445176]
[-0.5293653548780878, 0.03378476320445176]
[-0.5293653548780878, 0.03378476320445176]
[-0.5293653548780878, 0.03378476320445176]
[-0.5293653548780878, 0.03378476320445176]
[-0.5293653548780878, 0.03378476320445176]
[-0.5293653548780878, 0.03378476320445176]
[-0.5255915287755903, 0.033076362836863556]
[-0.5255915287755903, 0.033076362836863556]
[-0.5255915287755903, 0.033076362836863556]
[-0.5255915287755903, 0.033076362836863556]
[-0.5255915287755903, 0.033076362836863556]
[-0.5255915287755903, 0.033076362836863556]
[-0.5255915287755903, 0.033076362836863556]
[-0.5255915287755903, 0.033076362836863556]
[-0.5220652044647981, 0.03237062420611425]
[-0.5220652044647981, 0.03237062420611425]
[-0.5220652044647981, 0.03237062420611425]
[-0.5220652044647981, 0.03237062420611425]
[-0.5220652044647981, 0.03237062420611425]
[-0.5220652044647981, 0.03237062420611425]
[-0.5220652044647981, 0.03237062420611425]
[-0.5220652044647981, 0.03237062420611425]
[-0.5190980094071671, 0.03176971157740932]
[-0.5190980094071671, 0.03176971157740932]
[-0.5190980094071671, 0.03176971157740932]
[-0.5190980094071671, 0.03176971157740932]
[-0.5190980094071671, 0.03176971157740932]
[-0.5190980094071671, 0.03176971157740932]
[-0.5190980094071671, 0.03176971157740932]
[-0.5190980094071671, 0.03176971157740932]
[-0.5154694002388273, 0.031096316903792654]
[-0.5154694002388273, 0.031096316903792654]
[-0.5154694002388273, 0.031096316903792654]
[-0.5154694002388273, 0.031096316903792654]
[-0.5154694002388273, 0.031096316903792654]
[-0.5154694002388273, 0.031096316903792654]
[-0.5154694002388273, 0.031096316903792654]
[-0.5154694002388273, 0.031096316903792654]
[-0.5118580551938612, 0.030403300266921885]
[-0.5118580551938612, 0.030403300266921885]
[-0.5118580551938612, 0.030403300266921885]
[-0.5118580551938612, 0.030403300266921885]
[-0.5118580551938612, 0.030403300266921885]
[-0.5118580551938612, 0.030403300266921885]
[-0.5118580551938612, 0.030403300266921885]
[-0.5118580551938612, 0.030403300266921885]
[-0.5082049346718087, 0.029696209079642072]
[-0.5082049346718087, 0.029696209079642072]
[-0.5082049346718087, 0.029696209079642072]
[-0.5082049346718087, 0.029696209079642072]
[-0.5082049346718087, 0.029696209079642072]
[-0.5082049346718087, 0.029696209079642072]
[-0.5082049346718087, 0.029696209079642072]
[-0.5082049346718087, 0.029696209079642072]
[-0.5045690513107819, 0.029125317831179852]
[-0.5045690513107819, 0.029125317831179852]
[-0.5045690513107819, 0.029125317831179852]
[-0.5045690513107819, 0.029125317831179852]
[-0.5045690513107819, 0.029125317831179852]
[-0.5045690513107819, 0.029125317831179852]
[-0.5045690513107819, 0.029125317831179852]
[-0.5045690513107819, 0.029125317831179852]
[-0.5002688278277626, 0.028443179092946854]
[-0.5002688278277626, 0.028443179092946854]
[-0.5002688278277626, 0.028443179092946854]
[-0.5002688278277626, 0.028443179092946854]
[-0.5002688278277626, 0.028443179092946854]
[-0.5002688278277626, 0.028443179092946854]
[-0.5002688278277626, 0.028443179092946854]
[-0.5002688278277626, 0.028443179092946854]
[-0.4961805704622549, 0.027867135654656434]
[-0.4961805704622549, 0.027867135654656434]
[-0.4961805704622549, 0.027867135654656434]
[-0.4961805704622549, 0.027867135654656434]
[-0.4961805704622549, 0.027867135654656434]
[-0.4961805704622549, 0.027867135654656434]
[-0.4961805704622549, 0.027867135654656434]
[-0.4961805704622549, 0.027867135654656434]
[-0.49246083628886844, 0.027366217067943153]
[-0.49246083628886844, 0.027366217067943153]
[-0.49246083628886844, 0.027366217067943153]
[-0.49246083628886844, 0.027366217067943153]
[-0.49246083628886844, 0.027366217067943153]
[-0.49246083628886844, 0.027366217067943153]
[-0.49246083628886844, 0.027366217067943153]
[-0.49246083628886844, 0.027366217067943153]
[-0.4885171999745519, 0.026836033013215663]
[-0.4885171999745519, 0.026836033013215663]
[-0.4885171999745519, 0.026836033013215663]
[-0.4885171999745519, 0.026836033013215663]
[-0.4885171999745519, 0.026836033013215663]
[-0.4885171999745519, 0.026836033013215663]
[-0.4885171999745519, 0.026836033013215663]
[-0.4885171999745519, 0.026836033013215663]
[-0.4853407885875911, 0.02642866405101379]
[-0.4853407885875911, 0.02642866405101379]
[-0.4853407885875911, 0.02642866405101379]
[-0.4853407885875911, 0.02642866405101379]
[-0.4853407885875911, 0.02642866405101379]
[-0.4853407885875911, 0.02642866405101379]
[-0.4853407885875911, 0.02642866405101379]
[-0.4853407885875911, 0.02642866405101379]
[-0.48225085085379643, 0.026081962501088227]
[-0.48225085085379643, 0.026081962501088227]
[-0.48225085085379643, 0.026081962501088227]
[-0.48225085085379643, 0.026081962501088227]
[-0.48225085085379643, 0.026081962501088227]
[-0.48225085085379643, 0.026081962501088227]
[-0.48225085085379643, 0.026081962501088227]
[-0.48225085085379643, 0.026081962501088227]
[-0.4785203358911438, 0.025705425147516513]
[-0.4785203358911438, 0.025705425147516513]
[-0.4785203358911438, 0.025705425147516513]
[-0.4785203358911438, 0.025705425147516513]
[-0.4785203358911438, 0.025705425147516513]
[-0.4785203358911438, 0.025705425147516513]
[-0.4785203358911438, 0.025705425147516513]
[-0.4785203358911438, 0.025705425147516513]
[-0.47500847862174783, 0.025337501057011068]
[-0.47500847862174783, 0.025337501057011068]
[-0.47500847862174783, 0.025337501057011068]
[-0.47500847862174783, 0.025337501057011068]
[-0.47500847862174783, 0.025337501057011068]
[-0.47500847862174783, 0.025337501057011068]
[-0.47500847862174783, 0.025337501057011068]
[-0.47500847862174783, 0.025337501057011068]
[-0.47191212369412633, 0.025018631292120477]
[-0.47191212369412633, 0.025018631292120477]
[-0.47191212369412633, 0.025018631292120477]
[-0.47191212369412633, 0.025018631292120477]
[-0.47191212369412633, 0.025018631292120477]
[-0.47191212369412633, 0.025018631292120477]
[-0.47191212369412633, 0.025018631292120477]
[-0.47191212369412633, 0.025018631292120477]
[-0.4684871228501906, 0.0247347540096473]
[-0.4684871228501906, 0.0247347540096473]
[-0.4684871228501906, 0.0247347540096473]
[-0.4684871228501906, 0.0247347540096473]
[-0.4684871228501906, 0.0247347540096473]
[-0.4684871228501906, 0.0247347540096473]
[-0.4684871228501906, 0.0247347540096473]
[-0.4684871228501906, 0.0247347540096473]
[-0.46560764104323465, 0.024483109306282516]
[-0.46560764104323465, 0.024483109306282516]
[-0.46560764104323465, 0.024483109306282516]
[-0.46560764104323465, 0.024483109306282516]
[-0.46560764104323465, 0.024483109306282516]
[-0.46560764104323465, 0.024483109306282516]
[-0.46560764104323465, 0.024483109306282516]
[-0.46560764104323465, 0.024483109306282516]
[-0.4616833608098257, 0.02419358455789447]
[-0.4616833608098257, 0.02419358455789447]
[-0.4616833608098257, 0.02419358455789447]
[-0.4616833608098257, 0.02419358455789447]
[-0.4616833608098257, 0.02419358455789447]
[-0.4616833608098257, 0.02419358455789447]
[-0.4616833608098257, 0.02419358455789447]
[-0.4616833608098257, 0.02419358455789447]
[-0.45821824787219695, 0.023945787177712074]
[-0.45821824787219695, 0.023945787177712074]
[-0.45821824787219695, 0.023945787177712074]
[-0.45821824787219695, 0.023945787177712074]
[-0.45821824787219695, 0.023945787177712074]
[-0.45821824787219695, 0.023945787177712074]
[-0.45821824787219695, 0.023945787177712074]
[-0.45821824787219695, 0.023945787177712074]
[-0.4547153620252314, 0.023633172845563058]
[-0.4547153620252314, 0.023633172845563058]
[-0.4547153620252314, 0.023633172845563058]
[-0.4547153620252314, 0.023633172845563058]
[-0.4547153620252314, 0.023633172845563058]
[-0.4547153620252314, 0.023633172845563058]
[-0.4547153620252314, 0.023633172845563058]
[-0.4547153620252314, 0.023633172845563058]
[-0.4518127303542937, 0.023361543748916042]
[-0.4518127303542937, 0.023361543748916042]
[-0.4518127303542937, 0.023361543748916042]
[-0.4518127303542937, 0.023361543748916042]
[-0.4518127303542937, 0.023361543748916042]
[-0.4518127303542937, 0.023361543748916042]
[-0.4518127303542937, 0.023361543748916042]
[-0.4518127303542937, 0.023361543748916042]
[-0.44831093074586964, 0.02308009504019995]
[-0.44831093074586964, 0.02308009504019995]
[-0.44831093074586964, 0.02308009504019995]
[-0.44831093074586964, 0.02308009504019995]
[-0.44831093074586964, 0.02308009504019995]
[-0.44831093074586964, 0.02308009504019995]
[-0.44831093074586964, 0.02308009504019995]
[-0.44831093074586964, 0.02308009504019995]
[-0.4453742793483039, 0.022843125155045912]
[-0.4453742793483039, 0.022843125155045912]
[-0.4453742793483039, 0.022843125155045912]
[-0.4453742793483039, 0.022843125155045912]
[-0.4453742793483039, 0.022843125155045912]
[-0.4453742793483039, 0.022843125155045912]
[-0.4453742793483039, 0.022843125155045912]
[-0.4453742793483039, 0.022843125155045912]
[-0.441895773880486, 0.02259032243309547]
[-0.441895773880486, 0.02259032243309547]
[-0.441895773880486, 0.02259032243309547]
[-0.441895773880486, 0.02259032243309547]
[-0.441895773880486, 0.02259032243309547]
[-0.441895773880486, 0.02259032243309547]
[-0.441895773880486, 0.02259032243309547]
[-0.441895773880486, 0.02259032243309547]
[-0.4383439487919326, 0.022297462138765822]
[-0.4383439487919326, 0.022297462138765822]
[-0.4383439487919326, 0.022297462138765822]
[-0.4383439487919326, 0.022297462138765822]
[-0.4383439487919326, 0.022297462138765822]
[-0.4383439487919326, 0.022297462138765822]
[-0.4383439487919326, 0.022297462138765822]
[-0.4383439487919326, 0.022297462138765822]
[-0.4349978136197077, 0.02200915975101522]
[-0.4349978136197077, 0.02200915975101522]
[-0.4349978136197077, 0.02200915975101522]
[-0.4349978136197077, 0.02200915975101522]
[-0.4349978136197077, 0.02200915975101522]
[-0.4349978136197077, 0.02200915975101522]
[-0.4349978136197077, 0.02200915975101522]
[-0.4349978136197077, 0.02200915975101522]
[-0.43113444290072284, 0.021659373571468778]
[-0.43113444290072284, 0.021659373571468778]
[-0.43113444290072284, 0.021659373571468778]
[-0.43113444290072284, 0.021659373571468778]
[-0.43113444290072284, 0.021659373571468778]
[-0.43113444290072284, 0.021659373571468778]
[-0.43113444290072284, 0.021659373571468778]
[-0.43113444290072284, 0.021659373571468778]
[-0.42746434163977776, 0.02136592762977555]
[-0.42746434163977776, 0.02136592762977555]
[-0.42746434163977776, 0.02136592762977555]
[-0.42746434163977776, 0.02136592762977555]
[-0.42746434163977776, 0.02136592762977555]
[-0.42746434163977776, 0.02136592762977555]
[-0.42746434163977776, 0.02136592762977555]
[-0.42746434163977776, 0.02136592762977555]
[-0.42417436813350856, 0.021109702517572555]
[-0.42417436813350856, 0.021109702517572555]
[-0.42417436813350856, 0.021109702517572555]
[-0.42417436813350856, 0.021109702517572555]
[-0.42417436813350856, 0.021109702517572555]
[-0.42417436813350856, 0.021109702517572555]
[-0.42417436813350856, 0.021109702517572555]
[-0.42417436813350856, 0.021109702517572555]
[-0.42144111166446313, 0.020885448607366172]
[-0.42144111166446313, 0.020885448607366172]
[-0.42144111166446313, 0.020885448607366172]
[-0.42144111166446313, 0.020885448607366172]
[-0.42144111166446313, 0.020885448607366172]
[-0.42144111166446313, 0.020885448607366172]
[-0.42144111166446313, 0.020885448607366172]
[-0.42144111166446313, 0.020885448607366172]
[-0.41792779672290903, 0.02062242659953997]
[-0.41792779672290903, 0.02062242659953997]
[-0.41792779672290903, 0.02062242659953997]
[-0.41792779672290903, 0.02062242659953997]
[-0.41792779672290903, 0.02062242659953997]
[-0.41792779672290903, 0.02062242659953997]
[-0.41792779672290903, 0.02062242659953997]
[-0.41792779672290903, 0.02062242659953997]
[-0.4148386397452548, 0.02036936235678058]
[-0.4148386397452548, 0.02036936235678058]
[-0.4148386397452548, 0.02036936235678058]
[-0.4148386397452548, 0.02036936235678058]
[-0.4148386397452548, 0.02036936235678058]
[-0.4148386397452548, 0.02036936235678058]
[-0.4148386397452548, 0.02036936235678058]
[-0.4148386397452548, 0.02036936235678058]
[-0.411529362960491, 0.02003754304222918]
[-0.411529362960491, 0.02003754304222918]
[-0.411529362960491, 0.02003754304222918]
[-0.411529362960491, 0.02003754304222918]
[-0.411529362960491, 0.02003754304222918]
[-0.411529362960491, 0.02003754304222918]
[-0.411529362960491, 0.02003754304222918]
[-0.411529362960491, 0.02003754304222918]
[-0.4084202576351406, 0.01971845603766549]
[-0.4084202576351406, 0.01971845603766549]
[-0.4084202576351406, 0.01971845603766549]
[-0.4084202576351406, 0.01971845603766549]
[-0.4084202576351406, 0.01971845603766549]
[-0.4084202576351406, 0.01971845603766549]
[-0.4084202576351406, 0.01971845603766549]
[-0.4084202576351406, 0.01971845603766549]
[-0.404679551848514, 0.019445633152212642]
[-0.404679551848514, 0.019445633152212642]
[-0.404679551848514, 0.019445633152212642]
[-0.404679551848514, 0.019445633152212642]
[-0.404679551848514, 0.019445633152212642]
[-0.404679551848514, 0.019445633152212642]
[-0.404679551848514, 0.019445633152212642]
[-0.404679551848514, 0.019445633152212642]
[-0.40112134918328185, 0.01921973738062833]
[-0.40112134918328185, 0.01921973738062833]
[-0.40112134918328185, 0.01921973738062833]
[-0.40112134918328185, 0.01921973738062833]
[-0.40112134918328185, 0.01921973738062833]
[-0.40112134918328185, 0.01921973738062833]
[-0.40112134918328185, 0.01921973738062833]
[-0.40112134918328185, 0.01921973738062833]
[-0.3975538284920128, 0.01897175145888595]
[-0.3975538284920128, 0.01897175145888595]
[-0.3975538284920128, 0.01897175145888595]
[-0.3975538284920128, 0.01897175145888595]
[-0.3975538284920128, 0.01897175145888595]
[-0.3975538284920128, 0.01897175145888595]
[-0.3975538284920128, 0.01897175145888595]
[-0.3975538284920128, 0.01897175145888595]
[-0.3939169569087071, 0.018719048220048974]
[-0.3939169569087071, 0.018719048220048974]
[-0.3939169569087071, 0.018719048220048974]
[-0.3939169569087071, 0.018719048220048974]
[-0.3939169569087071, 0.018719048220048974]
[-0.3939169569087071, 0.018719048220048974]
[-0.3939169569087071, 0.018719048220048974]
[-0.3939169569087071, 0.018719048220048974]
[-0.39057933895171204, 0.018479318339759125]
[-0.39057933895171204, 0.018479318339759125]
[-0.39057933895171204, 0.018479318339759125]
[-0.39057933895171204, 0.018479318339759125]
[-0.39057933895171204, 0.018479318339759125]
[-0.39057933895171204, 0.018479318339759125]
[-0.39057933895171204, 0.018479318339759125]
[-0.39057933895171204, 0.018479318339759125]
[-0.3873481459123417, 0.018199586062478176]
[-0.3873481459123417, 0.018199586062478176]
[-0.3873481459123417, 0.018199586062478176]
[-0.3873481459123417, 0.018199586062478176]
[-0.3873481459123417, 0.018199586062478176]
[-0.3873481459123417, 0.018199586062478176]
[-0.3873481459123417, 0.018199586062478176]
[-0.3873481459123417, 0.018199586062478176]
[-0.3844451409697703, 0.017935484206940015]
[-0.3844451409697703, 0.017935484206940015]
[-0.3844451409697703, 0.017935484206940015]
[-0.3844451409697703, 0.017935484206940015]
[-0.3844451409697703, 0.017935484206940015]
[-0.3844451409697703, 0.017935484206940015]
[-0.3844451409697703, 0.017935484206940015]
[-0.3844451409697703, 0.017935484206940015]
[-0.3814013791411472, 0.017715987968722688]
[-0.3814013791411472, 0.017715987968722688]
[-0.3814013791411472, 0.017715987968722688]
[-0.3814013791411472, 0.017715987968722688]
[-0.3814013791411472, 0.017715987968722688]
[-0.3814013791411472, 0.017715987968722688]
[-0.3814013791411472, 0.017715987968722688]
[-0.3814013791411472, 0.017715987968722688]
[-0.3778752534478556, 0.0175130878459682]
[-0.3778752534478556, 0.0175130878459682]
[-0.3778752534478556, 0.0175130878459682]
[-0.3778752534478556, 0.0175130878459682]
[-0.3778752534478556, 0.0175130878459682]
[-0.3778752534478556, 0.0175130878459682]
[-0.3778752534478556, 0.0175130878459682]
[-0.3778752534478556, 0.0175130878459682]
[-0.3742447765097641, 0.01729318938982729]
[-0.3742447765097641, 0.01729318938982729]
[-0.3742447765097641, 0.01729318938982729]
[-0.3742447765097641, 0.01729318938982729]
[-0.3742447765097641, 0.01729318938982729]
[-0.3742447765097641, 0.01729318938982729]
[-0.3742447765097641, 0.01729318938982729]
[-0.3742447765097641, 0.01729318938982729]
[-0.370710573290646, 0.017081621069153244]
[-0.370710573290646, 0.017081621069153244]
[-0.370710573290646, 0.017081621069153244]
[-0.370710573290646, 0.017081621069153244]
[-0.370710573290646, 0.017081621069153244]
[-0.370710573290646, 0.017081621069153244]
[-0.370710573290646, 0.017081621069153244]
[-0.370710573290646, 0.017081621069153244]
[-0.36731449243623615, 0.016867416255905487]
[-0.36731449243623615, 0.016867416255905487]
[-0.36731449243623615, 0.016867416255905487]
[-0.36731449243623615, 0.016867416255905487]
[-0.36731449243623615, 0.016867416255905487]
[-0.36731449243623615, 0.016867416255905487]
[-0.36731449243623615, 0.016867416255905487]
[-0.36731449243623615, 0.016867416255905487]
[-0.3640191825051481, 0.016635882693524413]
[-0.3640191825051481, 0.016635882693524413]
[-0.3640191825051481, 0.016635882693524413]
[-0.3640191825051481, 0.016635882693524413]
[-0.3640191825051481, 0.016635882693524413]
[-0.3640191825051481, 0.016635882693524413]
[-0.3640191825051481, 0.016635882693524413]
[-0.3640191825051481, 0.016635882693524413]
[-0.36041269377525476, 0.016342560672516732]
[-0.36041269377525476, 0.016342560672516732]
[-0.36041269377525476, 0.016342560672516732]
[-0.36041269377525476, 0.016342560672516732]
[-0.36041269377525476, 0.016342560672516732]
[-0.36041269377525476, 0.016342560672516732]
[-0.36041269377525476, 0.016342560672516732]
[-0.36041269377525476, 0.016342560672516732]
[-0.356736401443419, 0.016027937571096804]
[-0.356736401443419, 0.016027937571096804]
[-0.356736401443419, 0.016027937571096804]
[-0.356736401443419, 0.016027937571096804]
[-0.356736401443419, 0.016027937571096804]
[-0.356736401443419, 0.016027937571096804]
[-0.356736401443419, 0.016027937571096804]
[-0.356736401443419, 0.016027937571096804]
[-0.3533676204927231, 0.015748517442078336]
[-0.3533676204927231, 0.015748517442078336]
[-0.3533676204927231, 0.015748517442078336]
[-0.3533676204927231, 0.015748517442078336]
[-0.3533676204927231, 0.015748517442078336]
[-0.3533676204927231, 0.015748517442078336]
[-0.3533676204927231, 0.015748517442078336]
[-0.3533676204927231, 0.015748517442078336]
[-0.3505546810959818, 0.015528847241755434]
[-0.3505546810959818, 0.015528847241755434]
[-0.3505546810959818, 0.015528847241755434]
[-0.3505546810959818, 0.015528847241755434]
[-0.3505546810959818, 0.015528847241755434]
[-0.3505546810959818, 0.015528847241755434]
[-0.3505546810959818, 0.015528847241755434]
[-0.3505546810959818, 0.015528847241755434]
[-0.3471723618054422, 0.015312389230066508]
[-0.3471723618054422, 0.015312389230066508]
[-0.3471723618054422, 0.015312389230066508]
[-0.3471723618054422, 0.015312389230066508]
[-0.3471723618054422, 0.015312389230066508]
[-0.3471723618054422, 0.015312389230066508]
[-0.3471723618054422, 0.015312389230066508]
[-0.3471723618054422, 0.015312389230066508]
[-0.34401879886186576, 0.015113723554396613]
[-0.34401879886186576, 0.015113723554396613]
[-0.34401879886186576, 0.015113723554396613]
[-0.34401879886186576, 0.015113723554396613]
[-0.34401879886186576, 0.015113723554396613]
[-0.34401879886186576, 0.015113723554396613]
[-0.34401879886186576, 0.015113723554396613]
[-0.34401879886186576, 0.015113723554396613]
[-0.34073044856866586, 0.014969886229442115]
[-0.34073044856866586, 0.014969886229442115]
[-0.34073044856866586, 0.014969886229442115]
[-0.34073044856866586, 0.014969886229442115]
[-0.34073044856866586, 0.014969886229442115]
[-0.34073044856866586, 0.014969886229442115]
[-0.34073044856866586, 0.014969886229442115]
[-0.34073044856866586, 0.014969886229442115]
[-0.33733242273439995, 0.014739779021696821]
[-0.33733242273439995, 0.014739779021696821]
[-0.33733242273439995, 0.014739779021696821]
[-0.33733242273439995, 0.014739779021696821]
[-0.33733242273439995, 0.014739779021696821]
[-0.33733242273439995, 0.014739779021696821]
[-0.33733242273439995, 0.014739779021696821]
[-0.33733242273439995, 0.014739779021696821]
[-0.3337155308406944, 0.014461195600433966]
[-0.3337155308406944, 0.014461195600433966]
[-0.3337155308406944, 0.014461195600433966]
[-0.3337155308406944, 0.014461195600433966]
[-0.3337155308406944, 0.014461195600433966]
[-0.3337155308406944, 0.014461195600433966]
[-0.3337155308406944, 0.014461195600433966]
[-0.3337155308406944, 0.014461195600433966]
[-0.33044871496393696, 0.014195365929600861]
[-0.33044871496393696, 0.014195365929600861]
[-0.33044871496393696, 0.014195365929600861]
[-0.33044871496393696, 0.014195365929600861]
[-0.33044871496393696, 0.014195365929600861]
[-0.33044871496393696, 0.014195365929600861]
[-0.33044871496393696, 0.014195365929600861]
[-0.33044871496393696, 0.014195365929600861]
[-0.3275167689279705, 0.013955895337066586]
[-0.3275167689279705, 0.013955895337066586]
[-0.3275167689279705, 0.013955895337066586]
[-0.3275167689279705, 0.013955895337066586]
[-0.3275167689279705, 0.013955895337066586]
[-0.3275167689279705, 0.013955895337066586]
[-0.3275167689279705, 0.013955895337066586]
[-0.3275167689279705, 0.013955895337066586]
[-0.32421998160337623, 0.013690768668418498]
[-0.32421998160337623, 0.013690768668418498]
[-0.32421998160337623, 0.013690768668418498]
[-0.32421998160337623, 0.013690768668418498]
[-0.32421998160337623, 0.013690768668418498]
[-0.32421998160337623, 0.013690768668418498]
[-0.32421998160337623, 0.013690768668418498]
[-0.32421998160337623, 0.013690768668418498]
[-0.32018108281146485, 0.013322983331060625]
[-0.32018108281146485, 0.013322983331060625]
[-0.32018108281146485, 0.013322983331060625]
[-0.32018108281146485, 0.013322983331060625]
[-0.32018108281146485, 0.013322983331060625]
[-0.32018108281146485, 0.013322983331060625]
[-0.32018108281146485, 0.013322983331060625]
[-0.32018108281146485, 0.013322983331060625]
[-0.3173131658663997, 0.013095777211306609]
[-0.3173131658663997, 0.013095777211306609]
[-0.3173131658663997, 0.013095777211306609]
[-0.3173131658663997, 0.013095777211306609]
[-0.3173131658663997, 0.013095777211306609]
[-0.3173131658663997, 0.013095777211306609]
[-0.3173131658663997, 0.013095777211306609]
[-0.3173131658663997, 0.013095777211306609]
[-0.31376931408350756, 0.01285251084478528]
[-0.31376931408350756, 0.01285251084478528]
[-0.31376931408350756, 0.01285251084478528]
[-0.31376931408350756, 0.01285251084478528]
[-0.31376931408350756, 0.01285251084478528]
[-0.31376931408350756, 0.01285251084478528]
[-0.31376931408350756, 0.01285251084478528]
[-0.31376931408350756, 0.01285251084478528]
[-0.31030949110575523, 0.012558178455781303]
[-0.31030949110575523, 0.012558178455781303]
[-0.31030949110575523, 0.012558178455781303]
[-0.31030949110575523, 0.012558178455781303]
[-0.31030949110575523, 0.012558178455781303]
[-0.31030949110575523, 0.012558178455781303]
[-0.31030949110575523, 0.012558178455781303]
[-0.31030949110575523, 0.012558178455781303]
[-0.3064493290023472, 0.012179940492793946]
[-0.3064493290023472, 0.012179940492793946]
[-0.3064493290023472, 0.012179940492793946]
[-0.3064493290023472, 0.012179940492793946]
[-0.3064493290023472, 0.012179940492793946]
[-0.3064493290023472, 0.012179940492793946]
[-0.3064493290023472, 0.012179940492793946]
[-0.3064493290023472, 0.012179940492793946]
[-0.30277428785266697, 0.011826491507095013]
[-0.30277428785266697, 0.011826491507095013]
[-0.30277428785266697, 0.011826491507095013]
[-0.30277428785266697, 0.011826491507095013]
[-0.30277428785266697, 0.011826491507095013]
[-0.30277428785266697, 0.011826491507095013]
[-0.30277428785266697, 0.011826491507095013]
[-0.30277428785266697, 0.011826491507095013]
[-0.29907827884573795, 0.011450008316286531]
[-0.29907827884573795, 0.011450008316286531]
[-0.29907827884573795, 0.011450008316286531]
[-0.29907827884573795, 0.011450008316286531]
[-0.29907827884573795, 0.011450008316286531]
[-0.29907827884573795, 0.011450008316286531]
[-0.29907827884573795, 0.011450008316286531]
[-0.29907827884573795, 0.011450008316286531]
[-0.29523010935848154, 0.011061609460515274]
[-0.29523010935848154, 0.011061609460515274]
[-0.29523010935848154, 0.011061609460515274]
[-0.29523010935848154, 0.011061609460515274]
[-0.29523010935848154, 0.011061609460515274]
[-0.29523010935848154, 0.011061609460515274]
[-0.29523010935848154, 0.011061609460515274]
[-0.29523010935848154, 0.011061609460515274]
[-0.29158089489608924, 0.0106858978940569]
[-0.29158089489608924, 0.0106858978940569]
[-0.29158089489608924, 0.0106858978940569]
[-0.29158089489608924, 0.0106858978940569]
[-0.29158089489608924, 0.0106858978940569]
[-0.29158089489608924, 0.0106858978940569]
[-0.29158089489608924, 0.0106858978940569]
[-0.29158089489608924, 0.0106858978940569]
[-0.2881924567001689, 0.010301122919969426]
[-0.2881924567001689, 0.010301122919969426]
[-0.2881924567001689, 0.010301122919969426]
[-0.2881924567001689, 0.010301122919969426]
[-0.2881924567001689, 0.010301122919969426]
[-0.2881924567001689, 0.010301122919969426]
[-0.2881924567001689, 0.010301122919969426]
[-0.2881924567001689, 0.010301122919969426]
[-0.28524545441933763, 0.009954936374370777]
[-0.28524545441933763, 0.009954936374370777]
[-0.28524545441933763, 0.009954936374370777]
[-0.28524545441933763, 0.009954936374370777]
[-0.28524545441933763, 0.009954936374370777]
[-0.28524545441933763, 0.009954936374370777]
[-0.28524545441933763, 0.009954936374370777]
[-0.28524545441933763, 0.009954936374370777]
[-0.2816981132247684, 0.00959864808989549]
[-0.2816981132247684, 0.00959864808989549]
[-0.2816981132247684, 0.00959864808989549]
[-0.2816981132247684, 0.00959864808989549]
[-0.2816981132247684, 0.00959864808989549]
[-0.2816981132247684, 0.00959864808989549]
[-0.2816981132247684, 0.00959864808989549]
[-0.2816981132247684, 0.00959864808989549]
[-0.27797728232920754, 0.00921195787058621]
[-0.27797728232920754, 0.00921195787058621]
[-0.27797728232920754, 0.00921195787058621]
[-0.27797728232920754, 0.00921195787058621]
[-0.27797728232920754, 0.00921195787058621]
[-0.27797728232920754, 0.00921195787058621]
[-0.27797728232920754, 0.00921195787058621]
[-0.27797728232920754, 0.00921195787058621]
[-0.2740577378953095, 0.008817677852059953]
[-0.2740577378953095, 0.008817677852059953]
[-0.2740577378953095, 0.008817677852059953]
[-0.2740577378953095, 0.008817677852059953]
[-0.2740577378953095, 0.008817677852059953]
[-0.2740577378953095, 0.008817677852059953]
[-0.2740577378953095, 0.008817677852059953]
[-0.2740577378953095, 0.008817677852059953]
[-0.2700236048633751, 0.008454311348926612]
[-0.2700236048633751, 0.008454311348926612]
[-0.2700236048633751, 0.008454311348926612]
[-0.2700236048633751, 0.008454311348926612]
[-0.2700236048633751, 0.008454311348926612]
[-0.2700236048633751, 0.008454311348926612]
[-0.2700236048633751, 0.008454311348926612]
[-0.2700236048633751, 0.008454311348926612]
[-0.2664710303836651, 0.00816951348820095]
[-0.2664710303836651, 0.00816951348820095]
[-0.2664710303836651, 0.00816951348820095]
[-0.2664710303836651, 0.00816951348820095]
[-0.2664710303836651, 0.00816951348820095]
[-0.2664710303836651, 0.00816951348820095]
[-0.2664710303836651, 0.00816951348820095]
[-0.2664710303836651, 0.00816951348820095]
[-0.2623618337208282, 0.00783136259686821]
[-0.2623618337208282, 0.00783136259686821]
[-0.2623618337208282, 0.00783136259686821]
[-0.2623618337208282, 0.00783136259686821]
[-0.2623618337208282, 0.00783136259686821]
[-0.2623618337208282, 0.00783136259686821]
[-0.2623618337208282, 0.00783136259686821]
[-0.2623618337208282, 0.00783136259686821]
[-0.25840678947381, 0.007537650043865135]
[-0.25840678947381, 0.007537650043865135]
[-0.25840678947381, 0.007537650043865135]
[-0.25840678947381, 0.007537650043865135]
[-0.25840678947381, 0.007537650043865135]
[-0.25840678947381, 0.007537650043865135]
[-0.25840678947381, 0.007537650043865135]
[-0.25840678947381, 0.007537650043865135]
[-0.2545782105688895, 0.007264386254931912]
[-0.2545782105688895, 0.007264386254931912]
[-0.2545782105688895, 0.007264386254931912]
[-0.2545782105688895, 0.007264386254931912]
[-0.2545782105688895, 0.007264386254931912]
[-0.2545782105688895, 0.007264386254931912]
[-0.2545782105688895, 0.007264386254931912]
[-0.2545782105688895, 0.007264386254931912]
[-0.2504891963720268, 0.006993587452329627]
[-0.2504891963720268, 0.006993587452329627]
[-0.2504891963720268, 0.006993587452329627]
[-0.2504891963720268, 0.006993587452329627]
[-0.2504891963720268, 0.006993587452329627]
[-0.2504891963720268, 0.006993587452329627]
[-0.2504891963720268, 0.006993587452329627]
[-0.2504891963720268, 0.006993587452329627]
[-0.24718818118707345, 0.0067947236092923136]
[-0.24718818118707345, 0.0067947236092923136]
[-0.24718818118707345, 0.0067947236092923136]
[-0.24718818118707345, 0.0067947236092923136]
[-0.24718818118707345, 0.0067947236092923136]
[-0.24718818118707345, 0.0067947236092923136]
[-0.24718818118707345, 0.0067947236092923136]
[-0.24718818118707345, 0.0067947236092923136]
[-0.24337857314057518, 0.006502375344063003]
[-0.24337857314057518, 0.006502375344063003]
[-0.24337857314057518, 0.006502375344063003]
[-0.24337857314057518, 0.006502375344063003]
[-0.24337857314057518, 0.006502375344063003]
[-0.24337857314057518, 0.006502375344063003]
[-0.24337857314057518, 0.006502375344063003]
[-0.24337857314057518, 0.006502375344063003]
[-0.24066471363193243, 0.006296852587095351]
[-0.24066471363193243, 0.006296852587095351]
[-0.24066471363193243, 0.006296852587095351]
[-0.24066471363193243, 0.006296852587095351]
[-0.24066471363193243, 0.006296852587095351]
[-0.24066471363193243, 0.006296852587095351]
[-0.24066471363193243, 0.006296852587095351]
[-0.24066471363193243, 0.006296852587095351]
[-0.23707510287480277, 0.006053348487211466]
[-0.23707510287480277, 0.006053348487211466]
[-0.23707510287480277, 0.006053348487211466]
[-0.23707510287480277, 0.006053348487211466]
[-0.23707510287480277, 0.006053348487211466]
[-0.23707510287480277, 0.006053348487211466]
[-0.23707510287480277, 0.006053348487211466]
[-0.23707510287480277, 0.006053348487211466]
[-0.2346142044506458, 0.005864366829413568]
[-0.2346142044506458, 0.005864366829413568]
[-0.2346142044506458, 0.005864366829413568]
[-0.2346142044506458, 0.005864366829413568]
[-0.2346142044506458, 0.005864366829413568]
[-0.2346142044506458, 0.005864366829413568]
[-0.2346142044506458, 0.005864366829413568]
[-0.2346142044506458, 0.005864366829413568]
[-0.23062934521575396, 0.005548775290495798]
[-0.23062934521575396, 0.005548775290495798]
[-0.23062934521575396, 0.005548775290495798]
[-0.23062934521575396, 0.005548775290495798]
[-0.23062934521575396, 0.005548775290495798]
[-0.23062934521575396, 0.005548775290495798]
[-0.23062934521575396, 0.005548775290495798]
[-0.23062934521575396, 0.005548775290495798]
[-0.22703453628617476, 0.0052871182670530086]
[-0.22703453628617476, 0.0052871182670530086]
[-0.22703453628617476, 0.0052871182670530086]
[-0.22703453628617476, 0.0052871182670530086]
[-0.22703453628617476, 0.0052871182670530086]
[-0.22703453628617476, 0.0052871182670530086]
[-0.22703453628617476, 0.0052871182670530086]
[-0.22703453628617476, 0.0052871182670530086]
[-0.2233309469658191, 0.005003211991606569]
[-0.2233309469658191, 0.005003211991606569]
[-0.2233309469658191, 0.005003211991606569]
[-0.2233309469658191, 0.005003211991606569]
[-0.2233309469658191, 0.005003211991606569]
[-0.2233309469658191, 0.005003211991606569]
[-0.2233309469658191, 0.005003211991606569]
[-0.2233309469658191, 0.005003211991606569]
[-0.21965310723509077, 0.004714982669093677]
[-0.21965310723509077, 0.004714982669093677]
[-0.21965310723509077, 0.004714982669093677]
[-0.21965310723509077, 0.004714982669093677]
[-0.21965310723509077, 0.004714982669093677]
[-0.21965310723509077, 0.004714982669093677]
[-0.21965310723509077, 0.004714982669093677]
[-0.21965310723509077, 0.004714982669093677]
[-0.21645797639360254, 0.004443951513362793]
[-0.21645797639360254, 0.004443951513362793]
[-0.21645797639360254, 0.004443951513362793]
[-0.21645797639360254, 0.004443951513362793]
[-0.21645797639360254, 0.004443951513362793]
[-0.21645797639360254, 0.004443951513362793]
[-0.21645797639360254, 0.004443951513362793]
[-0.21645797639360254, 0.004443951513362793]
[-0.21295107861913565, 0.004077855340322202]
[-0.21295107861913565, 0.004077855340322202]
[-0.21295107861913565, 0.004077855340322202]
[-0.21295107861913565, 0.004077855340322202]
[-0.21295107861913565, 0.004077855340322202]
[-0.21295107861913565, 0.004077855340322202]
[-0.21295107861913565, 0.004077855340322202]
[-0.21295107861913565, 0.004077855340322202]
[-0.2097364072804969, 0.0036998152438315625]
[-0.2097364072804969, 0.0036998152438315625]
[-0.2097364072804969, 0.0036998152438315625]
[-0.2097364072804969, 0.0036998152438315625]
[-0.2097364072804969, 0.0036998152438315625]
[-0.2097364072804969, 0.0036998152438315625]
[-0.2097364072804969, 0.0036998152438315625]
[-0.2097364072804969, 0.0036998152438315625]
[-0.2069764528888844, 0.0033504320998251204]
[-0.2069764528888844, 0.0033504320998251204]
[-0.2069764528888844, 0.0033504320998251204]
[-0.2069764528888844, 0.0033504320998251204]
[-0.2069764528888844, 0.0033504320998251204]
[-0.2069764528888844, 0.0033504320998251204]
[-0.2069764528888844, 0.0033504320998251204]
[-0.2069764528888844, 0.0033504320998251204]
[-0.2037429806033865, 0.0029954462614399267]
[-0.2037429806033865, 0.0029954462614399267]
[-0.2037429806033865, 0.0029954462614399267]
[-0.2037429806033865, 0.0029954462614399267]
[-0.2037429806033865, 0.0029954462614399267]
[-0.2037429806033865, 0.0029954462614399267]
[-0.2037429806033865, 0.0029954462614399267]
[-0.2037429806033865, 0.0029954462614399267]
