[-0.731574831054457, 0.008838887817212369]
[-0.731574831054457, 0.008838887817212369]
[-0.731574831054457, 0.008838887817212369]
[-0.731574831054457, 0.008838887817212369]
[-0.731574831054457, 0.008838887817212369]
[-0.731574831054457, 0.008838887817212369]
[-0.731574831054457, 0.008838887817212369]
[-0.731574831054457, 0.008838887817212369]
[-0.7306137700250751, 0.009810300218806531]
[-0.7306137700250751, 0.009810300218806531]
[-0.7306137700250751, 0.009810300218806531]
[-0.7306137700250751, 0.009810300218806531]
[-0.7306137700250751, 0.009810300218806531]
[-0.7306137700250751, 0.009810300218806531]
[-0.7306137700250751, 0.009810300218806531]
[-0.7306137700250751, 0.009810300218806531]
[-0.729557018735349, 0.010503040923180185]
[-0.729557018735349, 0.010503040923180185]
[-0.729557018735349, 0.010503040923180185]
[-0.729557018735349, 0.010503040923180185]
[-0.729557018735349, 0.010503040923180185]
[-0.729557018735349, 0.010503040923180185]
[-0.729557018735349, 0.010503040923180185]
[-0.729557018735349, 0.010503040923180185]
[-0.7279829316448598, 0.011641104585471957]
[-0.7279829316448598, 0.011641104585471957]
[-0.7279829316448598, 0.011641104585471957]
[-0.7279829316448598, 0.011641104585471957]
[-0.7279829316448598, 0.011641104585471957]
[-0.7279829316448598, 0.011641104585471957]
[-0.7279829316448598, 0.011641104585471957]
[-0.7279829316448598, 0.011641104585471957]
[-0.726457381760284, 0.01282976623060433]
[-0.726457381760284, 0.01282976623060433]
[-0.726457381760284, 0.01282976623060433]
[-0.726457381760284, 0.01282976623060433]
[-0.726457381760284, 0.01282976623060433]
[-0.726457381760284, 0.01282976623060433]
[-0.726457381760284, 0.01282976623060433]
[-0.726457381760284, 0.01282976623060433]
[-0.7253006494963282, 0.013801079921500332]
[-0.7253006494963282, 0.013801079921500332]
[-0.7253006494963282, 0.013801079921500332]
[-0.7253006494963282, 0.013801079921500332]
[-0.7253006494963282, 0.013801079921500332]
[-0.7253006494963282, 0.013801079921500332]
[-0.7253006494963282, 0.013801079921500332]
[-0.7253006494963282, 0.013801079921500332]
[-0.7238037664236187, 0.014919491583586936]
[-0.7238037664236187, 0.014919491583586936]
[-0.7238037664236187, 0.014919491583586936]
[-0.7238037664236187, 0.014919491583586936]
[-0.7238037664236187, 0.014919491583586936]
[-0.7238037664236187, 0.014919491583586936]
[-0.7238037664236187, 0.014919491583586936]
[-0.7238037664236187, 0.014919491583586936]
[-0.7220443453625155, 0.016274244112731796]
[-0.7220443453625155, 0.016274244112731796]
[-0.7220443453625155, 0.016274244112731796]
[-0.7220443453625155, 0.016274244112731796]
[-0.7220443453625155, 0.016274244112731796]
[-0.7220443453625155, 0.016274244112731796]
[-0.7220443453625155, 0.016274244112731796]
[-0.7220443453625155, 0.016274244112731796]
[-0.7206113599950859, 0.017419066401250887]
[-0.7206113599950859, 0.017419066401250887]
[-0.7206113599950859, 0.017419066401250887]
[-0.7206113599950859, 0.017419066401250887]
[-0.7206113599950859, 0.017419066401250887]
[-0.7206113599950859, 0.017419066401250887]
[-0.7206113599950859, 0.017419066401250887]
[-0.7206113599950859, 0.017419066401250887]
[-0.7192465892510317, 0.01848135000674258]
[-0.7192465892510317, 0.01848135000674258]
[-0.7192465892510317, 0.01848135000674258]
[-0.7192465892510317, 0.01848135000674258]
[-0.7192465892510317, 0.01848135000674258]
[-0.7192465892510317, 0.01848135000674258]
[-0.7192465892510317, 0.01848135000674258]
[-0.7192465892510317, 0.01848135000674258]
[-0.717388003592493, 0.01990262657573549]
[-0.717388003592493, 0.01990262657573549]
[-0.717388003592493, 0.01990262657573549]
[-0.717388003592493, 0.01990262657573549]
[-0.717388003592493, 0.01990262657573549]
[-0.717388003592493, 0.01990262657573549]
[-0.717388003592493, 0.01990262657573549]
[-0.717388003592493, 0.01990262657573549]
[-0.7158078432787061, 0.021147005390488312]
[-0.7158078432787061, 0.021147005390488312]
[-0.7158078432787061, 0.021147005390488312]
[-0.7158078432787061, 0.021147005390488312]
[-0.7158078432787061, 0.021147005390488312]
[-0.7158078432787061, 0.021147005390488312]
[-0.7158078432787061, 0.021147005390488312]
[-0.7158078432787061, 0.021147005390488312]
[-0.7141596171285506, 0.02244813466790322]
[-0.7141596171285506, 0.02244813466790322]
[-0.7141596171285506, 0.02244813466790322]
[-0.7141596171285506, 0.02244813466790322]
[-0.7141596171285506, 0.02244813466790322]
[-0.7141596171285506, 0.02244813466790322]
[-0.7141596171285506, 0.02244813466790322]
[-0.7141596171285506, 0.02244813466790322]
[-0.7128767873049112, 0.02344523434854789]
[-0.7128767873049112, 0.02344523434854789]
[-0.7128767873049112, 0.02344523434854789]
[-0.7128767873049112, 0.02344523434854789]
[-0.7128767873049112, 0.02344523434854789]
[-0.7128767873049112, 0.02344523434854789]
[-0.7128767873049112, 0.02344523434854789]
[-0.7128767873049112, 0.02344523434854789]
[-0.7115855526557002, 0.024412893161648807]
[-0.7115855526557002, 0.024412893161648807]
[-0.7115855526557002, 0.024412893161648807]
[-0.7115855526557002, 0.024412893161648807]
[-0.7115855526557002, 0.024412893161648807]
[-0.7115855526557002, 0.024412893161648807]
[-0.7115855526557002, 0.024412893161648807]
[-0.7115855526557002, 0.024412893161648807]
[-0.7102874976749286, 0.025353193295983345]
[-0.7102874976749286, 0.025353193295983345]
[-0.7102874976749286, 0.025353193295983345]
[-0.7102874976749286, 0.025353193295983345]
[-0.7102874976749286, 0.025353193295983345]
[-0.7102874976749286, 0.025353193295983345]
[-0.7102874976749286, 0.025353193295983345]
[-0.7102874976749286, 0.025353193295983345]
[-0.7085383664139804, 0.02658987490762025]
[-0.7085383664139804, 0.02658987490762025]
[-0.7085383664139804, 0.02658987490762025]
[-0.7085383664139804, 0.02658987490762025]
[-0.7085383664139804, 0.02658987490762025]
[-0.7085383664139804, 0.02658987490762025]
[-0.7085383664139804, 0.02658987490762025]
[-0.7085383664139804, 0.02658987490762025]
[-0.7072641745926255, 0.027489310234790176]
[-0.7072641745926255, 0.027489310234790176]
[-0.7072641745926255, 0.027489310234790176]
[-0.7072641745926255, 0.027489310234790176]
[-0.7072641745926255, 0.027489310234790176]
[-0.7072641745926255, 0.027489310234790176]
[-0.7072641745926255, 0.027489310234790176]
[-0.7072641745926255, 0.027489310234790176]
[-0.7060199803316005, 0.02882706873816411]
[-0.7060199803316005, 0.02882706873816411]
[-0.7060199803316005, 0.02882706873816411]
[-0.7060199803316005, 0.02882706873816411]
[-0.7060199803316005, 0.02882706873816411]
[-0.7060199803316005, 0.02882706873816411]
[-0.7060199803316005, 0.02882706873816411]
[-0.7060199803316005, 0.02882706873816411]
[-0.7045731931642162, 0.030590713759884963]
[-0.7045731931642162, 0.030590713759884963]
[-0.7045731931642162, 0.030590713759884963]
[-0.7045731931642162, 0.030590713759884963]
[-0.7045731931642162, 0.030590713759884963]
[-0.7045731931642162, 0.030590713759884963]
[-0.7045731931642162, 0.030590713759884963]
[-0.7045731931642162, 0.030590713759884963]
[-0.7024115332918023, 0.03182699409059406]
[-0.7024115332918023, 0.03182699409059406]
[-0.7024115332918023, 0.03182699409059406]
[-0.7024115332918023, 0.03182699409059406]
[-0.7024115332918023, 0.03182699409059406]
[-0.7024115332918023, 0.03182699409059406]
[-0.7024115332918023, 0.03182699409059406]
[-0.7024115332918023, 0.03182699409059406]
[-0.7002020867761504, 0.033022667413202714]
[-0.7002020867761504, 0.033022667413202714]
[-0.7002020867761504, 0.033022667413202714]
[-0.7002020867761504, 0.033022667413202714]
[-0.7002020867761504, 0.033022667413202714]
[-0.7002020867761504, 0.033022667413202714]
[-0.7002020867761504, 0.033022667413202714]
[-0.7002020867761504, 0.033022667413202714]
[-0.6980931772433365, 0.03419688008283884]
[-0.6980931772433365, 0.03419688008283884]
[-0.6980931772433365, 0.03419688008283884]
[-0.6980931772433365, 0.03419688008283884]
[-0.6980931772433365, 0.03419688008283884]
[-0.6980931772433365, 0.03419688008283884]
[-0.6980931772433365, 0.03419688008283884]
[-0.6980931772433365, 0.03419688008283884]
[-0.6958474700359151, 0.03533861908323169]
[-0.6958474700359151, 0.03533861908323169]
[-0.6958474700359151, 0.03533861908323169]
[-0.6958474700359151, 0.03533861908323169]
[-0.6958474700359151, 0.03533861908323169]
[-0.6958474700359151, 0.03533861908323169]
[-0.6958474700359151, 0.03533861908323169]
[-0.6958474700359151, 0.03533861908323169]
[-0.6934934177125632, 0.03644204072009262]
[-0.6934934177125632, 0.03644204072009262]
[-0.6934934177125632, 0.03644204072009262]
[-0.6934934177125632, 0.03644204072009262]
[-0.6934934177125632, 0.03644204072009262]
[-0.6934934177125632, 0.03644204072009262]
[-0.6934934177125632, 0.03644204072009262]
[-0.6934934177125632, 0.03644204072009262]
[-0.6908414717224182, 0.03776077480621993]
[-0.6908414717224182, 0.03776077480621993]
[-0.6908414717224182, 0.03776077480621993]
[-0.6908414717224182, 0.03776077480621993]
[-0.6908414717224182, 0.03776077480621993]
[-0.6908414717224182, 0.03776077480621993]
[-0.6908414717224182, 0.03776077480621993]
[-0.6908414717224182, 0.03776077480621993]
[-0.6884563299254457, 0.03914633030514198]
[-0.6884563299254457, 0.03914633030514198]
[-0.6884563299254457, 0.03914633030514198]
[-0.6884563299254457, 0.03914633030514198]
[-0.6884563299254457, 0.03914633030514198]
[-0.6884563299254457, 0.03914633030514198]
[-0.6884563299254457, 0.03914633030514198]
[-0.6884563299254457, 0.03914633030514198]
[-0.6862988181834727, 0.04050735825867357]
[-0.6862988181834727, 0.04050735825867357]
[-0.6862988181834727, 0.04050735825867357]
[-0.6862988181834727, 0.04050735825867357]
[-0.6862988181834727, 0.04050735825867357]
[-0.6862988181834727, 0.04050735825867357]
[-0.6862988181834727, 0.04050735825867357]
[-0.6862988181834727, 0.04050735825867357]
[-0.6845753526573866, 0.04198558377008566]
[-0.6845753526573866, 0.04198558377008566]
[-0.6845753526573866, 0.04198558377008566]
[-0.6845753526573866, 0.04198558377008566]
[-0.6845753526573866, 0.04198558377008566]
[-0.6845753526573866, 0.04198558377008566]
[-0.6845753526573866, 0.04198558377008566]
[-0.6845753526573866, 0.04198558377008566]
[-0.6827614408345316, 0.04237073600225394]
[-0.6827614408345316, 0.04237073600225394]
[-0.6827614408345316, 0.04237073600225394]
[-0.6827614408345316, 0.04237073600225394]
[-0.6827614408345316, 0.04237073600225394]
[-0.6827614408345316, 0.04237073600225394]
[-0.6827614408345316, 0.04237073600225394]
[-0.6827614408345316, 0.04237073600225394]
[-0.6814105568407993, 0.04293612836048266]
[-0.6814105568407993, 0.04293612836048266]
[-0.6814105568407993, 0.04293612836048266]
[-0.6814105568407993, 0.04293612836048266]
[-0.6814105568407993, 0.04293612836048266]
[-0.6814105568407993, 0.04293612836048266]
[-0.6814105568407993, 0.04293612836048266]
[-0.6814105568407993, 0.04293612836048266]
[-0.6794467209229667, 0.04329458417606658]
[-0.6794467209229667, 0.04329458417606658]
[-0.6794467209229667, 0.04329458417606658]
[-0.6794467209229667, 0.04329458417606658]
[-0.6794467209229667, 0.04329458417606658]
[-0.6794467209229667, 0.04329458417606658]
[-0.6794467209229667, 0.04329458417606658]
[-0.6794467209229667, 0.04329458417606658]
[-0.6788796017881242, 0.04372332737556623]
[-0.6788796017881242, 0.04372332737556623]
[-0.6788796017881242, 0.04372332737556623]
[-0.6788796017881242, 0.04372332737556623]
[-0.6788796017881242, 0.04372332737556623]
[-0.6788796017881242, 0.04372332737556623]
[-0.6788796017881242, 0.04372332737556623]
[-0.6788796017881242, 0.04372332737556623]
[-0.6767995136998145, 0.04353533007960762]
[-0.6767995136998145, 0.04353533007960762]
[-0.6767995136998145, 0.04353533007960762]
[-0.6767995136998145, 0.04353533007960762]
[-0.6767995136998145, 0.04353533007960762]
[-0.6767995136998145, 0.04353533007960762]
[-0.6767995136998145, 0.04353533007960762]
[-0.6767995136998145, 0.04353533007960762]
[-0.6745523141207042, 0.04412791757074026]
[-0.6745523141207042, 0.04412791757074026]
[-0.6745523141207042, 0.04412791757074026]
[-0.6745523141207042, 0.04412791757074026]
[-0.6745523141207042, 0.04412791757074026]
[-0.6745523141207042, 0.04412791757074026]
[-0.6745523141207042, 0.04412791757074026]
[-0.6745523141207042, 0.04412791757074026]
[-0.6715011018870496, 0.04478877673408013]
[-0.6715011018870496, 0.04478877673408013]
[-0.6715011018870496, 0.04478877673408013]
[-0.6715011018870496, 0.04478877673408013]
[-0.6715011018870496, 0.04478877673408013]
[-0.6715011018870496, 0.04478877673408013]
[-0.6715011018870496, 0.04478877673408013]
[-0.6715011018870496, 0.04478877673408013]
[-0.6683641866651574, 0.04542150559071442]
[-0.6683641866651574, 0.04542150559071442]
[-0.6683641866651574, 0.04542150559071442]
[-0.6683641866651574, 0.04542150559071442]
[-0.6683641866651574, 0.04542150559071442]
[-0.6683641866651574, 0.04542150559071442]
[-0.6683641866651574, 0.04542150559071442]
[-0.6683641866651574, 0.04542150559071442]
[-0.6652562787301546, 0.04603990267119219]
[-0.6652562787301546, 0.04603990267119219]
[-0.6652562787301546, 0.04603990267119219]
[-0.6652562787301546, 0.04603990267119219]
[-0.6652562787301546, 0.04603990267119219]
[-0.6652562787301546, 0.04603990267119219]
[-0.6652562787301546, 0.04603990267119219]
[-0.6652562787301546, 0.04603990267119219]
[-0.6620640421601344, 0.04666781445516983]
[-0.6620640421601344, 0.04666781445516983]
[-0.6620640421601344, 0.04666781445516983]
[-0.6620640421601344, 0.04666781445516983]
[-0.6620640421601344, 0.04666781445516983]
[-0.6620640421601344, 0.04666781445516983]
[-0.6620640421601344, 0.04666781445516983]
[-0.6620640421601344, 0.04666781445516983]
[-0.6595359105183757, 0.047224008797554756]
[-0.6595359105183757, 0.047224008797554756]
[-0.6595359105183757, 0.047224008797554756]
[-0.6595359105183757, 0.047224008797554756]
[-0.6595359105183757, 0.047224008797554756]
[-0.6595359105183757, 0.047224008797554756]
[-0.6595359105183757, 0.047224008797554756]
[-0.6595359105183757, 0.047224008797554756]
[-0.6566347547538856, 0.04789546615531706]
[-0.6566347547538856, 0.04789546615531706]
[-0.6566347547538856, 0.04789546615531706]
[-0.6566347547538856, 0.04789546615531706]
[-0.6566347547538856, 0.04789546615531706]
[-0.6566347547538856, 0.04789546615531706]
[-0.6566347547538856, 0.04789546615531706]
[-0.6566347547538856, 0.04789546615531706]
[-0.6534524967676981, 0.048489499769675475]
[-0.6534524967676981, 0.048489499769675475]
[-0.6534524967676981, 0.048489499769675475]
[-0.6534524967676981, 0.048489499769675475]
[-0.6534524967676981, 0.048489499769675475]
[-0.6534524967676981, 0.048489499769675475]
[-0.6534524967676981, 0.048489499769675475]
[-0.6534524967676981, 0.048489499769675475]
[-0.6501408974880014, 0.04900575691041161]
[-0.6501408974880014, 0.04900575691041161]
[-0.6501408974880014, 0.04900575691041161]
[-0.6501408974880014, 0.04900575691041161]
[-0.6501408974880014, 0.04900575691041161]
[-0.6501408974880014, 0.04900575691041161]
[-0.6501408974880014, 0.04900575691041161]
[-0.6501408974880014, 0.04900575691041161]
[-0.6467555146033186, 0.04943826262349183]
[-0.6467555146033186, 0.04943826262349183]
[-0.6467555146033186, 0.04943826262349183]
[-0.6467555146033186, 0.04943826262349183]
[-0.6467555146033186, 0.04943826262349183]
[-0.6467555146033186, 0.04943826262349183]
[-0.6467555146033186, 0.04943826262349183]
[-0.6467555146033186, 0.04943826262349183]
[-0.6439461383101391, 0.04970945481366905]
[-0.6439461383101391, 0.04970945481366905]
[-0.6439461383101391, 0.04970945481366905]
[-0.6439461383101391, 0.04970945481366905]
[-0.6439461383101391, 0.04970945481366905]
[-0.6439461383101391, 0.04970945481366905]
[-0.6439461383101391, 0.04970945481366905]
[-0.6439461383101391, 0.04970945481366905]
[-0.6403698512240558, 0.049949755860461416]
[-0.6403698512240558, 0.049949755860461416]
[-0.6403698512240558, 0.049949755860461416]
[-0.6403698512240558, 0.049949755860461416]
[-0.6403698512240558, 0.049949755860461416]
[-0.6403698512240558, 0.049949755860461416]
[-0.6403698512240558, 0.049949755860461416]
[-0.6403698512240558, 0.049949755860461416]
[-0.6379422979940039, 0.05006602853146908]
[-0.6379422979940039, 0.05006602853146908]
[-0.6379422979940039, 0.05006602853146908]
[-0.6379422979940039, 0.05006602853146908]
[-0.6379422979940039, 0.05006602853146908]
[-0.6379422979940039, 0.05006602853146908]
[-0.6379422979940039, 0.05006602853146908]
[-0.6379422979940039, 0.05006602853146908]
[-0.6341538229800723, 0.050097707281301404]
[-0.6341538229800723, 0.050097707281301404]
[-0.6341538229800723, 0.050097707281301404]
[-0.6341538229800723, 0.050097707281301404]
[-0.6341538229800723, 0.050097707281301404]
[-0.6341538229800723, 0.050097707281301404]
[-0.6341538229800723, 0.050097707281301404]
[-0.6341538229800723, 0.050097707281301404]
[-0.6312865442180712, 0.05011352850027609]
[-0.6312865442180712, 0.05011352850027609]
[-0.6312865442180712, 0.05011352850027609]
[-0.6312865442180712, 0.05011352850027609]
[-0.6312865442180712, 0.05011352850027609]
[-0.6312865442180712, 0.05011352850027609]
[-0.6312865442180712, 0.05011352850027609]
[-0.6312865442180712, 0.05011352850027609]
[-0.6277514607284898, 0.05002823821116334]
[-0.6277514607284898, 0.05002823821116334]
[-0.6277514607284898, 0.05002823821116334]
[-0.6277514607284898, 0.05002823821116334]
[-0.6277514607284898, 0.05002823821116334]
[-0.6277514607284898, 0.05002823821116334]
[-0.6277514607284898, 0.05002823821116334]
[-0.6277514607284898, 0.05002823821116334]
[-0.6248226618009157, 0.04993209866780927]
[-0.6248226618009157, 0.04993209866780927]
[-0.6248226618009157, 0.04993209866780927]
[-0.6248226618009157, 0.04993209866780927]
[-0.6248226618009157, 0.04993209866780927]
[-0.6248226618009157, 0.04993209866780927]
[-0.6248226618009157, 0.04993209866780927]
[-0.6248226618009157, 0.04993209866780927]
[-0.6213320148978655, 0.049748775506504486]
[-0.6213320148978655, 0.049748775506504486]
[-0.6213320148978655, 0.049748775506504486]
[-0.6213320148978655, 0.049748775506504486]
[-0.6213320148978655, 0.049748775506504486]
[-0.6213320148978655, 0.049748775506504486]
[-0.6213320148978655, 0.049748775506504486]
[-0.6213320148978655, 0.049748775506504486]
[-0.6179732651370887, 0.04957848778463036]
[-0.6179732651370887, 0.04957848778463036]
[-0.6179732651370887, 0.04957848778463036]
[-0.6179732651370887, 0.04957848778463036]
[-0.6179732651370887, 0.04957848778463036]
[-0.6179732651370887, 0.04957848778463036]
[-0.6179732651370887, 0.04957848778463036]
[-0.6179732651370887, 0.04957848778463036]
[-0.6147558216296566, 0.049403629891871324]
[-0.6147558216296566, 0.049403629891871324]
[-0.6147558216296566, 0.049403629891871324]
[-0.6147558216296566, 0.049403629891871324]
[-0.6147558216296566, 0.049403629891871324]
[-0.6147558216296566, 0.049403629891871324]
[-0.6147558216296566, 0.049403629891871324]
[-0.6147558216296566, 0.049403629891871324]
[-0.6130571837528023, 0.04930168688583665]
[-0.6130571837528023, 0.04930168688583665]
[-0.6130571837528023, 0.04930168688583665]
[-0.6130571837528023, 0.04930168688583665]
[-0.6130571837528023, 0.04930168688583665]
[-0.6130571837528023, 0.04930168688583665]
[-0.6130571837528023, 0.04930168688583665]
[-0.6130571837528023, 0.04930168688583665]
[-0.6107751840460286, 0.04915159267957861]
[-0.6107751840460286, 0.04915159267957861]
[-0.6107751840460286, 0.04915159267957861]
[-0.6107751840460286, 0.04915159267957861]
[-0.6107751840460286, 0.04915159267957861]
[-0.6107751840460286, 0.04915159267957861]
[-0.6107751840460286, 0.04915159267957861]
[-0.6107751840460286, 0.04915159267957861]
[-0.6077773295821953, 0.04890611913063052]
[-0.6077773295821953, 0.04890611913063052]
[-0.6077773295821953, 0.04890611913063052]
[-0.6077773295821953, 0.04890611913063052]
[-0.6077773295821953, 0.04890611913063052]
[-0.6077773295821953, 0.04890611913063052]
[-0.6077773295821953, 0.04890611913063052]
[-0.6077773295821953, 0.04890611913063052]
[-0.6046057301009204, 0.04869990129017934]
[-0.6046057301009204, 0.04869990129017934]
[-0.6046057301009204, 0.04869990129017934]
[-0.6046057301009204, 0.04869990129017934]
[-0.6046057301009204, 0.04869990129017934]
[-0.6046057301009204, 0.04869990129017934]
[-0.6046057301009204, 0.04869990129017934]
[-0.6046057301009204, 0.04869990129017934]
[-0.6025843456878522, 0.04857605064972795]
[-0.6025843456878522, 0.04857605064972795]
[-0.6025843456878522, 0.04857605064972795]
[-0.6025843456878522, 0.04857605064972795]
[-0.6025843456878522, 0.04857605064972795]
[-0.6025843456878522, 0.04857605064972795]
[-0.6025843456878522, 0.04857605064972795]
[-0.6025843456878522, 0.04857605064972795]
[-0.6010569418993756, 0.04844998167067568]
[-0.6010569418993756, 0.04844998167067568]
[-0.6010569418993756, 0.04844998167067568]
[-0.6010569418993756, 0.04844998167067568]
[-0.6010569418993756, 0.04844998167067568]
[-0.6010569418993756, 0.04844998167067568]
[-0.6010569418993756, 0.04844998167067568]
[-0.6010569418993756, 0.04844998167067568]
[-0.5989720789044953, 0.04827653867927849]
[-0.5989720789044953, 0.04827653867927849]
[-0.5989720789044953, 0.04827653867927849]
[-0.5989720789044953, 0.04827653867927849]
[-0.5989720789044953, 0.04827653867927849]
[-0.5989720789044953, 0.04827653867927849]
[-0.5989720789044953, 0.04827653867927849]
[-0.5989720789044953, 0.04827653867927849]
[-0.5958970932887198, 0.048057511997002894]
[-0.5958970932887198, 0.048057511997002894]
[-0.5958970932887198, 0.048057511997002894]
[-0.5958970932887198, 0.048057511997002894]
[-0.5958970932887198, 0.048057511997002894]
[-0.5958970932887198, 0.048057511997002894]
[-0.5958970932887198, 0.048057511997002894]
[-0.5958970932887198, 0.048057511997002894]
[-0.5932973731206174, 0.0479159907799512]
[-0.5932973731206174, 0.0479159907799512]
[-0.5932973731206174, 0.0479159907799512]
[-0.5932973731206174, 0.0479159907799512]
[-0.5932973731206174, 0.0479159907799512]
[-0.5932973731206174, 0.0479159907799512]
[-0.5932973731206174, 0.0479159907799512]
[-0.5932973731206174, 0.0479159907799512]
[-0.5912741692788416, 0.04781723870295605]
[-0.5912741692788416, 0.04781723870295605]
[-0.5912741692788416, 0.04781723870295605]
[-0.5912741692788416, 0.04781723870295605]
[-0.5912741692788416, 0.04781723870295605]
[-0.5912741692788416, 0.04781723870295605]
[-0.5912741692788416, 0.04781723870295605]
[-0.5912741692788416, 0.04781723870295605]
[-0.5889903866858138, 0.047719202707628576]
[-0.5889903866858138, 0.047719202707628576]
[-0.5889903866858138, 0.047719202707628576]
[-0.5889903866858138, 0.047719202707628576]
[-0.5889903866858138, 0.047719202707628576]
[-0.5889903866858138, 0.047719202707628576]
[-0.5889903866858138, 0.047719202707628576]
[-0.5889903866858138, 0.047719202707628576]
[-0.5867811685773558, 0.04765383770429256]
[-0.5867811685773558, 0.04765383770429256]
[-0.5867811685773558, 0.04765383770429256]
[-0.5867811685773558, 0.04765383770429256]
[-0.5867811685773558, 0.04765383770429256]
[-0.5867811685773558, 0.04765383770429256]
[-0.5867811685773558, 0.04765383770429256]
[-0.5867811685773558, 0.04765383770429256]
[-0.5844890844470191, 0.04759923389748584]
[-0.5844890844470191, 0.04759923389748584]
[-0.5844890844470191, 0.04759923389748584]
[-0.5844890844470191, 0.04759923389748584]
[-0.5844890844470191, 0.04759923389748584]
[-0.5844890844470191, 0.04759923389748584]
[-0.5844890844470191, 0.04759923389748584]
[-0.5844890844470191, 0.04759923389748584]
[-0.5820829591569922, 0.04751208873450565]
[-0.5820829591569922, 0.04751208873450565]
[-0.5820829591569922, 0.04751208873450565]
[-0.5820829591569922, 0.04751208873450565]
[-0.5820829591569922, 0.04751208873450565]
[-0.5820829591569922, 0.04751208873450565]
[-0.5820829591569922, 0.04751208873450565]
[-0.5820829591569922, 0.04751208873450565]
[-0.5805689648446939, 0.04743469516186912]
[-0.5805689648446939, 0.04743469516186912]
[-0.5805689648446939, 0.04743469516186912]
[-0.5805689648446939, 0.04743469516186912]
[-0.5805689648446939, 0.04743469516186912]
[-0.5805689648446939, 0.04743469516186912]
[-0.5805689648446939, 0.04743469516186912]
[-0.5805689648446939, 0.04743469516186912]
[-0.5781555494170376, 0.047304149203671236]
[-0.5781555494170376, 0.047304149203671236]
[-0.5781555494170376, 0.047304149203671236]
[-0.5781555494170376, 0.047304149203671236]
[-0.5781555494170376, 0.047304149203671236]
[-0.5781555494170376, 0.047304149203671236]
[-0.5781555494170376, 0.047304149203671236]
[-0.5781555494170376, 0.047304149203671236]
[-0.5761430512364575, 0.04721931877265345]
[-0.5761430512364575, 0.04721931877265345]
[-0.5761430512364575, 0.04721931877265345]
[-0.5761430512364575, 0.04721931877265345]
[-0.5761430512364575, 0.04721931877265345]
[-0.5761430512364575, 0.04721931877265345]
[-0.5761430512364575, 0.04721931877265345]
[-0.5761430512364575, 0.04721931877265345]
[-0.5740742315681138, 0.047128285685112264]
[-0.5740742315681138, 0.047128285685112264]
[-0.5740742315681138, 0.047128285685112264]
[-0.5740742315681138, 0.047128285685112264]
[-0.5740742315681138, 0.047128285685112264]
[-0.5740742315681138, 0.047128285685112264]
[-0.5740742315681138, 0.047128285685112264]
[-0.5740742315681138, 0.047128285685112264]
[-0.5716971960352017, 0.0470223547468889]
[-0.5716971960352017, 0.0470223547468889]
[-0.5716971960352017, 0.0470223547468889]
[-0.5716971960352017, 0.0470223547468889]
[-0.5716971960352017, 0.0470223547468889]
[-0.5716971960352017, 0.0470223547468889]
[-0.5716971960352017, 0.0470223547468889]
[-0.5716971960352017, 0.0470223547468889]
[-0.5696292052659833, 0.04695034863083278]
[-0.5696292052659833, 0.04695034863083278]
[-0.5696292052659833, 0.04695034863083278]
[-0.5696292052659833, 0.04695034863083278]
[-0.5696292052659833, 0.04695034863083278]
[-0.5696292052659833, 0.04695034863083278]
[-0.5696292052659833, 0.04695034863083278]
[-0.5696292052659833, 0.04695034863083278]
[-0.5677560389114289, 0.046879989608495494]
[-0.5677560389114289, 0.046879989608495494]
[-0.5677560389114289, 0.046879989608495494]
[-0.5677560389114289, 0.046879989608495494]
[-0.5677560389114289, 0.046879989608495494]
[-0.5677560389114289, 0.046879989608495494]
[-0.5677560389114289, 0.046879989608495494]
[-0.5677560389114289, 0.046879989608495494]
[-0.5659151275363751, 0.0468003340471352]
[-0.5659151275363751, 0.0468003340471352]
[-0.5659151275363751, 0.0468003340471352]
[-0.5659151275363751, 0.0468003340471352]
[-0.5659151275363751, 0.0468003340471352]
[-0.5659151275363751, 0.0468003340471352]
[-0.5659151275363751, 0.0468003340471352]
[-0.5659151275363751, 0.0468003340471352]
[-0.5641094750170806, 0.046713162703916775]
[-0.5641094750170806, 0.046713162703916775]
[-0.5641094750170806, 0.046713162703916775]
[-0.5641094750170806, 0.046713162703916775]
[-0.5641094750170806, 0.046713162703916775]
[-0.5641094750170806, 0.046713162703916775]
[-0.5641094750170806, 0.046713162703916775]
[-0.5641094750170806, 0.046713162703916775]
[-0.5620703937607358, 0.04660708407372729]
[-0.5620703937607358, 0.04660708407372729]
[-0.5620703937607358, 0.04660708407372729]
[-0.5620703937607358, 0.04660708407372729]
[-0.5620703937607358, 0.04660708407372729]
[-0.5620703937607358, 0.04660708407372729]
[-0.5620703937607358, 0.04660708407372729]
[-0.5620703937607358, 0.04660708407372729]
[-0.5601845388298222, 0.04651163246710962]
[-0.5601845388298222, 0.04651163246710962]
[-0.5601845388298222, 0.04651163246710962]
[-0.5601845388298222, 0.04651163246710962]
[-0.5601845388298222, 0.04651163246710962]
[-0.5601845388298222, 0.04651163246710962]
[-0.5601845388298222, 0.04651163246710962]
[-0.5601845388298222, 0.04651163246710962]
[-0.5584330218573337, 0.04640812065643558]
[-0.5584330218573337, 0.04640812065643558]
[-0.5584330218573337, 0.04640812065643558]
[-0.5584330218573337, 0.04640812065643558]
[-0.5584330218573337, 0.04640812065643558]
[-0.5584330218573337, 0.04640812065643558]
[-0.5584330218573337, 0.04640812065643558]
[-0.5584330218573337, 0.04640812065643558]
[-0.556196524086732, 0.04627672708777818]
[-0.556196524086732, 0.04627672708777818]
[-0.556196524086732, 0.04627672708777818]
[-0.556196524086732, 0.04627672708777818]
[-0.556196524086732, 0.04627672708777818]
[-0.556196524086732, 0.04627672708777818]
[-0.556196524086732, 0.04627672708777818]
[-0.556196524086732, 0.04627672708777818]
[-0.5544662692259213, 0.046181468732495526]
[-0.5544662692259213, 0.046181468732495526]
[-0.5544662692259213, 0.046181468732495526]
[-0.5544662692259213, 0.046181468732495526]
[-0.5544662692259213, 0.046181468732495526]
[-0.5544662692259213, 0.046181468732495526]
[-0.5544662692259213, 0.046181468732495526]
[-0.5544662692259213, 0.046181468732495526]
[-0.552643388652948, 0.04606653670600825]
[-0.552643388652948, 0.04606653670600825]
[-0.552643388652948, 0.04606653670600825]
[-0.552643388652948, 0.04606653670600825]
[-0.552643388652948, 0.04606653670600825]
[-0.552643388652948, 0.04606653670600825]
[-0.552643388652948, 0.04606653670600825]
[-0.552643388652948, 0.04606653670600825]
[-0.55077919583213, 0.0459372835194577]
[-0.55077919583213, 0.0459372835194577]
[-0.55077919583213, 0.0459372835194577]
[-0.55077919583213, 0.0459372835194577]
[-0.55077919583213, 0.0459372835194577]
[-0.55077919583213, 0.0459372835194577]
[-0.55077919583213, 0.0459372835194577]
[-0.55077919583213, 0.0459372835194577]
[-0.5489709079429803, 0.045811674907011136]
[-0.5489709079429803, 0.045811674907011136]
[-0.5489709079429803, 0.045811674907011136]
[-0.5489709079429803, 0.045811674907011136]
[-0.5489709079429803, 0.045811674907011136]
[-0.5489709079429803, 0.045811674907011136]
[-0.5489709079429803, 0.045811674907011136]
[-0.5489709079429803, 0.045811674907011136]
[-0.5472720111839534, 0.04568818076368192]
[-0.5472720111839534, 0.04568818076368192]
[-0.5472720111839534, 0.04568818076368192]
[-0.5472720111839534, 0.04568818076368192]
[-0.5472720111839534, 0.04568818076368192]
[-0.5472720111839534, 0.04568818076368192]
[-0.5472720111839534, 0.04568818076368192]
[-0.5472720111839534, 0.04568818076368192]
[-0.5454764748127932, 0.045544195085317346]
[-0.5454764748127932, 0.045544195085317346]
[-0.5454764748127932, 0.045544195085317346]
[-0.5454764748127932, 0.045544195085317346]
[-0.5454764748127932, 0.045544195085317346]
[-0.5454764748127932, 0.045544195085317346]
[-0.5454764748127932, 0.045544195085317346]
[-0.5454764748127932, 0.045544195085317346]
[-0.5435222588350305, 0.04538829071211942]
[-0.5435222588350305, 0.04538829071211942]
[-0.5435222588350305, 0.04538829071211942]
[-0.5435222588350305, 0.04538829071211942]
[-0.5435222588350305, 0.04538829071211942]
[-0.5435222588350305, 0.04538829071211942]
[-0.5435222588350305, 0.04538829071211942]
[-0.5435222588350305, 0.04538829071211942]
[-0.5417710859283738, 0.045260457687088404]
[-0.5417710859283738, 0.045260457687088404]
[-0.5417710859283738, 0.045260457687088404]
[-0.5417710859283738, 0.045260457687088404]
[-0.5417710859283738, 0.045260457687088404]
[-0.5417710859283738, 0.045260457687088404]
[-0.5417710859283738, 0.045260457687088404]
[-0.5417710859283738, 0.045260457687088404]
[-0.5396751671066145, 0.0451151197353102]
[-0.5396751671066145, 0.0451151197353102]
[-0.5396751671066145, 0.0451151197353102]
[-0.5396751671066145, 0.0451151197353102]
[-0.5396751671066145, 0.0451151197353102]
[-0.5396751671066145, 0.0451151197353102]
[-0.5396751671066145, 0.0451151197353102]
[-0.5396751671066145, 0.0451151197353102]
[-0.537532481558412, 0.04499082567962328]
[-0.537532481558412, 0.04499082567962328]
[-0.537532481558412, 0.04499082567962328]
[-0.537532481558412, 0.04499082567962328]
[-0.537532481558412, 0.04499082567962328]
[-0.537532481558412, 0.04499082567962328]
[-0.537532481558412, 0.04499082567962328]
[-0.537532481558412, 0.04499082567962328]
[-0.5358482522535859, 0.044892060209177284]
[-0.5358482522535859, 0.044892060209177284]
[-0.5358482522535859, 0.044892060209177284]
[-0.5358482522535859, 0.044892060209177284]
[-0.5358482522535859, 0.044892060209177284]
[-0.5358482522535859, 0.044892060209177284]
[-0.5358482522535859, 0.044892060209177284]
[-0.5358482522535859, 0.044892060209177284]
[-0.5342174578224478, 0.04477958432311036]
[-0.5342174578224478, 0.04477958432311036]
[-0.5342174578224478, 0.04477958432311036]
[-0.5342174578224478, 0.04477958432311036]
[-0.5342174578224478, 0.04477958432311036]
[-0.5342174578224478, 0.04477958432311036]
[-0.5342174578224478, 0.04477958432311036]
[-0.5342174578224478, 0.04477958432311036]
[-0.5323775092059073, 0.04463880003210788]
[-0.5323775092059073, 0.04463880003210788]
[-0.5323775092059073, 0.04463880003210788]
[-0.5323775092059073, 0.04463880003210788]
[-0.5323775092059073, 0.04463880003210788]
[-0.5323775092059073, 0.04463880003210788]
[-0.5323775092059073, 0.04463880003210788]
[-0.5323775092059073, 0.04463880003210788]
[-0.5310100280545396, 0.04453863807386739]
[-0.5310100280545396, 0.04453863807386739]
[-0.5310100280545396, 0.04453863807386739]
[-0.5310100280545396, 0.04453863807386739]
[-0.5310100280545396, 0.04453863807386739]
[-0.5310100280545396, 0.04453863807386739]
[-0.5310100280545396, 0.04453863807386739]
[-0.5310100280545396, 0.04453863807386739]
[-0.5293525892848331, 0.04438466117039088]
[-0.5293525892848331, 0.04438466117039088]
[-0.5293525892848331, 0.04438466117039088]
[-0.5293525892848331, 0.04438466117039088]
[-0.5293525892848331, 0.04438466117039088]
[-0.5293525892848331, 0.04438466117039088]
[-0.5293525892848331, 0.04438466117039088]
[-0.5293525892848331, 0.04438466117039088]
[-0.5274194357954695, 0.04420828761384165]
[-0.5274194357954695, 0.04420828761384165]
[-0.5274194357954695, 0.04420828761384165]
[-0.5274194357954695, 0.04420828761384165]
[-0.5274194357954695, 0.04420828761384165]
[-0.5274194357954695, 0.04420828761384165]
[-0.5274194357954695, 0.04420828761384165]
[-0.5274194357954695, 0.04420828761384165]
[-0.525228745628403, 0.04404533908296377]
[-0.525228745628403, 0.04404533908296377]
[-0.525228745628403, 0.04404533908296377]
[-0.525228745628403, 0.04404533908296377]
[-0.525228745628403, 0.04404533908296377]
[-0.525228745628403, 0.04404533908296377]
[-0.525228745628403, 0.04404533908296377]
[-0.525228745628403, 0.04404533908296377]
[-0.5232803755608778, 0.043916625145926876]
[-0.5232803755608778, 0.043916625145926876]
[-0.5232803755608778, 0.043916625145926876]
[-0.5232803755608778, 0.043916625145926876]
[-0.5232803755608778, 0.043916625145926876]
[-0.5232803755608778, 0.043916625145926876]
[-0.5232803755608778, 0.043916625145926876]
[-0.5232803755608778, 0.043916625145926876]
[-0.5213155635399912, 0.043789456196848986]
[-0.5213155635399912, 0.043789456196848986]
[-0.5213155635399912, 0.043789456196848986]
[-0.5213155635399912, 0.043789456196848986]
[-0.5213155635399912, 0.043789456196848986]
[-0.5213155635399912, 0.043789456196848986]
[-0.5213155635399912, 0.043789456196848986]
[-0.5213155635399912, 0.043789456196848986]
[-0.5193486825669156, 0.043667635024142504]
[-0.5193486825669156, 0.043667635024142504]
[-0.5193486825669156, 0.043667635024142504]
[-0.5193486825669156, 0.043667635024142504]
[-0.5193486825669156, 0.043667635024142504]
[-0.5193486825669156, 0.043667635024142504]
[-0.5193486825669156, 0.043667635024142504]
[-0.5193486825669156, 0.043667635024142504]
[-0.5177168852249929, 0.043573949912343396]
[-0.5177168852249929, 0.043573949912343396]
[-0.5177168852249929, 0.043573949912343396]
[-0.5177168852249929, 0.043573949912343396]
[-0.5177168852249929, 0.043573949912343396]
[-0.5177168852249929, 0.043573949912343396]
[-0.5177168852249929, 0.043573949912343396]
[-0.5177168852249929, 0.043573949912343396]
[-0.516204023334131, 0.043466219472172565]
[-0.516204023334131, 0.043466219472172565]
[-0.516204023334131, 0.043466219472172565]
[-0.516204023334131, 0.043466219472172565]
[-0.516204023334131, 0.043466219472172565]
[-0.516204023334131, 0.043466219472172565]
[-0.516204023334131, 0.043466219472172565]
[-0.516204023334131, 0.043466219472172565]
[-0.5144262166854133, 0.04331853826004878]
[-0.5144262166854133, 0.04331853826004878]
[-0.5144262166854133, 0.04331853826004878]
[-0.5144262166854133, 0.04331853826004878]
[-0.5144262166854133, 0.04331853826004878]
[-0.5144262166854133, 0.04331853826004878]
[-0.5144262166854133, 0.04331853826004878]
[-0.5144262166854133, 0.04331853826004878]
[-0.5125449829496405, 0.043167451723435446]
[-0.5125449829496405, 0.043167451723435446]
[-0.5125449829496405, 0.043167451723435446]
[-0.5125449829496405, 0.043167451723435446]
[-0.5125449829496405, 0.043167451723435446]
[-0.5125449829496405, 0.043167451723435446]
[-0.5125449829496405, 0.043167451723435446]
[-0.5125449829496405, 0.043167451723435446]
[-0.5105486945798412, 0.04301806082471043]
[-0.5105486945798412, 0.04301806082471043]
[-0.5105486945798412, 0.04301806082471043]
[-0.5105486945798412, 0.04301806082471043]
[-0.5105486945798412, 0.04301806082471043]
[-0.5105486945798412, 0.04301806082471043]
[-0.5105486945798412, 0.04301806082471043]
[-0.5105486945798412, 0.04301806082471043]
[-0.5084040962133042, 0.042874602374656276]
[-0.5084040962133042, 0.042874602374656276]
[-0.5084040962133042, 0.042874602374656276]
[-0.5084040962133042, 0.042874602374656276]
[-0.5084040962133042, 0.042874602374656276]
[-0.5084040962133042, 0.042874602374656276]
[-0.5084040962133042, 0.042874602374656276]
[-0.5084040962133042, 0.042874602374656276]
[-0.5063725143577091, 0.042750110020083776]
[-0.5063725143577091, 0.042750110020083776]
[-0.5063725143577091, 0.042750110020083776]
[-0.5063725143577091, 0.042750110020083776]
[-0.5063725143577091, 0.042750110020083776]
[-0.5063725143577091, 0.042750110020083776]
[-0.5063725143577091, 0.042750110020083776]
[-0.5063725143577091, 0.042750110020083776]
[-0.5045113442663572, 0.04263872728831547]
[-0.5045113442663572, 0.04263872728831547]
[-0.5045113442663572, 0.04263872728831547]
[-0.5045113442663572, 0.04263872728831547]
[-0.5045113442663572, 0.04263872728831547]
[-0.5045113442663572, 0.04263872728831547]
[-0.5045113442663572, 0.04263872728831547]
[-0.5045113442663572, 0.04263872728831547]
[-0.5028582473120549, 0.042537989292988465]
[-0.5028582473120549, 0.042537989292988465]
[-0.5028582473120549, 0.042537989292988465]
[-0.5028582473120549, 0.042537989292988465]
[-0.5028582473120549, 0.042537989292988465]
[-0.5028582473120549, 0.042537989292988465]
[-0.5028582473120549, 0.042537989292988465]
[-0.5028582473120549, 0.042537989292988465]
[-0.5010731561728858, 0.04240731766146801]
[-0.5010731561728858, 0.04240731766146801]
[-0.5010731561728858, 0.04240731766146801]
[-0.5010731561728858, 0.04240731766146801]
[-0.5010731561728858, 0.04240731766146801]
[-0.5010731561728858, 0.04240731766146801]
[-0.5010731561728858, 0.04240731766146801]
[-0.5010731561728858, 0.04240731766146801]
[-0.49911385669371955, 0.04225865941093392]
[-0.49911385669371955, 0.04225865941093392]
[-0.49911385669371955, 0.04225865941093392]
[-0.49911385669371955, 0.04225865941093392]
[-0.49911385669371955, 0.04225865941093392]
[-0.49911385669371955, 0.04225865941093392]
[-0.49911385669371955, 0.04225865941093392]
[-0.49911385669371955, 0.04225865941093392]
[-0.49728651283458714, 0.042125193209746725]
[-0.49728651283458714, 0.042125193209746725]
[-0.49728651283458714, 0.042125193209746725]
[-0.49728651283458714, 0.042125193209746725]
[-0.49728651283458714, 0.042125193209746725]
[-0.49728651283458714, 0.042125193209746725]
[-0.49728651283458714, 0.042125193209746725]
[-0.49728651283458714, 0.042125193209746725]
[-0.49554828395535594, 0.04198946719498735]
[-0.49554828395535594, 0.04198946719498735]
[-0.49554828395535594, 0.04198946719498735]
[-0.49554828395535594, 0.04198946719498735]
[-0.49554828395535594, 0.04198946719498735]
[-0.49554828395535594, 0.04198946719498735]
[-0.49554828395535594, 0.04198946719498735]
[-0.49554828395535594, 0.04198946719498735]
[-0.4936493093025542, 0.041839988479970426]
[-0.4936493093025542, 0.041839988479970426]
[-0.4936493093025542, 0.041839988479970426]
[-0.4936493093025542, 0.041839988479970426]
[-0.4936493093025542, 0.041839988479970426]
[-0.4936493093025542, 0.041839988479970426]
[-0.4936493093025542, 0.041839988479970426]
[-0.4936493093025542, 0.041839988479970426]
[-0.4914846580958387, 0.041684399047526424]
[-0.4914846580958387, 0.041684399047526424]
[-0.4914846580958387, 0.041684399047526424]
[-0.4914846580958387, 0.041684399047526424]
[-0.4914846580958387, 0.041684399047526424]
[-0.4914846580958387, 0.041684399047526424]
[-0.4914846580958387, 0.041684399047526424]
[-0.4914846580958387, 0.041684399047526424]
[-0.4897039746550744, 0.04156628610898299]
[-0.4897039746550744, 0.04156628610898299]
[-0.4897039746550744, 0.04156628610898299]
[-0.4897039746550744, 0.04156628610898299]
[-0.4897039746550744, 0.04156628610898299]
[-0.4897039746550744, 0.04156628610898299]
[-0.4897039746550744, 0.04156628610898299]
[-0.4897039746550744, 0.04156628610898299]
[-0.4878836314277861, 0.04143655276053597]
[-0.4878836314277861, 0.04143655276053597]
[-0.4878836314277861, 0.04143655276053597]
[-0.4878836314277861, 0.04143655276053597]
[-0.4878836314277861, 0.04143655276053597]
[-0.4878836314277861, 0.04143655276053597]
[-0.4878836314277861, 0.04143655276053597]
[-0.4878836314277861, 0.04143655276053597]
[-0.48600459659593576, 0.04129596376060351]
[-0.48600459659593576, 0.04129596376060351]
[-0.48600459659593576, 0.04129596376060351]
[-0.48600459659593576, 0.04129596376060351]
[-0.48600459659593576, 0.04129596376060351]
[-0.48600459659593576, 0.04129596376060351]
[-0.48600459659593576, 0.04129596376060351]
[-0.48600459659593576, 0.04129596376060351]
[-0.4844479116568525, 0.04118486889900262]
[-0.4844479116568525, 0.04118486889900262]
[-0.4844479116568525, 0.04118486889900262]
[-0.4844479116568525, 0.04118486889900262]
[-0.4844479116568525, 0.04118486889900262]
[-0.4844479116568525, 0.04118486889900262]
[-0.4844479116568525, 0.04118486889900262]
[-0.4844479116568525, 0.04118486889900262]
[-0.48271827645971466, 0.041046463574395876]
[-0.48271827645971466, 0.041046463574395876]
[-0.48271827645971466, 0.041046463574395876]
[-0.48271827645971466, 0.041046463574395876]
[-0.48271827645971466, 0.041046463574395876]
[-0.48271827645971466, 0.041046463574395876]
[-0.48271827645971466, 0.041046463574395876]
[-0.48271827645971466, 0.041046463574395876]
[-0.4811293954417714, 0.0409082558946878]
[-0.4811293954417714, 0.0409082558946878]
[-0.4811293954417714, 0.0409082558946878]
[-0.4811293954417714, 0.0409082558946878]
[-0.4811293954417714, 0.0409082558946878]
[-0.4811293954417714, 0.0409082558946878]
[-0.4811293954417714, 0.0409082558946878]
[-0.4811293954417714, 0.0409082558946878]
[-0.4789193578529053, 0.04071866090765693]
[-0.4789193578529053, 0.04071866090765693]
[-0.4789193578529053, 0.04071866090765693]
[-0.4789193578529053, 0.04071866090765693]
[-0.4789193578529053, 0.04071866090765693]
[-0.4789193578529053, 0.04071866090765693]
[-0.4789193578529053, 0.04071866090765693]
[-0.4789193578529053, 0.04071866090765693]
[-0.4772515400009555, 0.04059116366708627]
[-0.4772515400009555, 0.04059116366708627]
[-0.4772515400009555, 0.04059116366708627]
[-0.4772515400009555, 0.04059116366708627]
[-0.4772515400009555, 0.04059116366708627]
[-0.4772515400009555, 0.04059116366708627]
[-0.4772515400009555, 0.04059116366708627]
[-0.4772515400009555, 0.04059116366708627]
[-0.4754197336016352, 0.04044465614927572]
[-0.4754197336016352, 0.04044465614927572]
[-0.4754197336016352, 0.04044465614927572]
[-0.4754197336016352, 0.04044465614927572]
[-0.4754197336016352, 0.04044465614927572]
[-0.4754197336016352, 0.04044465614927572]
[-0.4754197336016352, 0.04044465614927572]
[-0.4754197336016352, 0.04044465614927572]
[-0.47371047488165596, 0.040304264654799034]
[-0.47371047488165596, 0.040304264654799034]
[-0.47371047488165596, 0.040304264654799034]
[-0.47371047488165596, 0.040304264654799034]
[-0.47371047488165596, 0.040304264654799034]
[-0.47371047488165596, 0.040304264654799034]
[-0.47371047488165596, 0.040304264654799034]
[-0.47371047488165596, 0.040304264654799034]
[-0.47158190042096254, 0.040124667699410574]
[-0.47158190042096254, 0.040124667699410574]
[-0.47158190042096254, 0.040124667699410574]
[-0.47158190042096254, 0.040124667699410574]
[-0.47158190042096254, 0.040124667699410574]
[-0.47158190042096254, 0.040124667699410574]
[-0.47158190042096254, 0.040124667699410574]
[-0.47158190042096254, 0.040124667699410574]
[-0.46978190658652713, 0.03999618412385195]
[-0.46978190658652713, 0.03999618412385195]
[-0.46978190658652713, 0.03999618412385195]
[-0.46978190658652713, 0.03999618412385195]
[-0.46978190658652713, 0.03999618412385195]
[-0.46978190658652713, 0.03999618412385195]
[-0.46978190658652713, 0.03999618412385195]
[-0.46978190658652713, 0.03999618412385195]
[-0.46786882372222455, 0.03985775606214673]
[-0.46786882372222455, 0.03985775606214673]
[-0.46786882372222455, 0.03985775606214673]
[-0.46786882372222455, 0.03985775606214673]
[-0.46786882372222455, 0.03985775606214673]
[-0.46786882372222455, 0.03985775606214673]
[-0.46786882372222455, 0.03985775606214673]
[-0.46786882372222455, 0.03985775606214673]
[-0.46575672362673326, 0.0397175582247776]
[-0.46575672362673326, 0.0397175582247776]
[-0.46575672362673326, 0.0397175582247776]
[-0.46575672362673326, 0.0397175582247776]
[-0.46575672362673326, 0.0397175582247776]
[-0.46575672362673326, 0.0397175582247776]
[-0.46575672362673326, 0.0397175582247776]
[-0.46575672362673326, 0.0397175582247776]
[-0.4638597095100936, 0.0396005228087289]
[-0.4638597095100936, 0.0396005228087289]
[-0.4638597095100936, 0.0396005228087289]
[-0.4638597095100936, 0.0396005228087289]
[-0.4638597095100936, 0.0396005228087289]
[-0.4638597095100936, 0.0396005228087289]
[-0.4638597095100936, 0.0396005228087289]
[-0.4638597095100936, 0.0396005228087289]
[-0.4623198000010038, 0.039489901361769005]
[-0.4623198000010038, 0.039489901361769005]
[-0.4623198000010038, 0.039489901361769005]
[-0.4623198000010038, 0.039489901361769005]
[-0.4623198000010038, 0.039489901361769005]
[-0.4623198000010038, 0.039489901361769005]
[-0.4623198000010038, 0.039489901361769005]
[-0.4623198000010038, 0.039489901361769005]
[-0.4604640056242041, 0.039342862836755386]
[-0.4604640056242041, 0.039342862836755386]
[-0.4604640056242041, 0.039342862836755386]
[-0.4604640056242041, 0.039342862836755386]
[-0.4604640056242041, 0.039342862836755386]
[-0.4604640056242041, 0.039342862836755386]
[-0.4604640056242041, 0.039342862836755386]
[-0.4604640056242041, 0.039342862836755386]
[-0.4586638697363937, 0.039199499463923516]
[-0.4586638697363937, 0.039199499463923516]
[-0.4586638697363937, 0.039199499463923516]
[-0.4586638697363937, 0.039199499463923516]
[-0.4586638697363937, 0.039199499463923516]
[-0.4586638697363937, 0.039199499463923516]
[-0.4586638697363937, 0.039199499463923516]
[-0.4586638697363937, 0.039199499463923516]
[-0.4567344142665044, 0.0390481420063663]
[-0.4567344142665044, 0.0390481420063663]
[-0.4567344142665044, 0.0390481420063663]
[-0.4567344142665044, 0.0390481420063663]
[-0.4567344142665044, 0.0390481420063663]
[-0.4567344142665044, 0.0390481420063663]
[-0.4567344142665044, 0.0390481420063663]
[-0.4567344142665044, 0.0390481420063663]
[-0.4545938173852526, 0.038893889434791364]
[-0.4545938173852526, 0.038893889434791364]
[-0.4545938173852526, 0.038893889434791364]
[-0.4545938173852526, 0.038893889434791364]
[-0.4545938173852526, 0.038893889434791364]
[-0.4545938173852526, 0.038893889434791364]
[-0.4545938173852526, 0.038893889434791364]
[-0.4545938173852526, 0.038893889434791364]
[-0.45238015396968106, 0.03876088715230472]
[-0.45238015396968106, 0.03876088715230472]
[-0.45238015396968106, 0.03876088715230472]
[-0.45238015396968106, 0.03876088715230472]
[-0.45238015396968106, 0.03876088715230472]
[-0.45238015396968106, 0.03876088715230472]
[-0.45238015396968106, 0.03876088715230472]
[-0.45238015396968106, 0.03876088715230472]
[-0.4504565281567352, 0.03866819680738299]
[-0.4504565281567352, 0.03866819680738299]
[-0.4504565281567352, 0.03866819680738299]
[-0.4504565281567352, 0.03866819680738299]
[-0.4504565281567352, 0.03866819680738299]
[-0.4504565281567352, 0.03866819680738299]
[-0.4504565281567352, 0.03866819680738299]
[-0.4504565281567352, 0.03866819680738299]
[-0.44817601974999755, 0.038547875753210364]
[-0.44817601974999755, 0.038547875753210364]
[-0.44817601974999755, 0.038547875753210364]
[-0.44817601974999755, 0.038547875753210364]
[-0.44817601974999755, 0.038547875753210364]
[-0.44817601974999755, 0.038547875753210364]
[-0.44817601974999755, 0.038547875753210364]
[-0.44817601974999755, 0.038547875753210364]
[-0.4459236120324826, 0.0384521643732519]
[-0.4459236120324826, 0.0384521643732519]
[-0.4459236120324826, 0.0384521643732519]
[-0.4459236120324826, 0.0384521643732519]
[-0.4459236120324826, 0.0384521643732519]
[-0.4459236120324826, 0.0384521643732519]
[-0.4459236120324826, 0.0384521643732519]
[-0.4459236120324826, 0.0384521643732519]
[-0.4437039472055384, 0.038376533042593204]
[-0.4437039472055384, 0.038376533042593204]
[-0.4437039472055384, 0.038376533042593204]
[-0.4437039472055384, 0.038376533042593204]
[-0.4437039472055384, 0.038376533042593204]
[-0.4437039472055384, 0.038376533042593204]
[-0.4437039472055384, 0.038376533042593204]
[-0.4437039472055384, 0.038376533042593204]
[-0.4411490364528153, 0.038323566604789826]
[-0.4411490364528153, 0.038323566604789826]
[-0.4411490364528153, 0.038323566604789826]
[-0.4411490364528153, 0.038323566604789826]
[-0.4411490364528153, 0.038323566604789826]
[-0.4411490364528153, 0.038323566604789826]
[-0.4411490364528153, 0.038323566604789826]
[-0.4411490364528153, 0.038323566604789826]
[-0.43924633293716464, 0.03830703642511113]
[-0.43924633293716464, 0.03830703642511113]
[-0.43924633293716464, 0.03830703642511113]
[-0.43924633293716464, 0.03830703642511113]
[-0.43924633293716464, 0.03830703642511113]
[-0.43924633293716464, 0.03830703642511113]
[-0.43924633293716464, 0.03830703642511113]
[-0.43924633293716464, 0.03830703642511113]
[-0.436950581880491, 0.03828534517312492]
[-0.436950581880491, 0.03828534517312492]
[-0.436950581880491, 0.03828534517312492]
[-0.436950581880491, 0.03828534517312492]
[-0.436950581880491, 0.03828534517312492]
[-0.436950581880491, 0.03828534517312492]
[-0.436950581880491, 0.03828534517312492]
[-0.436950581880491, 0.03828534517312492]
[-0.4350906026032637, 0.038277138233169285]
[-0.4350906026032637, 0.038277138233169285]
[-0.4350906026032637, 0.038277138233169285]
[-0.4350906026032637, 0.038277138233169285]
[-0.4350906026032637, 0.038277138233169285]
[-0.4350906026032637, 0.038277138233169285]
[-0.4350906026032637, 0.038277138233169285]
[-0.4350906026032637, 0.038277138233169285]
[-0.43281707226120536, 0.03826437749960627]
[-0.43281707226120536, 0.03826437749960627]
[-0.43281707226120536, 0.03826437749960627]
[-0.43281707226120536, 0.03826437749960627]
[-0.43281707226120536, 0.03826437749960627]
[-0.43281707226120536, 0.03826437749960627]
[-0.43281707226120536, 0.03826437749960627]
[-0.43281707226120536, 0.03826437749960627]
[-0.43123969484303953, 0.038265162785275475]
[-0.43123969484303953, 0.038265162785275475]
[-0.43123969484303953, 0.038265162785275475]
[-0.43123969484303953, 0.038265162785275475]
[-0.43123969484303953, 0.038265162785275475]
[-0.43123969484303953, 0.038265162785275475]
[-0.43123969484303953, 0.038265162785275475]
[-0.43123969484303953, 0.038265162785275475]
[-0.42878435687835137, 0.038225610499161275]
[-0.42878435687835137, 0.038225610499161275]
[-0.42878435687835137, 0.038225610499161275]
[-0.42878435687835137, 0.038225610499161275]
[-0.42878435687835137, 0.038225610499161275]
[-0.42878435687835137, 0.038225610499161275]
[-0.42878435687835137, 0.038225610499161275]
[-0.42878435687835137, 0.038225610499161275]
[-0.4266543374011526, 0.038224752027697734]
[-0.4266543374011526, 0.038224752027697734]
[-0.4266543374011526, 0.038224752027697734]
[-0.4266543374011526, 0.038224752027697734]
[-0.4266543374011526, 0.038224752027697734]
[-0.4266543374011526, 0.038224752027697734]
[-0.4266543374011526, 0.038224752027697734]
[-0.4266543374011526, 0.038224752027697734]
[-0.42439203157246863, 0.038236888744201704]
[-0.42439203157246863, 0.038236888744201704]
[-0.42439203157246863, 0.038236888744201704]
[-0.42439203157246863, 0.038236888744201704]
[-0.42439203157246863, 0.038236888744201704]
[-0.42439203157246863, 0.038236888744201704]
[-0.42439203157246863, 0.038236888744201704]
[-0.42439203157246863, 0.038236888744201704]
[-0.4221603208612595, 0.03826828593791168]
[-0.4221603208612595, 0.03826828593791168]
[-0.4221603208612595, 0.03826828593791168]
[-0.4221603208612595, 0.03826828593791168]
[-0.4221603208612595, 0.03826828593791168]
[-0.4221603208612595, 0.03826828593791168]
[-0.4221603208612595, 0.03826828593791168]
[-0.4221603208612595, 0.03826828593791168]
[-0.42036114481379533, 0.03829525781320546]
[-0.42036114481379533, 0.03829525781320546]
[-0.42036114481379533, 0.03829525781320546]
[-0.42036114481379533, 0.03829525781320546]
[-0.42036114481379533, 0.03829525781320546]
[-0.42036114481379533, 0.03829525781320546]
[-0.42036114481379533, 0.03829525781320546]
[-0.42036114481379533, 0.03829525781320546]
[-0.41841331991173925, 0.038311027189042224]
[-0.41841331991173925, 0.038311027189042224]
[-0.41841331991173925, 0.038311027189042224]
[-0.41841331991173925, 0.038311027189042224]
[-0.41841331991173925, 0.038311027189042224]
[-0.41841331991173925, 0.038311027189042224]
[-0.41841331991173925, 0.038311027189042224]
[-0.41841331991173925, 0.038311027189042224]
[-0.4166979751933481, 0.03831354960914183]
[-0.4166979751933481, 0.03831354960914183]
[-0.4166979751933481, 0.03831354960914183]
[-0.4166979751933481, 0.03831354960914183]
[-0.4166979751933481, 0.03831354960914183]
[-0.4166979751933481, 0.03831354960914183]
[-0.4166979751933481, 0.03831354960914183]
[-0.4166979751933481, 0.03831354960914183]
[-0.41510915760731154, 0.0382946415760417]
[-0.41510915760731154, 0.0382946415760417]
[-0.41510915760731154, 0.0382946415760417]
[-0.41510915760731154, 0.0382946415760417]
[-0.41510915760731154, 0.0382946415760417]
[-0.41510915760731154, 0.0382946415760417]
[-0.41510915760731154, 0.0382946415760417]
[-0.41510915760731154, 0.0382946415760417]
[-0.41303959665423784, 0.03824486541180461]
[-0.41303959665423784, 0.03824486541180461]
[-0.41303959665423784, 0.03824486541180461]
[-0.41303959665423784, 0.03824486541180461]
[-0.41303959665423784, 0.03824486541180461]
[-0.41303959665423784, 0.03824486541180461]
[-0.41303959665423784, 0.03824486541180461]
[-0.41303959665423784, 0.03824486541180461]
[-0.41109703330603425, 0.03819846864286452]
[-0.41109703330603425, 0.03819846864286452]
[-0.41109703330603425, 0.03819846864286452]
[-0.41109703330603425, 0.03819846864286452]
[-0.41109703330603425, 0.03819846864286452]
[-0.41109703330603425, 0.03819846864286452]
[-0.41109703330603425, 0.03819846864286452]
[-0.41109703330603425, 0.03819846864286452]
[-0.40899482730944187, 0.038142375236136755]
[-0.40899482730944187, 0.038142375236136755]
[-0.40899482730944187, 0.038142375236136755]
[-0.40899482730944187, 0.038142375236136755]
[-0.40899482730944187, 0.038142375236136755]
[-0.40899482730944187, 0.038142375236136755]
[-0.40899482730944187, 0.038142375236136755]
[-0.40899482730944187, 0.038142375236136755]
[-0.4070688463562321, 0.03809814053654195]
[-0.4070688463562321, 0.03809814053654195]
[-0.4070688463562321, 0.03809814053654195]
[-0.4070688463562321, 0.03809814053654195]
[-0.4070688463562321, 0.03809814053654195]
[-0.4070688463562321, 0.03809814053654195]
[-0.4070688463562321, 0.03809814053654195]
[-0.4070688463562321, 0.03809814053654195]
[-0.40474403414282095, 0.03805111331356264]
[-0.40474403414282095, 0.03805111331356264]
[-0.40474403414282095, 0.03805111331356264]
[-0.40474403414282095, 0.03805111331356264]
[-0.40474403414282095, 0.03805111331356264]
[-0.40474403414282095, 0.03805111331356264]
[-0.40474403414282095, 0.03805111331356264]
[-0.40474403414282095, 0.03805111331356264]
[-0.40321707327547546, 0.03802259414420457]
[-0.40321707327547546, 0.03802259414420457]
[-0.40321707327547546, 0.03802259414420457]
[-0.40321707327547546, 0.03802259414420457]
[-0.40321707327547546, 0.03802259414420457]
[-0.40321707327547546, 0.03802259414420457]
[-0.40321707327547546, 0.03802259414420457]
[-0.40321707327547546, 0.03802259414420457]
[-0.40072709871373147, 0.037960941514474135]
[-0.40072709871373147, 0.037960941514474135]
[-0.40072709871373147, 0.037960941514474135]
[-0.40072709871373147, 0.037960941514474135]
[-0.40072709871373147, 0.037960941514474135]
[-0.40072709871373147, 0.037960941514474135]
[-0.40072709871373147, 0.037960941514474135]
[-0.40072709871373147, 0.037960941514474135]
[-0.3985764337473899, 0.037938971857343164]
[-0.3985764337473899, 0.037938971857343164]
[-0.3985764337473899, 0.037938971857343164]
[-0.3985764337473899, 0.037938971857343164]
[-0.3985764337473899, 0.037938971857343164]
[-0.3985764337473899, 0.037938971857343164]
[-0.3985764337473899, 0.037938971857343164]
[-0.3985764337473899, 0.037938971857343164]
[-0.3961608129503304, 0.03793407059804096]
[-0.3961608129503304, 0.03793407059804096]
[-0.3961608129503304, 0.03793407059804096]
[-0.3961608129503304, 0.03793407059804096]
[-0.3961608129503304, 0.03793407059804096]
[-0.3961608129503304, 0.03793407059804096]
[-0.3961608129503304, 0.03793407059804096]
[-0.3961608129503304, 0.03793407059804096]
[-0.3942670023684982, 0.03794568946248164]
[-0.3942670023684982, 0.03794568946248164]
[-0.3942670023684982, 0.03794568946248164]
[-0.3942670023684982, 0.03794568946248164]
[-0.3942670023684982, 0.03794568946248164]
[-0.3942670023684982, 0.03794568946248164]
[-0.3942670023684982, 0.03794568946248164]
[-0.3942670023684982, 0.03794568946248164]
[-0.3919973557928364, 0.03795259284728309]
[-0.3919973557928364, 0.03795259284728309]
[-0.3919973557928364, 0.03795259284728309]
[-0.3919973557928364, 0.03795259284728309]
[-0.3919973557928364, 0.03795259284728309]
[-0.3919973557928364, 0.03795259284728309]
[-0.3919973557928364, 0.03795259284728309]
[-0.3919973557928364, 0.03795259284728309]
[-0.39017687116966354, 0.03797030685854527]
[-0.39017687116966354, 0.03797030685854527]
[-0.39017687116966354, 0.03797030685854527]
[-0.39017687116966354, 0.03797030685854527]
[-0.39017687116966354, 0.03797030685854527]
[-0.39017687116966354, 0.03797030685854527]
[-0.39017687116966354, 0.03797030685854527]
[-0.39017687116966354, 0.03797030685854527]
[-0.38823748231085065, 0.03797231847431853]
[-0.38823748231085065, 0.03797231847431853]
[-0.38823748231085065, 0.03797231847431853]
[-0.38823748231085065, 0.03797231847431853]
[-0.38823748231085065, 0.03797231847431853]
[-0.38823748231085065, 0.03797231847431853]
[-0.38823748231085065, 0.03797231847431853]
[-0.38823748231085065, 0.03797231847431853]
[-0.3863908864660911, 0.03796778376501149]
[-0.3863908864660911, 0.03796778376501149]
[-0.3863908864660911, 0.03796778376501149]
[-0.3863908864660911, 0.03796778376501149]
[-0.3863908864660911, 0.03796778376501149]
[-0.3863908864660911, 0.03796778376501149]
[-0.3863908864660911, 0.03796778376501149]
[-0.3863908864660911, 0.03796778376501149]
[-0.3846599691794881, 0.0379539027558493]
[-0.3846599691794881, 0.0379539027558493]
[-0.3846599691794881, 0.0379539027558493]
[-0.3846599691794881, 0.0379539027558493]
[-0.3846599691794881, 0.0379539027558493]
[-0.3846599691794881, 0.0379539027558493]
[-0.3846599691794881, 0.0379539027558493]
[-0.3846599691794881, 0.0379539027558493]
[-0.3820720484184092, 0.03792665709410616]
[-0.3820720484184092, 0.03792665709410616]
[-0.3820720484184092, 0.03792665709410616]
[-0.3820720484184092, 0.03792665709410616]
[-0.3820720484184092, 0.03792665709410616]
[-0.3820720484184092, 0.03792665709410616]
[-0.3820720484184092, 0.03792665709410616]
[-0.3820720484184092, 0.03792665709410616]
[-0.37961489630590195, 0.037956820212267706]
[-0.37961489630590195, 0.037956820212267706]
[-0.37961489630590195, 0.037956820212267706]
[-0.37961489630590195, 0.037956820212267706]
[-0.37961489630590195, 0.037956820212267706]
[-0.37961489630590195, 0.037956820212267706]
[-0.37961489630590195, 0.037956820212267706]
[-0.37961489630590195, 0.037956820212267706]
[-0.37777587060246604, 0.03799150587285689]
[-0.37777587060246604, 0.03799150587285689]
[-0.37777587060246604, 0.03799150587285689]
[-0.37777587060246604, 0.03799150587285689]
[-0.37777587060246604, 0.03799150587285689]
[-0.37777587060246604, 0.03799150587285689]
[-0.37777587060246604, 0.03799150587285689]
[-0.37777587060246604, 0.03799150587285689]
[-0.37521237691061915, 0.038046091650273325]
[-0.37521237691061915, 0.038046091650273325]
[-0.37521237691061915, 0.038046091650273325]
[-0.37521237691061915, 0.038046091650273325]
[-0.37521237691061915, 0.038046091650273325]
[-0.37521237691061915, 0.038046091650273325]
[-0.37521237691061915, 0.038046091650273325]
[-0.37521237691061915, 0.038046091650273325]
[-0.37358277662857464, 0.03809557323537398]
[-0.37358277662857464, 0.03809557323537398]
[-0.37358277662857464, 0.03809557323537398]
[-0.37358277662857464, 0.03809557323537398]
[-0.37358277662857464, 0.03809557323537398]
[-0.37358277662857464, 0.03809557323537398]
[-0.37358277662857464, 0.03809557323537398]
[-0.37358277662857464, 0.03809557323537398]
[-0.37158444004516883, 0.03813257668668519]
[-0.37158444004516883, 0.03813257668668519]
[-0.37158444004516883, 0.03813257668668519]
[-0.37158444004516883, 0.03813257668668519]
[-0.37158444004516883, 0.03813257668668519]
[-0.37158444004516883, 0.03813257668668519]
[-0.37158444004516883, 0.03813257668668519]
[-0.37158444004516883, 0.03813257668668519]
[-0.3695934084946851, 0.03816366151029934]
[-0.3695934084946851, 0.03816366151029934]
[-0.3695934084946851, 0.03816366151029934]
[-0.3695934084946851, 0.03816366151029934]
[-0.3695934084946851, 0.03816366151029934]
[-0.3695934084946851, 0.03816366151029934]
[-0.3695934084946851, 0.03816366151029934]
[-0.3695934084946851, 0.03816366151029934]
[-0.3675726153781365, 0.03819097105487587]
[-0.3675726153781365, 0.03819097105487587]
[-0.3675726153781365, 0.03819097105487587]
[-0.3675726153781365, 0.03819097105487587]
[-0.3675726153781365, 0.03819097105487587]
[-0.3675726153781365, 0.03819097105487587]
[-0.3675726153781365, 0.03819097105487587]
[-0.3675726153781365, 0.03819097105487587]
[-0.36548266331485885, 0.038221100921971264]
[-0.36548266331485885, 0.038221100921971264]
[-0.36548266331485885, 0.038221100921971264]
[-0.36548266331485885, 0.038221100921971264]
[-0.36548266331485885, 0.038221100921971264]
[-0.36548266331485885, 0.038221100921971264]
[-0.36548266331485885, 0.038221100921971264]
[-0.36548266331485885, 0.038221100921971264]
[-0.3630240274383708, 0.0382778316921135]
[-0.3630240274383708, 0.0382778316921135]
[-0.3630240274383708, 0.0382778316921135]
[-0.3630240274383708, 0.0382778316921135]
[-0.3630240274383708, 0.0382778316921135]
[-0.3630240274383708, 0.0382778316921135]
[-0.3630240274383708, 0.0382778316921135]
[-0.3630240274383708, 0.0382778316921135]
[-0.3611399731956327, 0.038320419078909276]
[-0.3611399731956327, 0.038320419078909276]
[-0.3611399731956327, 0.038320419078909276]
[-0.3611399731956327, 0.038320419078909276]
[-0.3611399731956327, 0.038320419078909276]
[-0.3611399731956327, 0.038320419078909276]
[-0.3611399731956327, 0.038320419078909276]
[-0.3611399731956327, 0.038320419078909276]
[-0.3587804615105778, 0.038355771289340944]
[-0.3587804615105778, 0.038355771289340944]
[-0.3587804615105778, 0.038355771289340944]
[-0.3587804615105778, 0.038355771289340944]
[-0.3587804615105778, 0.038355771289340944]
[-0.3587804615105778, 0.038355771289340944]
[-0.3587804615105778, 0.038355771289340944]
[-0.3587804615105778, 0.038355771289340944]
[-0.35696899279202626, 0.03838753673021814]
[-0.35696899279202626, 0.03838753673021814]
[-0.35696899279202626, 0.03838753673021814]
[-0.35696899279202626, 0.03838753673021814]
[-0.35696899279202626, 0.03838753673021814]
[-0.35696899279202626, 0.03838753673021814]
[-0.35696899279202626, 0.03838753673021814]
[-0.35696899279202626, 0.03838753673021814]
[-0.3549309888088698, 0.03838836691943574]
[-0.3549309888088698, 0.03838836691943574]
[-0.3549309888088698, 0.03838836691943574]
[-0.3549309888088698, 0.03838836691943574]
[-0.3549309888088698, 0.03838836691943574]
[-0.3549309888088698, 0.03838836691943574]
[-0.3549309888088698, 0.03838836691943574]
[-0.3549309888088698, 0.03838836691943574]
[-0.35292098664063115, 0.03838814092514441]
[-0.35292098664063115, 0.03838814092514441]
[-0.35292098664063115, 0.03838814092514441]
[-0.35292098664063115, 0.03838814092514441]
[-0.35292098664063115, 0.03838814092514441]
[-0.35292098664063115, 0.03838814092514441]
[-0.35292098664063115, 0.03838814092514441]
[-0.35292098664063115, 0.03838814092514441]
[-0.3507978813156852, 0.03838836976771087]
[-0.3507978813156852, 0.03838836976771087]
[-0.3507978813156852, 0.03838836976771087]
[-0.3507978813156852, 0.03838836976771087]
[-0.3507978813156852, 0.03838836976771087]
[-0.3507978813156852, 0.03838836976771087]
[-0.3507978813156852, 0.03838836976771087]
[-0.3507978813156852, 0.03838836976771087]
[-0.34804489958649065, 0.03841258573603888]
[-0.34804489958649065, 0.03841258573603888]
[-0.34804489958649065, 0.03841258573603888]
[-0.34804489958649065, 0.03841258573603888]
[-0.34804489958649065, 0.03841258573603888]
[-0.34804489958649065, 0.03841258573603888]
[-0.34804489958649065, 0.03841258573603888]
[-0.34804489958649065, 0.03841258573603888]
[-0.3458937650588465, 0.038438390310212234]
[-0.3458937650588465, 0.038438390310212234]
[-0.3458937650588465, 0.038438390310212234]
[-0.3458937650588465, 0.038438390310212234]
[-0.3458937650588465, 0.038438390310212234]
[-0.3458937650588465, 0.038438390310212234]
[-0.3458937650588465, 0.038438390310212234]
[-0.3458937650588465, 0.038438390310212234]
[-0.343932705846492, 0.038421342294172066]
[-0.343932705846492, 0.038421342294172066]
[-0.343932705846492, 0.038421342294172066]
[-0.343932705846492, 0.038421342294172066]
[-0.343932705846492, 0.038421342294172066]
[-0.343932705846492, 0.038421342294172066]
[-0.343932705846492, 0.038421342294172066]
[-0.343932705846492, 0.038421342294172066]
[-0.34160944392962317, 0.03836896761013151]
[-0.34160944392962317, 0.03836896761013151]
[-0.34160944392962317, 0.03836896761013151]
[-0.34160944392962317, 0.03836896761013151]
[-0.34160944392962317, 0.03836896761013151]
[-0.34160944392962317, 0.03836896761013151]
[-0.34160944392962317, 0.03836896761013151]
[-0.34160944392962317, 0.03836896761013151]
[-0.3397286021671721, 0.03831314467519141]
[-0.3397286021671721, 0.03831314467519141]
[-0.3397286021671721, 0.03831314467519141]
[-0.3397286021671721, 0.03831314467519141]
[-0.3397286021671721, 0.03831314467519141]
[-0.3397286021671721, 0.03831314467519141]
[-0.3397286021671721, 0.03831314467519141]
[-0.3397286021671721, 0.03831314467519141]
[-0.33725346343426615, 0.03824060882001498]
[-0.33725346343426615, 0.03824060882001498]
[-0.33725346343426615, 0.03824060882001498]
[-0.33725346343426615, 0.03824060882001498]
[-0.33725346343426615, 0.03824060882001498]
[-0.33725346343426615, 0.03824060882001498]
[-0.33725346343426615, 0.03824060882001498]
[-0.33725346343426615, 0.03824060882001498]
[-0.33453113376676014, 0.038203776765959596]
[-0.33453113376676014, 0.038203776765959596]
[-0.33453113376676014, 0.038203776765959596]
[-0.33453113376676014, 0.038203776765959596]
[-0.33453113376676014, 0.038203776765959596]
[-0.33453113376676014, 0.038203776765959596]
[-0.33453113376676014, 0.038203776765959596]
[-0.33453113376676014, 0.038203776765959596]
[-0.3325200206233523, 0.03820048080122427]
[-0.3325200206233523, 0.03820048080122427]
[-0.3325200206233523, 0.03820048080122427]
[-0.3325200206233523, 0.03820048080122427]
[-0.3325200206233523, 0.03820048080122427]
[-0.3325200206233523, 0.03820048080122427]
[-0.3325200206233523, 0.03820048080122427]
[-0.3325200206233523, 0.03820048080122427]
[-0.3300866166229307, 0.038165121102344435]
[-0.3300866166229307, 0.038165121102344435]
[-0.3300866166229307, 0.038165121102344435]
[-0.3300866166229307, 0.038165121102344435]
[-0.3300866166229307, 0.038165121102344435]
[-0.3300866166229307, 0.038165121102344435]
[-0.3300866166229307, 0.038165121102344435]
[-0.3300866166229307, 0.038165121102344435]
[-0.32775266876221887, 0.038136551730449025]
[-0.32775266876221887, 0.038136551730449025]
[-0.32775266876221887, 0.038136551730449025]
[-0.32775266876221887, 0.038136551730449025]
[-0.32775266876221887, 0.038136551730449025]
[-0.32775266876221887, 0.038136551730449025]
[-0.32775266876221887, 0.038136551730449025]
[-0.32775266876221887, 0.038136551730449025]
[-0.32564973310772444, 0.038102229499132306]
[-0.32564973310772444, 0.038102229499132306]
[-0.32564973310772444, 0.038102229499132306]
[-0.32564973310772444, 0.038102229499132306]
[-0.32564973310772444, 0.038102229499132306]
[-0.32564973310772444, 0.038102229499132306]
[-0.32564973310772444, 0.038102229499132306]
[-0.32564973310772444, 0.038102229499132306]
[-0.32333539028367964, 0.03804071727145865]
[-0.32333539028367964, 0.03804071727145865]
[-0.32333539028367964, 0.03804071727145865]
[-0.32333539028367964, 0.03804071727145865]
[-0.32333539028367964, 0.03804071727145865]
[-0.32333539028367964, 0.03804071727145865]
[-0.32333539028367964, 0.03804071727145865]
[-0.32333539028367964, 0.03804071727145865]
[-0.3211097019427084, 0.03796812504154229]
[-0.3211097019427084, 0.03796812504154229]
[-0.3211097019427084, 0.03796812504154229]
[-0.3211097019427084, 0.03796812504154229]
[-0.3211097019427084, 0.03796812504154229]
[-0.3211097019427084, 0.03796812504154229]
[-0.3211097019427084, 0.03796812504154229]
[-0.3211097019427084, 0.03796812504154229]
[-0.3187240217301627, 0.03788773939763313]
[-0.3187240217301627, 0.03788773939763313]
[-0.3187240217301627, 0.03788773939763313]
[-0.3187240217301627, 0.03788773939763313]
[-0.3187240217301627, 0.03788773939763313]
[-0.3187240217301627, 0.03788773939763313]
[-0.3187240217301627, 0.03788773939763313]
[-0.3187240217301627, 0.03788773939763313]
[-0.31645964284907435, 0.03780627123268307]
[-0.31645964284907435, 0.03780627123268307]
[-0.31645964284907435, 0.03780627123268307]
[-0.31645964284907435, 0.03780627123268307]
[-0.31645964284907435, 0.03780627123268307]
[-0.31645964284907435, 0.03780627123268307]
[-0.31645964284907435, 0.03780627123268307]
[-0.31645964284907435, 0.03780627123268307]
[-0.314531628360826, 0.03772077488278459]
[-0.314531628360826, 0.03772077488278459]
[-0.314531628360826, 0.03772077488278459]
[-0.314531628360826, 0.03772077488278459]
[-0.314531628360826, 0.03772077488278459]
[-0.314531628360826, 0.03772077488278459]
[-0.314531628360826, 0.03772077488278459]
[-0.314531628360826, 0.03772077488278459]
[-0.3118887511971353, 0.03759180537549573]
[-0.3118887511971353, 0.03759180537549573]
[-0.3118887511971353, 0.03759180537549573]
[-0.3118887511971353, 0.03759180537549573]
[-0.3118887511971353, 0.03759180537549573]
[-0.3118887511971353, 0.03759180537549573]
[-0.3118887511971353, 0.03759180537549573]
[-0.3118887511971353, 0.03759180537549573]
[-0.30942694151260297, 0.037505108434609274]
[-0.30942694151260297, 0.037505108434609274]
[-0.30942694151260297, 0.037505108434609274]
[-0.30942694151260297, 0.037505108434609274]
[-0.30942694151260297, 0.037505108434609274]
[-0.30942694151260297, 0.037505108434609274]
[-0.30942694151260297, 0.037505108434609274]
[-0.30942694151260297, 0.037505108434609274]
[-0.30736177649947327, 0.03744924027592387]
[-0.30736177649947327, 0.03744924027592387]
[-0.30736177649947327, 0.03744924027592387]
[-0.30736177649947327, 0.03744924027592387]
[-0.30736177649947327, 0.03744924027592387]
[-0.30736177649947327, 0.03744924027592387]
[-0.30736177649947327, 0.03744924027592387]
[-0.30736177649947327, 0.03744924027592387]
[-0.30505995950922815, 0.03737398482078078]
[-0.30505995950922815, 0.03737398482078078]
[-0.30505995950922815, 0.03737398482078078]
[-0.30505995950922815, 0.03737398482078078]
[-0.30505995950922815, 0.03737398482078078]
[-0.30505995950922815, 0.03737398482078078]
[-0.30505995950922815, 0.03737398482078078]
[-0.30505995950922815, 0.03737398482078078]
[-0.3023255818609541, 0.03730876503526229]
[-0.3023255818609541, 0.03730876503526229]
[-0.3023255818609541, 0.03730876503526229]
[-0.3023255818609541, 0.03730876503526229]
[-0.3023255818609541, 0.03730876503526229]
[-0.3023255818609541, 0.03730876503526229]
[-0.3023255818609541, 0.03730876503526229]
[-0.3023255818609541, 0.03730876503526229]
[-0.3007472868081694, 0.03729299474005761]
[-0.3007472868081694, 0.03729299474005761]
[-0.3007472868081694, 0.03729299474005761]
[-0.3007472868081694, 0.03729299474005761]
[-0.3007472868081694, 0.03729299474005761]
[-0.3007472868081694, 0.03729299474005761]
[-0.3007472868081694, 0.03729299474005761]
[-0.3007472868081694, 0.03729299474005761]
[-0.2985358706309739, 0.03722036674447514]
[-0.2985358706309739, 0.03722036674447514]
[-0.2985358706309739, 0.03722036674447514]
[-0.2985358706309739, 0.03722036674447514]
[-0.2985358706309739, 0.03722036674447514]
[-0.2985358706309739, 0.03722036674447514]
[-0.2985358706309739, 0.03722036674447514]
[-0.2985358706309739, 0.03722036674447514]
[-0.29585670962464655, 0.03715143876932958]
[-0.29585670962464655, 0.03715143876932958]
[-0.29585670962464655, 0.03715143876932958]
[-0.29585670962464655, 0.03715143876932958]
[-0.29585670962464655, 0.03715143876932958]
[-0.29585670962464655, 0.03715143876932958]
[-0.29585670962464655, 0.03715143876932958]
[-0.29585670962464655, 0.03715143876932958]
[-0.29379946697011716, 0.037112600418444046]
[-0.29379946697011716, 0.037112600418444046]
[-0.29379946697011716, 0.037112600418444046]
[-0.29379946697011716, 0.037112600418444046]
[-0.29379946697011716, 0.037112600418444046]
[-0.29379946697011716, 0.037112600418444046]
[-0.29379946697011716, 0.037112600418444046]
[-0.29379946697011716, 0.037112600418444046]
[-0.2919622901387098, 0.03705176639926312]
[-0.2919622901387098, 0.03705176639926312]
[-0.2919622901387098, 0.03705176639926312]
[-0.2919622901387098, 0.03705176639926312]
[-0.2919622901387098, 0.03705176639926312]
[-0.2919622901387098, 0.03705176639926312]
[-0.2919622901387098, 0.03705176639926312]
[-0.2919622901387098, 0.03705176639926312]
[-0.2893364407112595, 0.03694872265243645]
[-0.2893364407112595, 0.03694872265243645]
[-0.2893364407112595, 0.03694872265243645]
[-0.2893364407112595, 0.03694872265243645]
[-0.2893364407112595, 0.03694872265243645]
[-0.2893364407112595, 0.03694872265243645]
[-0.2893364407112595, 0.03694872265243645]
[-0.2893364407112595, 0.03694872265243645]
[-0.2873024013722363, 0.036897044746937974]
[-0.2873024013722363, 0.036897044746937974]
[-0.2873024013722363, 0.036897044746937974]
[-0.2873024013722363, 0.036897044746937974]
[-0.2873024013722363, 0.036897044746937974]
[-0.2873024013722363, 0.036897044746937974]
[-0.2873024013722363, 0.036897044746937974]
[-0.2873024013722363, 0.036897044746937974]
[-0.28486073369596415, 0.0368178823559529]
[-0.28486073369596415, 0.0368178823559529]
[-0.28486073369596415, 0.0368178823559529]
[-0.28486073369596415, 0.0368178823559529]
[-0.28486073369596415, 0.0368178823559529]
[-0.28486073369596415, 0.0368178823559529]
[-0.28486073369596415, 0.0368178823559529]
[-0.28486073369596415, 0.0368178823559529]
[-0.282816840621004, 0.03677587563916128]
[-0.282816840621004, 0.03677587563916128]
[-0.282816840621004, 0.03677587563916128]
[-0.282816840621004, 0.03677587563916128]
[-0.282816840621004, 0.03677587563916128]
[-0.282816840621004, 0.03677587563916128]
[-0.282816840621004, 0.03677587563916128]
[-0.282816840621004, 0.03677587563916128]
[-0.28085529050266367, 0.03672593844902854]
[-0.28085529050266367, 0.03672593844902854]
[-0.28085529050266367, 0.03672593844902854]
[-0.28085529050266367, 0.03672593844902854]
[-0.28085529050266367, 0.03672593844902854]
[-0.28085529050266367, 0.03672593844902854]
[-0.28085529050266367, 0.03672593844902854]
[-0.28085529050266367, 0.03672593844902854]
[-0.2791538471841436, 0.036676421734012594]
[-0.2791538471841436, 0.036676421734012594]
[-0.2791538471841436, 0.036676421734012594]
[-0.2791538471841436, 0.036676421734012594]
[-0.2791538471841436, 0.036676421734012594]
[-0.2791538471841436, 0.036676421734012594]
[-0.2791538471841436, 0.036676421734012594]
[-0.2791538471841436, 0.036676421734012594]
[-0.27721651167906003, 0.036599239862576564]
[-0.27721651167906003, 0.036599239862576564]
[-0.27721651167906003, 0.036599239862576564]
[-0.27721651167906003, 0.036599239862576564]
[-0.27721651167906003, 0.036599239862576564]
[-0.27721651167906003, 0.036599239862576564]
[-0.27721651167906003, 0.036599239862576564]
[-0.27721651167906003, 0.036599239862576564]
[-0.2754194521837199, 0.03650940562237195]
[-0.2754194521837199, 0.03650940562237195]
[-0.2754194521837199, 0.03650940562237195]
[-0.2754194521837199, 0.03650940562237195]
[-0.2754194521837199, 0.03650940562237195]
[-0.2754194521837199, 0.03650940562237195]
[-0.2754194521837199, 0.03650940562237195]
[-0.2754194521837199, 0.03650940562237195]
[-0.2731389623657535, 0.0363779056709409]
[-0.2731389623657535, 0.0363779056709409]
[-0.2731389623657535, 0.0363779056709409]
[-0.2731389623657535, 0.0363779056709409]
[-0.2731389623657535, 0.0363779056709409]
[-0.2731389623657535, 0.0363779056709409]
[-0.2731389623657535, 0.0363779056709409]
[-0.2731389623657535, 0.0363779056709409]
[-0.27082797700240285, 0.036259668812697016]
[-0.27082797700240285, 0.036259668812697016]
[-0.27082797700240285, 0.036259668812697016]
[-0.27082797700240285, 0.036259668812697016]
[-0.27082797700240285, 0.036259668812697016]
[-0.27082797700240285, 0.036259668812697016]
[-0.27082797700240285, 0.036259668812697016]
[-0.27082797700240285, 0.036259668812697016]
[-0.26882321557135946, 0.03616932068116818]
[-0.26882321557135946, 0.03616932068116818]
[-0.26882321557135946, 0.03616932068116818]
[-0.26882321557135946, 0.03616932068116818]
[-0.26882321557135946, 0.03616932068116818]
[-0.26882321557135946, 0.03616932068116818]
[-0.26882321557135946, 0.03616932068116818]
[-0.26882321557135946, 0.03616932068116818]
[-0.2664015845043972, 0.03607347389206299]
[-0.2664015845043972, 0.03607347389206299]
[-0.2664015845043972, 0.03607347389206299]
[-0.2664015845043972, 0.03607347389206299]
[-0.2664015845043972, 0.03607347389206299]
[-0.2664015845043972, 0.03607347389206299]
[-0.2664015845043972, 0.03607347389206299]
[-0.2664015845043972, 0.03607347389206299]
[-0.2646716976379002, 0.036025956828807604]
[-0.2646716976379002, 0.036025956828807604]
[-0.2646716976379002, 0.036025956828807604]
[-0.2646716976379002, 0.036025956828807604]
[-0.2646716976379002, 0.036025956828807604]
[-0.2646716976379002, 0.036025956828807604]
[-0.2646716976379002, 0.036025956828807604]
[-0.2646716976379002, 0.036025956828807604]
[-0.2628338838370424, 0.035954448820478685]
[-0.2628338838370424, 0.035954448820478685]
[-0.2628338838370424, 0.035954448820478685]
[-0.2628338838370424, 0.035954448820478685]
[-0.2628338838370424, 0.035954448820478685]
[-0.2628338838370424, 0.035954448820478685]
[-0.2628338838370424, 0.035954448820478685]
[-0.2628338838370424, 0.035954448820478685]
[-0.26144037260361913, 0.03589140853598853]
[-0.26144037260361913, 0.03589140853598853]
[-0.26144037260361913, 0.03589140853598853]
[-0.26144037260361913, 0.03589140853598853]
[-0.26144037260361913, 0.03589140853598853]
[-0.26144037260361913, 0.03589140853598853]
[-0.26144037260361913, 0.03589140853598853]
[-0.26144037260361913, 0.03589140853598853]
[-0.2598747397955203, 0.03577706608163092]
[-0.2598747397955203, 0.03577706608163092]
[-0.2598747397955203, 0.03577706608163092]
[-0.2598747397955203, 0.03577706608163092]
[-0.2598747397955203, 0.03577706608163092]
[-0.2598747397955203, 0.03577706608163092]
[-0.2598747397955203, 0.03577706608163092]
[-0.2598747397955203, 0.03577706608163092]
[-0.25770812083440525, 0.03559477744666448]
[-0.25770812083440525, 0.03559477744666448]
[-0.25770812083440525, 0.03559477744666448]
[-0.25770812083440525, 0.03559477744666448]
[-0.25770812083440525, 0.03559477744666448]
[-0.25770812083440525, 0.03559477744666448]
[-0.25770812083440525, 0.03559477744666448]
[-0.25770812083440525, 0.03559477744666448]
[-0.2552966048600383, 0.03542760307268965]
[-0.2552966048600383, 0.03542760307268965]
[-0.2552966048600383, 0.03542760307268965]
[-0.2552966048600383, 0.03542760307268965]
[-0.2552966048600383, 0.03542760307268965]
[-0.2552966048600383, 0.03542760307268965]
[-0.2552966048600383, 0.03542760307268965]
[-0.2552966048600383, 0.03542760307268965]
[-0.25343596489344317, 0.03530794331616259]
[-0.25343596489344317, 0.03530794331616259]
[-0.25343596489344317, 0.03530794331616259]
[-0.25343596489344317, 0.03530794331616259]
[-0.25343596489344317, 0.03530794331616259]
[-0.25343596489344317, 0.03530794331616259]
[-0.25343596489344317, 0.03530794331616259]
[-0.25343596489344317, 0.03530794331616259]
[-0.25169009457876806, 0.0351810294855315]
[-0.25169009457876806, 0.0351810294855315]
[-0.25169009457876806, 0.0351810294855315]
[-0.25169009457876806, 0.0351810294855315]
[-0.25169009457876806, 0.0351810294855315]
[-0.25169009457876806, 0.0351810294855315]
[-0.25169009457876806, 0.0351810294855315]
[-0.25169009457876806, 0.0351810294855315]
[-0.2495535497381647, 0.03501491472844462]
[-0.2495535497381647, 0.03501491472844462]
[-0.2495535497381647, 0.03501491472844462]
[-0.2495535497381647, 0.03501491472844462]
[-0.2495535497381647, 0.03501491472844462]
[-0.2495535497381647, 0.03501491472844462]
[-0.2495535497381647, 0.03501491472844462]
[-0.2495535497381647, 0.03501491472844462]
[-0.24758961896034265, 0.03486552001358682]
[-0.24758961896034265, 0.03486552001358682]
[-0.24758961896034265, 0.03486552001358682]
[-0.24758961896034265, 0.03486552001358682]
[-0.24758961896034265, 0.03486552001358682]
[-0.24758961896034265, 0.03486552001358682]
[-0.24758961896034265, 0.03486552001358682]
[-0.24758961896034265, 0.03486552001358682]
[-0.24566414508951, 0.034714073321965036]
[-0.24566414508951, 0.034714073321965036]
[-0.24566414508951, 0.034714073321965036]
[-0.24566414508951, 0.034714073321965036]
[-0.24566414508951, 0.034714073321965036]
[-0.24566414508951, 0.034714073321965036]
[-0.24566414508951, 0.034714073321965036]
[-0.24566414508951, 0.034714073321965036]
[-0.24403924414740136, 0.03458196680682184]
[-0.24403924414740136, 0.03458196680682184]
[-0.24403924414740136, 0.03458196680682184]
[-0.24403924414740136, 0.03458196680682184]
[-0.24403924414740136, 0.03458196680682184]
[-0.24403924414740136, 0.03458196680682184]
[-0.24403924414740136, 0.03458196680682184]
[-0.24403924414740136, 0.03458196680682184]
[-0.241841833429988, 0.03437717327476987]
[-0.241841833429988, 0.03437717327476987]
[-0.241841833429988, 0.03437717327476987]
[-0.241841833429988, 0.03437717327476987]
[-0.241841833429988, 0.03437717327476987]
[-0.241841833429988, 0.03437717327476987]
[-0.241841833429988, 0.03437717327476987]
[-0.241841833429988, 0.03437717327476987]
[-0.23980734427055786, 0.03421096224172737]
[-0.23980734427055786, 0.03421096224172737]
[-0.23980734427055786, 0.03421096224172737]
[-0.23980734427055786, 0.03421096224172737]
[-0.23980734427055786, 0.03421096224172737]
[-0.23980734427055786, 0.03421096224172737]
[-0.23980734427055786, 0.03421096224172737]
[-0.23980734427055786, 0.03421096224172737]
[-0.23764709520952265, 0.03404200850587064]
[-0.23764709520952265, 0.03404200850587064]
[-0.23764709520952265, 0.03404200850587064]
[-0.23764709520952265, 0.03404200850587064]
[-0.23764709520952265, 0.03404200850587064]
[-0.23764709520952265, 0.03404200850587064]
[-0.23764709520952265, 0.03404200850587064]
[-0.23764709520952265, 0.03404200850587064]
[-0.2355144329239655, 0.03388393761518727]
[-0.2355144329239655, 0.03388393761518727]
[-0.2355144329239655, 0.03388393761518727]
[-0.2355144329239655, 0.03388393761518727]
[-0.2355144329239655, 0.03388393761518727]
[-0.2355144329239655, 0.03388393761518727]
[-0.2355144329239655, 0.03388393761518727]
[-0.2355144329239655, 0.03388393761518727]
[-0.23339234200156694, 0.03373717630552695]
[-0.23339234200156694, 0.03373717630552695]
[-0.23339234200156694, 0.03373717630552695]
[-0.23339234200156694, 0.03373717630552695]
[-0.23339234200156694, 0.03373717630552695]
[-0.23339234200156694, 0.03373717630552695]
[-0.23339234200156694, 0.03373717630552695]
[-0.23339234200156694, 0.03373717630552695]
[-0.2309589106919591, 0.03358556022468153]
[-0.2309589106919591, 0.03358556022468153]
[-0.2309589106919591, 0.03358556022468153]
[-0.2309589106919591, 0.03358556022468153]
[-0.2309589106919591, 0.03358556022468153]
[-0.2309589106919591, 0.03358556022468153]
[-0.2309589106919591, 0.03358556022468153]
[-0.2309589106919591, 0.03358556022468153]
[-0.22886577944207337, 0.03348266634488709]
[-0.22886577944207337, 0.03348266634488709]
[-0.22886577944207337, 0.03348266634488709]
[-0.22886577944207337, 0.03348266634488709]
[-0.22886577944207337, 0.03348266634488709]
[-0.22886577944207337, 0.03348266634488709]
[-0.22886577944207337, 0.03348266634488709]
[-0.22886577944207337, 0.03348266634488709]
[-0.22654519928419264, 0.033378515094783096]
[-0.22654519928419264, 0.033378515094783096]
[-0.22654519928419264, 0.033378515094783096]
[-0.22654519928419264, 0.033378515094783096]
[-0.22654519928419264, 0.033378515094783096]
[-0.22654519928419264, 0.033378515094783096]
[-0.22654519928419264, 0.033378515094783096]
[-0.22654519928419264, 0.033378515094783096]
[-0.2247065787264847, 0.033318754548967704]
[-0.2247065787264847, 0.033318754548967704]
[-0.2247065787264847, 0.033318754548967704]
[-0.2247065787264847, 0.033318754548967704]
[-0.2247065787264847, 0.033318754548967704]
[-0.2247065787264847, 0.033318754548967704]
[-0.2247065787264847, 0.033318754548967704]
[-0.2247065787264847, 0.033318754548967704]
[-0.22272804145850747, 0.03323193098053452]
[-0.22272804145850747, 0.03323193098053452]
[-0.22272804145850747, 0.03323193098053452]
[-0.22272804145850747, 0.03323193098053452]
[-0.22272804145850747, 0.03323193098053452]
[-0.22272804145850747, 0.03323193098053452]
[-0.22272804145850747, 0.03323193098053452]
[-0.22272804145850747, 0.03323193098053452]
[-0.22051977733828065, 0.033136522387759444]
[-0.22051977733828065, 0.033136522387759444]
[-0.22051977733828065, 0.033136522387759444]
[-0.22051977733828065, 0.033136522387759444]
[-0.22051977733828065, 0.033136522387759444]
[-0.22051977733828065, 0.033136522387759444]
[-0.22051977733828065, 0.033136522387759444]
[-0.22051977733828065, 0.033136522387759444]
[-0.2187015045664102, 0.033058031762783976]
[-0.2187015045664102, 0.033058031762783976]
[-0.2187015045664102, 0.033058031762783976]
[-0.2187015045664102, 0.033058031762783976]
[-0.2187015045664102, 0.033058031762783976]
[-0.2187015045664102, 0.033058031762783976]
[-0.2187015045664102, 0.033058031762783976]
[-0.2187015045664102, 0.033058031762783976]
[-0.21654477658890683, 0.032958575310783174]
[-0.21654477658890683, 0.032958575310783174]
[-0.21654477658890683, 0.032958575310783174]
[-0.21654477658890683, 0.032958575310783174]
[-0.21654477658890683, 0.032958575310783174]
[-0.21654477658890683, 0.032958575310783174]
[-0.21654477658890683, 0.032958575310783174]
[-0.21654477658890683, 0.032958575310783174]
[-0.2144732019162084, 0.032867414525591485]
[-0.2144732019162084, 0.032867414525591485]
[-0.2144732019162084, 0.032867414525591485]
[-0.2144732019162084, 0.032867414525591485]
[-0.2144732019162084, 0.032867414525591485]
[-0.2144732019162084, 0.032867414525591485]
[-0.2144732019162084, 0.032867414525591485]
[-0.2144732019162084, 0.032867414525591485]
[-0.2123712863819835, 0.032777659601880824]
[-0.2123712863819835, 0.032777659601880824]
[-0.2123712863819835, 0.032777659601880824]
[-0.2123712863819835, 0.032777659601880824]
[-0.2123712863819835, 0.032777659601880824]
[-0.2123712863819835, 0.032777659601880824]
[-0.2123712863819835, 0.032777659601880824]
[-0.2123712863819835, 0.032777659601880824]
[-0.21027838017515896, 0.032691591559030876]
[-0.21027838017515896, 0.032691591559030876]
[-0.21027838017515896, 0.032691591559030876]
[-0.21027838017515896, 0.032691591559030876]
[-0.21027838017515896, 0.032691591559030876]
[-0.21027838017515896, 0.032691591559030876]
[-0.21027838017515896, 0.032691591559030876]
[-0.21027838017515896, 0.032691591559030876]
[-0.20777445794182767, 0.03259459779261915]
[-0.20777445794182767, 0.03259459779261915]
[-0.20777445794182767, 0.03259459779261915]
[-0.20777445794182767, 0.03259459779261915]
[-0.20777445794182767, 0.03259459779261915]
[-0.20777445794182767, 0.03259459779261915]
[-0.20777445794182767, 0.03259459779261915]
[-0.20777445794182767, 0.03259459779261915]
[-0.2060632984312723, 0.0325537097455831]
[-0.2060632984312723, 0.0325537097455831]
[-0.2060632984312723, 0.0325537097455831]
[-0.2060632984312723, 0.0325537097455831]
[-0.2060632984312723, 0.0325537097455831]
[-0.2060632984312723, 0.0325537097455831]
[-0.2060632984312723, 0.0325537097455831]
[-0.2060632984312723, 0.0325537097455831]
[-0.2044954201427706, 0.03249248797332089]
[-0.2044954201427706, 0.03249248797332089]
[-0.2044954201427706, 0.03249248797332089]
[-0.2044954201427706, 0.03249248797332089]
[-0.2044954201427706, 0.03249248797332089]
[-0.2044954201427706, 0.03249248797332089]
[-0.2044954201427706, 0.03249248797332089]
[-0.2044954201427706, 0.03249248797332089]
[-0.20197386687147298, 0.03236350696550909]
[-0.20197386687147298, 0.03236350696550909]
[-0.20197386687147298, 0.03236350696550909]
[-0.20197386687147298, 0.03236350696550909]
[-0.20197386687147298, 0.03236350696550909]
[-0.20197386687147298, 0.03236350696550909]
[-0.20197386687147298, 0.03236350696550909]
[-0.20197386687147298, 0.03236350696550909]
[-0.19944314951431696, 0.03229433596427248]
[-0.19944314951431696, 0.03229433596427248]
[-0.19944314951431696, 0.03229433596427248]
[-0.19944314951431696, 0.03229433596427248]
[-0.19944314951431696, 0.03229433596427248]
[-0.19944314951431696, 0.03229433596427248]
[-0.19944314951431696, 0.03229433596427248]
[-0.19944314951431696, 0.03229433596427248]
[-0.19741849234433262, 0.032267869608511225]
[-0.19741849234433262, 0.032267869608511225]
[-0.19741849234433262, 0.032267869608511225]
[-0.19741849234433262, 0.032267869608511225]
[-0.19741849234433262, 0.032267869608511225]
[-0.19741849234433262, 0.032267869608511225]
[-0.19741849234433262, 0.032267869608511225]
[-0.19741849234433262, 0.032267869608511225]
