[-0.731574831054457, 0.008838887817212369]
[-0.731574831054457, 0.008838887817212369]
[-0.731574831054457, 0.008838887817212369]
[-0.731574831054457, 0.008838887817212369]
[-0.731574831054457, 0.008838887817212369]
[-0.731574831054457, 0.008838887817212369]
[-0.731574831054457, 0.008838887817212369]
[-0.731574831054457, 0.008838887817212369]
[-0.7304271293384378, 0.00999264063348049]
[-0.7304271293384378, 0.00999264063348049]
[-0.7304271293384378, 0.00999264063348049]
[-0.7304271293384378, 0.00999264063348049]
[-0.7304271293384378, 0.00999264063348049]
[-0.7304271293384378, 0.00999264063348049]
[-0.7304271293384378, 0.00999264063348049]
[-0.7304271293384378, 0.00999264063348049]
[-0.7291218232034954, 0.010893161339501363]
[-0.7291218232034954, 0.010893161339501363]
[-0.7291218232034954, 0.010893161339501363]
[-0.7291218232034954, 0.010893161339501363]
[-0.7291218232034954, 0.010893161339501363]
[-0.7291218232034954, 0.010893161339501363]
[-0.7291218232034954, 0.010893161339501363]
[-0.7291218232034954, 0.010893161339501363]
[-0.7280836344309852, 0.011664805570146243]
[-0.7280836344309852, 0.011664805570146243]
[-0.7280836344309852, 0.011664805570146243]
[-0.7280836344309852, 0.011664805570146243]
[-0.7280836344309852, 0.011664805570146243]
[-0.7280836344309852, 0.011664805570146243]
[-0.7280836344309852, 0.011664805570146243]
[-0.7280836344309852, 0.011664805570146243]
[-0.7265456628013615, 0.012882882154084537]
[-0.7265456628013615, 0.012882882154084537]
[-0.7265456628013615, 0.012882882154084537]
[-0.7265456628013615, 0.012882882154084537]
[-0.7265456628013615, 0.012882882154084537]
[-0.7265456628013615, 0.012882882154084537]
[-0.7265456628013615, 0.012882882154084537]
[-0.7265456628013615, 0.012882882154084537]
[-0.7248169358583162, 0.014222179751200253]
[-0.7248169358583162, 0.014222179751200253]
[-0.7248169358583162, 0.014222179751200253]
[-0.7248169358583162, 0.014222179751200253]
[-0.7248169358583162, 0.014222179751200253]
[-0.7248169358583162, 0.014222179751200253]
[-0.7248169358583162, 0.014222179751200253]
[-0.7248169358583162, 0.014222179751200253]
[-0.723504628139716, 0.015327400375084739]
[-0.723504628139716, 0.015327400375084739]
[-0.723504628139716, 0.015327400375084739]
[-0.723504628139716, 0.015327400375084739]
[-0.723504628139716, 0.015327400375084739]
[-0.723504628139716, 0.015327400375084739]
[-0.723504628139716, 0.015327400375084739]
[-0.723504628139716, 0.015327400375084739]
[-0.7222000586903626, 0.01638223698826886]
[-0.7222000586903626, 0.01638223698826886]
[-0.7222000586903626, 0.01638223698826886]
[-0.7222000586903626, 0.01638223698826886]
[-0.7222000586903626, 0.01638223698826886]
[-0.7222000586903626, 0.01638223698826886]
[-0.7222000586903626, 0.01638223698826886]
[-0.7222000586903626, 0.01638223698826886]
[-0.7204864187680868, 0.017725263936474]
[-0.7204864187680868, 0.017725263936474]
[-0.7204864187680868, 0.017725263936474]
[-0.7204864187680868, 0.017725263936474]
[-0.7204864187680868, 0.017725263936474]
[-0.7204864187680868, 0.017725263936474]
[-0.7204864187680868, 0.017725263936474]
[-0.7204864187680868, 0.017725263936474]
[-0.7194623703334588, 0.01852499924361168]
[-0.7194623703334588, 0.01852499924361168]
[-0.7194623703334588, 0.01852499924361168]
[-0.7194623703334588, 0.01852499924361168]
[-0.7194623703334588, 0.01852499924361168]
[-0.7194623703334588, 0.01852499924361168]
[-0.7194623703334588, 0.01852499924361168]
[-0.7194623703334588, 0.01852499924361168]
[-0.7181860168942037, 0.019480639743689798]
[-0.7181860168942037, 0.019480639743689798]
[-0.7181860168942037, 0.019480639743689798]
[-0.7181860168942037, 0.019480639743689798]
[-0.7181860168942037, 0.019480639743689798]
[-0.7181860168942037, 0.019480639743689798]
[-0.7181860168942037, 0.019480639743689798]
[-0.7181860168942037, 0.019480639743689798]
[-0.7170991940041459, 0.020250577831059626]
[-0.7170991940041459, 0.020250577831059626]
[-0.7170991940041459, 0.020250577831059626]
[-0.7170991940041459, 0.020250577831059626]
[-0.7170991940041459, 0.020250577831059626]
[-0.7170991940041459, 0.020250577831059626]
[-0.7170991940041459, 0.020250577831059626]
[-0.7170991940041459, 0.020250577831059626]
[-0.715603501764328, 0.021265114929313784]
[-0.715603501764328, 0.021265114929313784]
[-0.715603501764328, 0.021265114929313784]
[-0.715603501764328, 0.021265114929313784]
[-0.715603501764328, 0.021265114929313784]
[-0.715603501764328, 0.021265114929313784]
[-0.715603501764328, 0.021265114929313784]
[-0.715603501764328, 0.021265114929313784]
[-0.7143961873745825, 0.02205763738522478]
[-0.7143961873745825, 0.02205763738522478]
[-0.7143961873745825, 0.02205763738522478]
[-0.7143961873745825, 0.02205763738522478]
[-0.7143961873745825, 0.02205763738522478]
[-0.7143961873745825, 0.02205763738522478]
[-0.7143961873745825, 0.02205763738522478]
[-0.7143961873745825, 0.02205763738522478]
[-0.7129056180215132, 0.02300420063569752]
[-0.7129056180215132, 0.02300420063569752]
[-0.7129056180215132, 0.02300420063569752]
[-0.7129056180215132, 0.02300420063569752]
[-0.7129056180215132, 0.02300420063569752]
[-0.7129056180215132, 0.02300420063569752]
[-0.7129056180215132, 0.02300420063569752]
[-0.7129056180215132, 0.02300420063569752]
[-0.7113194193984061, 0.02399443358254099]
[-0.7113194193984061, 0.02399443358254099]
[-0.7113194193984061, 0.02399443358254099]
[-0.7113194193984061, 0.02399443358254099]
[-0.7113194193984061, 0.02399443358254099]
[-0.7113194193984061, 0.02399443358254099]
[-0.7113194193984061, 0.02399443358254099]
[-0.7113194193984061, 0.02399443358254099]
[-0.7097601576213051, 0.02495638800295198]
[-0.7097601576213051, 0.02495638800295198]
[-0.7097601576213051, 0.02495638800295198]
[-0.7097601576213051, 0.02495638800295198]
[-0.7097601576213051, 0.02495638800295198]
[-0.7097601576213051, 0.02495638800295198]
[-0.7097601576213051, 0.02495638800295198]
[-0.7097601576213051, 0.02495638800295198]
[-0.7078406087565534, 0.02613151823408077]
[-0.7078406087565534, 0.02613151823408077]
[-0.7078406087565534, 0.02613151823408077]
[-0.7078406087565534, 0.02613151823408077]
[-0.7078406087565534, 0.02613151823408077]
[-0.7078406087565534, 0.02613151823408077]
[-0.7078406087565534, 0.02613151823408077]
[-0.7078406087565534, 0.02613151823408077]
[-0.7060523987833297, 0.02722650568894176]
[-0.7060523987833297, 0.02722650568894176]
[-0.7060523987833297, 0.02722650568894176]
[-0.7060523987833297, 0.02722650568894176]
[-0.7060523987833297, 0.02722650568894176]
[-0.7060523987833297, 0.02722650568894176]
[-0.7060523987833297, 0.02722650568894176]
[-0.7060523987833297, 0.02722650568894176]
[-0.7043241383212221, 0.028267770760265994]
[-0.7043241383212221, 0.028267770760265994]
[-0.7043241383212221, 0.028267770760265994]
[-0.7043241383212221, 0.028267770760265994]
[-0.7043241383212221, 0.028267770760265994]
[-0.7043241383212221, 0.028267770760265994]
[-0.7043241383212221, 0.028267770760265994]
[-0.7043241383212221, 0.028267770760265994]
[-0.7025530952458029, 0.029433883258750435]
[-0.7025530952458029, 0.029433883258750435]
[-0.7025530952458029, 0.029433883258750435]
[-0.7025530952458029, 0.029433883258750435]
[-0.7025530952458029, 0.029433883258750435]
[-0.7025530952458029, 0.029433883258750435]
[-0.7025530952458029, 0.029433883258750435]
[-0.7025530952458029, 0.029433883258750435]
[-0.7005177263799739, 0.030582232385883697]
[-0.7005177263799739, 0.030582232385883697]
[-0.7005177263799739, 0.030582232385883697]
[-0.7005177263799739, 0.030582232385883697]
[-0.7005177263799739, 0.030582232385883697]
[-0.7005177263799739, 0.030582232385883697]
[-0.7005177263799739, 0.030582232385883697]
[-0.7005177263799739, 0.030582232385883697]
[-0.6981026124898154, 0.031860470357292614]
[-0.6981026124898154, 0.031860470357292614]
[-0.6981026124898154, 0.031860470357292614]
[-0.6981026124898154, 0.031860470357292614]
[-0.6981026124898154, 0.031860470357292614]
[-0.6981026124898154, 0.031860470357292614]
[-0.6981026124898154, 0.031860470357292614]
[-0.6981026124898154, 0.031860470357292614]
[-0.6960117689667502, 0.03294035520602194]
[-0.6960117689667502, 0.03294035520602194]
[-0.6960117689667502, 0.03294035520602194]
[-0.6960117689667502, 0.03294035520602194]
[-0.6960117689667502, 0.03294035520602194]
[-0.6960117689667502, 0.03294035520602194]
[-0.6960117689667502, 0.03294035520602194]
[-0.6960117689667502, 0.03294035520602194]
[-0.6939249578630665, 0.03392835806143839]
[-0.6939249578630665, 0.03392835806143839]
[-0.6939249578630665, 0.03392835806143839]
[-0.6939249578630665, 0.03392835806143839]
[-0.6939249578630665, 0.03392835806143839]
[-0.6939249578630665, 0.03392835806143839]
[-0.6939249578630665, 0.03392835806143839]
[-0.6939249578630665, 0.03392835806143839]
[-0.6917143745458648, 0.034982408403294]
[-0.6917143745458648, 0.034982408403294]
[-0.6917143745458648, 0.034982408403294]
[-0.6917143745458648, 0.034982408403294]
[-0.6917143745458648, 0.034982408403294]
[-0.6917143745458648, 0.034982408403294]
[-0.6917143745458648, 0.034982408403294]
[-0.6917143745458648, 0.034982408403294]
[-0.6892262964564065, 0.035926314936083906]
[-0.6892262964564065, 0.035926314936083906]
[-0.6892262964564065, 0.035926314936083906]
[-0.6892262964564065, 0.035926314936083906]
[-0.6892262964564065, 0.035926314936083906]
[-0.6892262964564065, 0.035926314936083906]
[-0.6892262964564065, 0.035926314936083906]
[-0.6892262964564065, 0.035926314936083906]
[-0.6867382133291966, 0.036801635718265044]
[-0.6867382133291966, 0.036801635718265044]
[-0.6867382133291966, 0.036801635718265044]
[-0.6867382133291966, 0.036801635718265044]
[-0.6867382133291966, 0.036801635718265044]
[-0.6867382133291966, 0.036801635718265044]
[-0.6867382133291966, 0.036801635718265044]
[-0.6867382133291966, 0.036801635718265044]
[-0.6843556824676819, 0.037552117129402277]
[-0.6843556824676819, 0.037552117129402277]
[-0.6843556824676819, 0.037552117129402277]
[-0.6843556824676819, 0.037552117129402277]
[-0.6843556824676819, 0.037552117129402277]
[-0.6843556824676819, 0.037552117129402277]
[-0.6843556824676819, 0.037552117129402277]
[-0.6843556824676819, 0.037552117129402277]
[-0.6824818025440982, 0.03805473030902012]
[-0.6824818025440982, 0.03805473030902012]
[-0.6824818025440982, 0.03805473030902012]
[-0.6824818025440982, 0.03805473030902012]
[-0.6824818025440982, 0.03805473030902012]
[-0.6824818025440982, 0.03805473030902012]
[-0.6824818025440982, 0.03805473030902012]
[-0.6824818025440982, 0.03805473030902012]
[-0.6805850176486968, 0.03850835602259824]
[-0.6805850176486968, 0.03850835602259824]
[-0.6805850176486968, 0.03850835602259824]
[-0.6805850176486968, 0.03850835602259824]
[-0.6805850176486968, 0.03850835602259824]
[-0.6805850176486968, 0.03850835602259824]
[-0.6805850176486968, 0.03850835602259824]
[-0.6805850176486968, 0.03850835602259824]
[-0.6778983053525455, 0.03912601265036305]
[-0.6778983053525455, 0.03912601265036305]
[-0.6778983053525455, 0.03912601265036305]
[-0.6778983053525455, 0.03912601265036305]
[-0.6778983053525455, 0.03912601265036305]
[-0.6778983053525455, 0.03912601265036305]
[-0.6778983053525455, 0.03912601265036305]
[-0.6778983053525455, 0.03912601265036305]
[-0.6749564149224868, 0.039854236275955926]
[-0.6749564149224868, 0.039854236275955926]
[-0.6749564149224868, 0.039854236275955926]
[-0.6749564149224868, 0.039854236275955926]
[-0.6749564149224868, 0.039854236275955926]
[-0.6749564149224868, 0.039854236275955926]
[-0.6749564149224868, 0.039854236275955926]
[-0.6749564149224868, 0.039854236275955926]
[-0.6725622810220252, 0.040496565377037184]
[-0.6725622810220252, 0.040496565377037184]
[-0.6725622810220252, 0.040496565377037184]
[-0.6725622810220252, 0.040496565377037184]
[-0.6725622810220252, 0.040496565377037184]
[-0.6725622810220252, 0.040496565377037184]
[-0.6725622810220252, 0.040496565377037184]
[-0.6725622810220252, 0.040496565377037184]
[-0.6703397951804458, 0.04109426741933882]
[-0.6703397951804458, 0.04109426741933882]
[-0.6703397951804458, 0.04109426741933882]
[-0.6703397951804458, 0.04109426741933882]
[-0.6703397951804458, 0.04109426741933882]
[-0.6703397951804458, 0.04109426741933882]
[-0.6703397951804458, 0.04109426741933882]
[-0.6703397951804458, 0.04109426741933882]
[-0.668463274141759, 0.04161542776793379]
[-0.668463274141759, 0.04161542776793379]
[-0.668463274141759, 0.04161542776793379]
[-0.668463274141759, 0.04161542776793379]
[-0.668463274141759, 0.04161542776793379]
[-0.668463274141759, 0.04161542776793379]
[-0.668463274141759, 0.04161542776793379]
[-0.668463274141759, 0.04161542776793379]
[-0.6670179173316383, 0.04201012907458464]
[-0.6670179173316383, 0.04201012907458464]
[-0.6670179173316383, 0.04201012907458464]
[-0.6670179173316383, 0.04201012907458464]
[-0.6670179173316383, 0.04201012907458464]
[-0.6670179173316383, 0.04201012907458464]
[-0.6670179173316383, 0.04201012907458464]
[-0.6670179173316383, 0.04201012907458464]
[-0.664647947119172, 0.04261336568410052]
[-0.664647947119172, 0.04261336568410052]
[-0.664647947119172, 0.04261336568410052]
[-0.664647947119172, 0.04261336568410052]
[-0.664647947119172, 0.04261336568410052]
[-0.664647947119172, 0.04261336568410052]
[-0.664647947119172, 0.04261336568410052]
[-0.664647947119172, 0.04261336568410052]
[-0.6621860566063155, 0.0432708543917987]
[-0.6621860566063155, 0.0432708543917987]
[-0.6621860566063155, 0.0432708543917987]
[-0.6621860566063155, 0.0432708543917987]
[-0.6621860566063155, 0.0432708543917987]
[-0.6621860566063155, 0.0432708543917987]
[-0.6621860566063155, 0.0432708543917987]
[-0.6621860566063155, 0.0432708543917987]
[-0.6601552610311846, 0.043805742391962686]
[-0.6601552610311846, 0.043805742391962686]
[-0.6601552610311846, 0.043805742391962686]
[-0.6601552610311846, 0.043805742391962686]
[-0.6601552610311846, 0.043805742391962686]
[-0.6601552610311846, 0.043805742391962686]
[-0.6601552610311846, 0.043805742391962686]
[-0.6601552610311846, 0.043805742391962686]
[-0.6579421359326281, 0.044393323772042394]
[-0.6579421359326281, 0.044393323772042394]
[-0.6579421359326281, 0.044393323772042394]
[-0.6579421359326281, 0.044393323772042394]
[-0.6579421359326281, 0.044393323772042394]
[-0.6579421359326281, 0.044393323772042394]
[-0.6579421359326281, 0.044393323772042394]
[-0.6579421359326281, 0.044393323772042394]
[-0.6560211779978835, 0.044912242925103874]
[-0.6560211779978835, 0.044912242925103874]
[-0.6560211779978835, 0.044912242925103874]
[-0.6560211779978835, 0.044912242925103874]
[-0.6560211779978835, 0.044912242925103874]
[-0.6560211779978835, 0.044912242925103874]
[-0.6560211779978835, 0.044912242925103874]
[-0.6560211779978835, 0.044912242925103874]
[-0.6541035562677093, 0.045407654249353904]
[-0.6541035562677093, 0.045407654249353904]
[-0.6541035562677093, 0.045407654249353904]
[-0.6541035562677093, 0.045407654249353904]
[-0.6541035562677093, 0.045407654249353904]
[-0.6541035562677093, 0.045407654249353904]
[-0.6541035562677093, 0.045407654249353904]
[-0.6541035562677093, 0.045407654249353904]
[-0.6524391732123785, 0.04579920418936039]
[-0.6524391732123785, 0.04579920418936039]
[-0.6524391732123785, 0.04579920418936039]
[-0.6524391732123785, 0.04579920418936039]
[-0.6524391732123785, 0.04579920418936039]
[-0.6524391732123785, 0.04579920418936039]
[-0.6524391732123785, 0.04579920418936039]
[-0.6524391732123785, 0.04579920418936039]
[-0.6506065573211685, 0.04621346945858232]
[-0.6506065573211685, 0.04621346945858232]
[-0.6506065573211685, 0.04621346945858232]
[-0.6506065573211685, 0.04621346945858232]
[-0.6506065573211685, 0.04621346945858232]
[-0.6506065573211685, 0.04621346945858232]
[-0.6506065573211685, 0.04621346945858232]
[-0.6506065573211685, 0.04621346945858232]
[-0.6488394633369265, 0.046605188910649006]
[-0.6488394633369265, 0.046605188910649006]
[-0.6488394633369265, 0.046605188910649006]
[-0.6488394633369265, 0.046605188910649006]
[-0.6488394633369265, 0.046605188910649006]
[-0.6488394633369265, 0.046605188910649006]
[-0.6488394633369265, 0.046605188910649006]
[-0.6488394633369265, 0.046605188910649006]
[-0.6466101486988654, 0.047089992959294384]
[-0.6466101486988654, 0.047089992959294384]
[-0.6466101486988654, 0.047089992959294384]
[-0.6466101486988654, 0.047089992959294384]
[-0.6466101486988654, 0.047089992959294384]
[-0.6466101486988654, 0.047089992959294384]
[-0.6466101486988654, 0.047089992959294384]
[-0.6466101486988654, 0.047089992959294384]
[-0.6445119161130434, 0.04757390623022543]
[-0.6445119161130434, 0.04757390623022543]
[-0.6445119161130434, 0.04757390623022543]
[-0.6445119161130434, 0.04757390623022543]
[-0.6445119161130434, 0.04757390623022543]
[-0.6445119161130434, 0.04757390623022543]
[-0.6445119161130434, 0.04757390623022543]
[-0.6445119161130434, 0.04757390623022543]
[-0.6424688310502524, 0.04803905332344272]
[-0.6424688310502524, 0.04803905332344272]
[-0.6424688310502524, 0.04803905332344272]
[-0.6424688310502524, 0.04803905332344272]
[-0.6424688310502524, 0.04803905332344272]
[-0.6424688310502524, 0.04803905332344272]
[-0.6424688310502524, 0.04803905332344272]
[-0.6424688310502524, 0.04803905332344272]
[-0.6402068910733304, 0.04854578844196512]
[-0.6402068910733304, 0.04854578844196512]
[-0.6402068910733304, 0.04854578844196512]
[-0.6402068910733304, 0.04854578844196512]
[-0.6402068910733304, 0.04854578844196512]
[-0.6402068910733304, 0.04854578844196512]
[-0.6402068910733304, 0.04854578844196512]
[-0.6402068910733304, 0.04854578844196512]
[-0.6385292619925959, 0.048922416846315785]
[-0.6385292619925959, 0.048922416846315785]
[-0.6385292619925959, 0.048922416846315785]
[-0.6385292619925959, 0.048922416846315785]
[-0.6385292619925959, 0.048922416846315785]
[-0.6385292619925959, 0.048922416846315785]
[-0.6385292619925959, 0.048922416846315785]
[-0.6385292619925959, 0.048922416846315785]
[-0.6368301652193763, 0.049281924216758914]
[-0.6368301652193763, 0.049281924216758914]
[-0.6368301652193763, 0.049281924216758914]
[-0.6368301652193763, 0.049281924216758914]
[-0.6368301652193763, 0.049281924216758914]
[-0.6368301652193763, 0.049281924216758914]
[-0.6368301652193763, 0.049281924216758914]
[-0.6368301652193763, 0.049281924216758914]
[-0.6352482295285117, 0.049596406760040415]
[-0.6352482295285117, 0.049596406760040415]
[-0.6352482295285117, 0.049596406760040415]
[-0.6352482295285117, 0.049596406760040415]
[-0.6352482295285117, 0.049596406760040415]
[-0.6352482295285117, 0.049596406760040415]
[-0.6352482295285117, 0.049596406760040415]
[-0.6352482295285117, 0.049596406760040415]
[-0.6323495615688787, 0.05012973876497432]
[-0.6323495615688787, 0.05012973876497432]
[-0.6323495615688787, 0.05012973876497432]
[-0.6323495615688787, 0.05012973876497432]
[-0.6323495615688787, 0.05012973876497432]
[-0.6323495615688787, 0.05012973876497432]
[-0.6323495615688787, 0.05012973876497432]
[-0.6323495615688787, 0.05012973876497432]
[-0.629781514206443, 0.05053334521574663]
[-0.629781514206443, 0.05053334521574663]
[-0.629781514206443, 0.05053334521574663]
[-0.629781514206443, 0.05053334521574663]
[-0.629781514206443, 0.05053334521574663]
[-0.629781514206443, 0.05053334521574663]
[-0.629781514206443, 0.05053334521574663]
[-0.629781514206443, 0.05053334521574663]
[-0.626698750445081, 0.050893680733243456]
[-0.626698750445081, 0.050893680733243456]
[-0.626698750445081, 0.050893680733243456]
[-0.626698750445081, 0.050893680733243456]
[-0.626698750445081, 0.050893680733243456]
[-0.626698750445081, 0.050893680733243456]
[-0.626698750445081, 0.050893680733243456]
[-0.626698750445081, 0.050893680733243456]
[-0.6243085565086811, 0.051075278363274475]
[-0.6243085565086811, 0.051075278363274475]
[-0.6243085565086811, 0.051075278363274475]
[-0.6243085565086811, 0.051075278363274475]
[-0.6243085565086811, 0.051075278363274475]
[-0.6243085565086811, 0.051075278363274475]
[-0.6243085565086811, 0.051075278363274475]
[-0.6243085565086811, 0.051075278363274475]
[-0.621177289890863, 0.051141220307581774]
[-0.621177289890863, 0.051141220307581774]
[-0.621177289890863, 0.051141220307581774]
[-0.621177289890863, 0.051141220307581774]
[-0.621177289890863, 0.051141220307581774]
[-0.621177289890863, 0.051141220307581774]
[-0.621177289890863, 0.051141220307581774]
[-0.621177289890863, 0.051141220307581774]
[-0.6182810548313744, 0.05111390101805025]
[-0.6182810548313744, 0.05111390101805025]
[-0.6182810548313744, 0.05111390101805025]
[-0.6182810548313744, 0.05111390101805025]
[-0.6182810548313744, 0.05111390101805025]
[-0.6182810548313744, 0.05111390101805025]
[-0.6182810548313744, 0.05111390101805025]
[-0.6182810548313744, 0.05111390101805025]
[-0.6147843662204188, 0.05099693386029412]
[-0.6147843662204188, 0.05099693386029412]
[-0.6147843662204188, 0.05099693386029412]
[-0.6147843662204188, 0.05099693386029412]
[-0.6147843662204188, 0.05099693386029412]
[-0.6147843662204188, 0.05099693386029412]
[-0.6147843662204188, 0.05099693386029412]
[-0.6147843662204188, 0.05099693386029412]
[-0.6118581238527616, 0.05089688314229473]
[-0.6118581238527616, 0.05089688314229473]
[-0.6118581238527616, 0.05089688314229473]
[-0.6118581238527616, 0.05089688314229473]
[-0.6118581238527616, 0.05089688314229473]
[-0.6118581238527616, 0.05089688314229473]
[-0.6118581238527616, 0.05089688314229473]
[-0.6118581238527616, 0.05089688314229473]
[-0.6092561535714899, 0.05075266377896904]
[-0.6092561535714899, 0.05075266377896904]
[-0.6092561535714899, 0.05075266377896904]
[-0.6092561535714899, 0.05075266377896904]
[-0.6092561535714899, 0.05075266377896904]
[-0.6092561535714899, 0.05075266377896904]
[-0.6092561535714899, 0.05075266377896904]
[-0.6092561535714899, 0.05075266377896904]
[-0.6063624861433594, 0.05052567034379288]
[-0.6063624861433594, 0.05052567034379288]
[-0.6063624861433594, 0.05052567034379288]
[-0.6063624861433594, 0.05052567034379288]
[-0.6063624861433594, 0.05052567034379288]
[-0.6063624861433594, 0.05052567034379288]
[-0.6063624861433594, 0.05052567034379288]
[-0.6063624861433594, 0.05052567034379288]
[-0.6030858689088329, 0.05025143573075299]
[-0.6030858689088329, 0.05025143573075299]
[-0.6030858689088329, 0.05025143573075299]
[-0.6030858689088329, 0.05025143573075299]
[-0.6030858689088329, 0.05025143573075299]
[-0.6030858689088329, 0.05025143573075299]
[-0.6030858689088329, 0.05025143573075299]
[-0.6030858689088329, 0.05025143573075299]
[-0.600945041202798, 0.05008179891166275]
[-0.600945041202798, 0.05008179891166275]
[-0.600945041202798, 0.05008179891166275]
[-0.600945041202798, 0.05008179891166275]
[-0.600945041202798, 0.05008179891166275]
[-0.600945041202798, 0.05008179891166275]
[-0.600945041202798, 0.05008179891166275]
[-0.600945041202798, 0.05008179891166275]
[-0.598900199468534, 0.0498686005309078]
[-0.598900199468534, 0.0498686005309078]
[-0.598900199468534, 0.0498686005309078]
[-0.598900199468534, 0.0498686005309078]
[-0.598900199468534, 0.0498686005309078]
[-0.598900199468534, 0.0498686005309078]
[-0.598900199468534, 0.0498686005309078]
[-0.598900199468534, 0.0498686005309078]
[-0.5960627456993839, 0.049614723942618656]
[-0.5960627456993839, 0.049614723942618656]
[-0.5960627456993839, 0.049614723942618656]
[-0.5960627456993839, 0.049614723942618656]
[-0.5960627456993839, 0.049614723942618656]
[-0.5960627456993839, 0.049614723942618656]
[-0.5960627456993839, 0.049614723942618656]
[-0.5960627456993839, 0.049614723942618656]
[-0.593676552849117, 0.04939273604166886]
[-0.593676552849117, 0.04939273604166886]
[-0.593676552849117, 0.04939273604166886]
[-0.593676552849117, 0.04939273604166886]
[-0.593676552849117, 0.04939273604166886]
[-0.593676552849117, 0.04939273604166886]
[-0.593676552849117, 0.04939273604166886]
[-0.593676552849117, 0.04939273604166886]
[-0.5910715500671281, 0.049124847826559744]
[-0.5910715500671281, 0.049124847826559744]
[-0.5910715500671281, 0.049124847826559744]
[-0.5910715500671281, 0.049124847826559744]
[-0.5910715500671281, 0.049124847826559744]
[-0.5910715500671281, 0.049124847826559744]
[-0.5910715500671281, 0.049124847826559744]
[-0.5910715500671281, 0.049124847826559744]
[-0.5892528721895324, 0.04894048440875896]
[-0.5892528721895324, 0.04894048440875896]
[-0.5892528721895324, 0.04894048440875896]
[-0.5892528721895324, 0.04894048440875896]
[-0.5892528721895324, 0.04894048440875896]
[-0.5892528721895324, 0.04894048440875896]
[-0.5892528721895324, 0.04894048440875896]
[-0.5892528721895324, 0.04894048440875896]
[-0.5864082553328532, 0.04866812154386819]
[-0.5864082553328532, 0.04866812154386819]
[-0.5864082553328532, 0.04866812154386819]
[-0.5864082553328532, 0.04866812154386819]
[-0.5864082553328532, 0.04866812154386819]
[-0.5864082553328532, 0.04866812154386819]
[-0.5864082553328532, 0.04866812154386819]
[-0.5864082553328532, 0.04866812154386819]
[-0.5845036294355987, 0.04850346293892096]
[-0.5845036294355987, 0.04850346293892096]
[-0.5845036294355987, 0.04850346293892096]
[-0.5845036294355987, 0.04850346293892096]
[-0.5845036294355987, 0.04850346293892096]
[-0.5845036294355987, 0.04850346293892096]
[-0.5845036294355987, 0.04850346293892096]
[-0.5845036294355987, 0.04850346293892096]
[-0.5827355731829067, 0.04836299376711048]
[-0.5827355731829067, 0.04836299376711048]
[-0.5827355731829067, 0.04836299376711048]
[-0.5827355731829067, 0.04836299376711048]
[-0.5827355731829067, 0.04836299376711048]
[-0.5827355731829067, 0.04836299376711048]
[-0.5827355731829067, 0.04836299376711048]
[-0.5827355731829067, 0.04836299376711048]
[-0.5809000785556554, 0.048213646922900366]
[-0.5809000785556554, 0.048213646922900366]
[-0.5809000785556554, 0.048213646922900366]
[-0.5809000785556554, 0.048213646922900366]
[-0.5809000785556554, 0.048213646922900366]
[-0.5809000785556554, 0.048213646922900366]
[-0.5809000785556554, 0.048213646922900366]
[-0.5809000785556554, 0.048213646922900366]
[-0.5784323852957948, 0.04800550638560099]
[-0.5784323852957948, 0.04800550638560099]
[-0.5784323852957948, 0.04800550638560099]
[-0.5784323852957948, 0.04800550638560099]
[-0.5784323852957948, 0.04800550638560099]
[-0.5784323852957948, 0.04800550638560099]
[-0.5784323852957948, 0.04800550638560099]
[-0.5784323852957948, 0.04800550638560099]
[-0.5760214399656646, 0.047795241464720986]
[-0.5760214399656646, 0.047795241464720986]
[-0.5760214399656646, 0.047795241464720986]
[-0.5760214399656646, 0.047795241464720986]
[-0.5760214399656646, 0.047795241464720986]
[-0.5760214399656646, 0.047795241464720986]
[-0.5760214399656646, 0.047795241464720986]
[-0.5760214399656646, 0.047795241464720986]
[-0.5737418872242434, 0.04763955521688311]
[-0.5737418872242434, 0.04763955521688311]
[-0.5737418872242434, 0.04763955521688311]
[-0.5737418872242434, 0.04763955521688311]
[-0.5737418872242434, 0.04763955521688311]
[-0.5737418872242434, 0.04763955521688311]
[-0.5737418872242434, 0.04763955521688311]
[-0.5737418872242434, 0.04763955521688311]
[-0.5710208890161107, 0.04742999353465238]
[-0.5710208890161107, 0.04742999353465238]
[-0.5710208890161107, 0.04742999353465238]
[-0.5710208890161107, 0.04742999353465238]
[-0.5710208890161107, 0.04742999353465238]
[-0.5710208890161107, 0.04742999353465238]
[-0.5710208890161107, 0.04742999353465238]
[-0.5710208890161107, 0.04742999353465238]
[-0.5688564723056317, 0.04726264048154412]
[-0.5688564723056317, 0.04726264048154412]
[-0.5688564723056317, 0.04726264048154412]
[-0.5688564723056317, 0.04726264048154412]
[-0.5688564723056317, 0.04726264048154412]
[-0.5688564723056317, 0.04726264048154412]
[-0.5688564723056317, 0.04726264048154412]
[-0.5688564723056317, 0.04726264048154412]
[-0.5668653171476673, 0.04709285043045748]
[-0.5668653171476673, 0.04709285043045748]
[-0.5668653171476673, 0.04709285043045748]
[-0.5668653171476673, 0.04709285043045748]
[-0.5668653171476673, 0.04709285043045748]
[-0.5668653171476673, 0.04709285043045748]
[-0.5668653171476673, 0.04709285043045748]
[-0.5668653171476673, 0.04709285043045748]
[-0.5650969012471717, 0.046951950047088305]
[-0.5650969012471717, 0.046951950047088305]
[-0.5650969012471717, 0.046951950047088305]
[-0.5650969012471717, 0.046951950047088305]
[-0.5650969012471717, 0.046951950047088305]
[-0.5650969012471717, 0.046951950047088305]
[-0.5650969012471717, 0.046951950047088305]
[-0.5650969012471717, 0.046951950047088305]
[-0.5634664619672743, 0.04681943829483005]
[-0.5634664619672743, 0.04681943829483005]
[-0.5634664619672743, 0.04681943829483005]
[-0.5634664619672743, 0.04681943829483005]
[-0.5634664619672743, 0.04681943829483005]
[-0.5634664619672743, 0.04681943829483005]
[-0.5634664619672743, 0.04681943829483005]
[-0.5634664619672743, 0.04681943829483005]
[-0.5614599849145046, 0.04664791373964861]
[-0.5614599849145046, 0.04664791373964861]
[-0.5614599849145046, 0.04664791373964861]
[-0.5614599849145046, 0.04664791373964861]
[-0.5614599849145046, 0.04664791373964861]
[-0.5614599849145046, 0.04664791373964861]
[-0.5614599849145046, 0.04664791373964861]
[-0.5614599849145046, 0.04664791373964861]
[-0.5597128053386612, 0.046491739825962754]
[-0.5597128053386612, 0.046491739825962754]
[-0.5597128053386612, 0.046491739825962754]
[-0.5597128053386612, 0.046491739825962754]
[-0.5597128053386612, 0.046491739825962754]
[-0.5597128053386612, 0.046491739825962754]
[-0.5597128053386612, 0.046491739825962754]
[-0.5597128053386612, 0.046491739825962754]
[-0.557719933745866, 0.046314765677281794]
[-0.557719933745866, 0.046314765677281794]
[-0.557719933745866, 0.046314765677281794]
[-0.557719933745866, 0.046314765677281794]
[-0.557719933745866, 0.046314765677281794]
[-0.557719933745866, 0.046314765677281794]
[-0.557719933745866, 0.046314765677281794]
[-0.557719933745866, 0.046314765677281794]
[-0.5557610645616435, 0.0461594580292609]
[-0.5557610645616435, 0.0461594580292609]
[-0.5557610645616435, 0.0461594580292609]
[-0.5557610645616435, 0.0461594580292609]
[-0.5557610645616435, 0.0461594580292609]
[-0.5557610645616435, 0.0461594580292609]
[-0.5557610645616435, 0.0461594580292609]
[-0.5557610645616435, 0.0461594580292609]
[-0.553845035671015, 0.046025278475818145]
[-0.553845035671015, 0.046025278475818145]
[-0.553845035671015, 0.046025278475818145]
[-0.553845035671015, 0.046025278475818145]
[-0.553845035671015, 0.046025278475818145]
[-0.553845035671015, 0.046025278475818145]
[-0.553845035671015, 0.046025278475818145]
[-0.553845035671015, 0.046025278475818145]
[-0.5514256708584099, 0.0458518791438759]
[-0.5514256708584099, 0.0458518791438759]
[-0.5514256708584099, 0.0458518791438759]
[-0.5514256708584099, 0.0458518791438759]
[-0.5514256708584099, 0.0458518791438759]
[-0.5514256708584099, 0.0458518791438759]
[-0.5514256708584099, 0.0458518791438759]
[-0.5514256708584099, 0.0458518791438759]
[-0.5497841951113227, 0.04572101439414791]
[-0.5497841951113227, 0.04572101439414791]
[-0.5497841951113227, 0.04572101439414791]
[-0.5497841951113227, 0.04572101439414791]
[-0.5497841951113227, 0.04572101439414791]
[-0.5497841951113227, 0.04572101439414791]
[-0.5497841951113227, 0.04572101439414791]
[-0.5497841951113227, 0.04572101439414791]
[-0.5480982132423647, 0.04557681452147882]
[-0.5480982132423647, 0.04557681452147882]
[-0.5480982132423647, 0.04557681452147882]
[-0.5480982132423647, 0.04557681452147882]
[-0.5480982132423647, 0.04557681452147882]
[-0.5480982132423647, 0.04557681452147882]
[-0.5480982132423647, 0.04557681452147882]
[-0.5480982132423647, 0.04557681452147882]
[-0.5460453988646041, 0.04539960067977853]
[-0.5460453988646041, 0.04539960067977853]
[-0.5460453988646041, 0.04539960067977853]
[-0.5460453988646041, 0.04539960067977853]
[-0.5460453988646041, 0.04539960067977853]
[-0.5460453988646041, 0.04539960067977853]
[-0.5460453988646041, 0.04539960067977853]
[-0.5460453988646041, 0.04539960067977853]
[-0.5441803929204467, 0.045255696940568226]
[-0.5441803929204467, 0.045255696940568226]
[-0.5441803929204467, 0.045255696940568226]
[-0.5441803929204467, 0.045255696940568226]
[-0.5441803929204467, 0.045255696940568226]
[-0.5441803929204467, 0.045255696940568226]
[-0.5441803929204467, 0.045255696940568226]
[-0.5441803929204467, 0.045255696940568226]
[-0.5423448955952526, 0.04511558039618554]
[-0.5423448955952526, 0.04511558039618554]
[-0.5423448955952526, 0.04511558039618554]
[-0.5423448955952526, 0.04511558039618554]
[-0.5423448955952526, 0.04511558039618554]
[-0.5423448955952526, 0.04511558039618554]
[-0.5423448955952526, 0.04511558039618554]
[-0.5423448955952526, 0.04511558039618554]
[-0.5408056135231554, 0.0449909878455893]
[-0.5408056135231554, 0.0449909878455893]
[-0.5408056135231554, 0.0449909878455893]
[-0.5408056135231554, 0.0449909878455893]
[-0.5408056135231554, 0.0449909878455893]
[-0.5408056135231554, 0.0449909878455893]
[-0.5408056135231554, 0.0449909878455893]
[-0.5408056135231554, 0.0449909878455893]
[-0.5386655555812863, 0.04480060413907005]
[-0.5386655555812863, 0.04480060413907005]
[-0.5386655555812863, 0.04480060413907005]
[-0.5386655555812863, 0.04480060413907005]
[-0.5386655555812863, 0.04480060413907005]
[-0.5386655555812863, 0.04480060413907005]
[-0.5386655555812863, 0.04480060413907005]
[-0.5386655555812863, 0.04480060413907005]
[-0.5360683876184895, 0.04460582452586749]
[-0.5360683876184895, 0.04460582452586749]
[-0.5360683876184895, 0.04460582452586749]
[-0.5360683876184895, 0.04460582452586749]
[-0.5360683876184895, 0.04460582452586749]
[-0.5360683876184895, 0.04460582452586749]
[-0.5360683876184895, 0.04460582452586749]
[-0.5360683876184895, 0.04460582452586749]
[-0.5339192209106198, 0.04441510927415797]
[-0.5339192209106198, 0.04441510927415797]
[-0.5339192209106198, 0.04441510927415797]
[-0.5339192209106198, 0.04441510927415797]
[-0.5339192209106198, 0.04441510927415797]
[-0.5339192209106198, 0.04441510927415797]
[-0.5339192209106198, 0.04441510927415797]
[-0.5339192209106198, 0.04441510927415797]
[-0.5311778307105963, 0.044145741637701574]
[-0.5311778307105963, 0.044145741637701574]
[-0.5311778307105963, 0.044145741637701574]
[-0.5311778307105963, 0.044145741637701574]
[-0.5311778307105963, 0.044145741637701574]
[-0.5311778307105963, 0.044145741637701574]
[-0.5311778307105963, 0.044145741637701574]
[-0.5311778307105963, 0.044145741637701574]
[-0.5289538841099402, 0.043959475507957424]
[-0.5289538841099402, 0.043959475507957424]
[-0.5289538841099402, 0.043959475507957424]
[-0.5289538841099402, 0.043959475507957424]
[-0.5289538841099402, 0.043959475507957424]
[-0.5289538841099402, 0.043959475507957424]
[-0.5289538841099402, 0.043959475507957424]
[-0.5289538841099402, 0.043959475507957424]
[-0.5263520557742533, 0.04376210977931215]
[-0.5263520557742533, 0.04376210977931215]
[-0.5263520557742533, 0.04376210977931215]
[-0.5263520557742533, 0.04376210977931215]
[-0.5263520557742533, 0.04376210977931215]
[-0.5263520557742533, 0.04376210977931215]
[-0.5263520557742533, 0.04376210977931215]
[-0.5263520557742533, 0.04376210977931215]
[-0.5238360190591941, 0.043552750767675744]
[-0.5238360190591941, 0.043552750767675744]
[-0.5238360190591941, 0.043552750767675744]
[-0.5238360190591941, 0.043552750767675744]
[-0.5238360190591941, 0.043552750767675744]
[-0.5238360190591941, 0.043552750767675744]
[-0.5238360190591941, 0.043552750767675744]
[-0.5238360190591941, 0.043552750767675744]
[-0.5223452064723249, 0.04341856161194773]
[-0.5223452064723249, 0.04341856161194773]
[-0.5223452064723249, 0.04341856161194773]
[-0.5223452064723249, 0.04341856161194773]
[-0.5223452064723249, 0.04341856161194773]
[-0.5223452064723249, 0.04341856161194773]
[-0.5223452064723249, 0.04341856161194773]
[-0.5223452064723249, 0.04341856161194773]
[-0.5202309106154688, 0.04321231381651394]
[-0.5202309106154688, 0.04321231381651394]
[-0.5202309106154688, 0.04321231381651394]
[-0.5202309106154688, 0.04321231381651394]
[-0.5202309106154688, 0.04321231381651394]
[-0.5202309106154688, 0.04321231381651394]
[-0.5202309106154688, 0.04321231381651394]
[-0.5202309106154688, 0.04321231381651394]
[-0.5179686007293303, 0.043013968135943555]
[-0.5179686007293303, 0.043013968135943555]
[-0.5179686007293303, 0.043013968135943555]
[-0.5179686007293303, 0.043013968135943555]
[-0.5179686007293303, 0.043013968135943555]
[-0.5179686007293303, 0.043013968135943555]
[-0.5179686007293303, 0.043013968135943555]
[-0.5179686007293303, 0.043013968135943555]
[-0.5152150059814168, 0.04273532802432232]
[-0.5152150059814168, 0.04273532802432232]
[-0.5152150059814168, 0.04273532802432232]
[-0.5152150059814168, 0.04273532802432232]
[-0.5152150059814168, 0.04273532802432232]
[-0.5152150059814168, 0.04273532802432232]
[-0.5152150059814168, 0.04273532802432232]
[-0.5152150059814168, 0.04273532802432232]
[-0.5124781938975818, 0.04246465621973028]
[-0.5124781938975818, 0.04246465621973028]
[-0.5124781938975818, 0.04246465621973028]
[-0.5124781938975818, 0.04246465621973028]
[-0.5124781938975818, 0.04246465621973028]
[-0.5124781938975818, 0.04246465621973028]
[-0.5124781938975818, 0.04246465621973028]
[-0.5124781938975818, 0.04246465621973028]
[-0.5097737323223075, 0.042206764495718536]
[-0.5097737323223075, 0.042206764495718536]
[-0.5097737323223075, 0.042206764495718536]
[-0.5097737323223075, 0.042206764495718536]
[-0.5097737323223075, 0.042206764495718536]
[-0.5097737323223075, 0.042206764495718536]
[-0.5097737323223075, 0.042206764495718536]
[-0.5097737323223075, 0.042206764495718536]
[-0.5074827235796562, 0.041993035252590266]
[-0.5074827235796562, 0.041993035252590266]
[-0.5074827235796562, 0.041993035252590266]
[-0.5074827235796562, 0.041993035252590266]
[-0.5074827235796562, 0.041993035252590266]
[-0.5074827235796562, 0.041993035252590266]
[-0.5074827235796562, 0.041993035252590266]
[-0.5074827235796562, 0.041993035252590266]
[-0.5052313404725169, 0.041755670967631664]
[-0.5052313404725169, 0.041755670967631664]
[-0.5052313404725169, 0.041755670967631664]
[-0.5052313404725169, 0.041755670967631664]
[-0.5052313404725169, 0.041755670967631664]
[-0.5052313404725169, 0.041755670967631664]
[-0.5052313404725169, 0.041755670967631664]
[-0.5052313404725169, 0.041755670967631664]
[-0.5039880016369055, 0.041611972779458106]
[-0.5039880016369055, 0.041611972779458106]
[-0.5039880016369055, 0.041611972779458106]
[-0.5039880016369055, 0.041611972779458106]
[-0.5039880016369055, 0.041611972779458106]
[-0.5039880016369055, 0.041611972779458106]
[-0.5039880016369055, 0.041611972779458106]
[-0.5039880016369055, 0.041611972779458106]
[-0.5020843617272218, 0.041379032005209794]
[-0.5020843617272218, 0.041379032005209794]
[-0.5020843617272218, 0.041379032005209794]
[-0.5020843617272218, 0.041379032005209794]
[-0.5020843617272218, 0.041379032005209794]
[-0.5020843617272218, 0.041379032005209794]
[-0.5020843617272218, 0.041379032005209794]
[-0.5020843617272218, 0.041379032005209794]
[-0.49974826541589656, 0.041113336880932175]
[-0.49974826541589656, 0.041113336880932175]
[-0.49974826541589656, 0.041113336880932175]
[-0.49974826541589656, 0.041113336880932175]
[-0.49974826541589656, 0.041113336880932175]
[-0.49974826541589656, 0.041113336880932175]
[-0.49974826541589656, 0.041113336880932175]
[-0.49974826541589656, 0.041113336880932175]
[-0.4976036113316397, 0.0408473030809713]
[-0.4976036113316397, 0.0408473030809713]
[-0.4976036113316397, 0.0408473030809713]
[-0.4976036113316397, 0.0408473030809713]
[-0.4976036113316397, 0.0408473030809713]
[-0.4976036113316397, 0.0408473030809713]
[-0.4976036113316397, 0.0408473030809713]
[-0.4976036113316397, 0.0408473030809713]
[-0.49526027495500924, 0.04053388015866006]
[-0.49526027495500924, 0.04053388015866006]
[-0.49526027495500924, 0.04053388015866006]
[-0.49526027495500924, 0.04053388015866006]
[-0.49526027495500924, 0.04053388015866006]
[-0.49526027495500924, 0.04053388015866006]
[-0.49526027495500924, 0.04053388015866006]
[-0.49526027495500924, 0.04053388015866006]
[-0.4933849333882882, 0.040268321735344934]
[-0.4933849333882882, 0.040268321735344934]
[-0.4933849333882882, 0.040268321735344934]
[-0.4933849333882882, 0.040268321735344934]
[-0.4933849333882882, 0.040268321735344934]
[-0.4933849333882882, 0.040268321735344934]
[-0.4933849333882882, 0.040268321735344934]
[-0.4933849333882882, 0.040268321735344934]
[-0.491323272842406, 0.039944709828676206]
[-0.491323272842406, 0.039944709828676206]
[-0.491323272842406, 0.039944709828676206]
[-0.491323272842406, 0.039944709828676206]
[-0.491323272842406, 0.039944709828676206]
[-0.491323272842406, 0.039944709828676206]
[-0.491323272842406, 0.039944709828676206]
[-0.491323272842406, 0.039944709828676206]
[-0.4892463284673373, 0.03966454074553093]
[-0.4892463284673373, 0.03966454074553093]
[-0.4892463284673373, 0.03966454074553093]
[-0.4892463284673373, 0.03966454074553093]
[-0.4892463284673373, 0.03966454074553093]
[-0.4892463284673373, 0.03966454074553093]
[-0.4892463284673373, 0.03966454074553093]
[-0.4892463284673373, 0.03966454074553093]
[-0.4872580484629927, 0.03944766032573696]
[-0.4872580484629927, 0.03944766032573696]
[-0.4872580484629927, 0.03944766032573696]
[-0.4872580484629927, 0.03944766032573696]
[-0.4872580484629927, 0.03944766032573696]
[-0.4872580484629927, 0.03944766032573696]
[-0.4872580484629927, 0.03944766032573696]
[-0.4872580484629927, 0.03944766032573696]
[-0.4852850017128443, 0.03917812497130304]
[-0.4852850017128443, 0.03917812497130304]
[-0.4852850017128443, 0.03917812497130304]
[-0.4852850017128443, 0.03917812497130304]
[-0.4852850017128443, 0.03917812497130304]
[-0.4852850017128443, 0.03917812497130304]
[-0.4852850017128443, 0.03917812497130304]
[-0.4852850017128443, 0.03917812497130304]
[-0.48340932297905564, 0.03890599878035954]
[-0.48340932297905564, 0.03890599878035954]
[-0.48340932297905564, 0.03890599878035954]
[-0.48340932297905564, 0.03890599878035954]
[-0.48340932297905564, 0.03890599878035954]
[-0.48340932297905564, 0.03890599878035954]
[-0.48340932297905564, 0.03890599878035954]
[-0.48340932297905564, 0.03890599878035954]
[-0.48154150649779187, 0.038638548101699886]
[-0.48154150649779187, 0.038638548101699886]
[-0.48154150649779187, 0.038638548101699886]
[-0.48154150649779187, 0.038638548101699886]
[-0.48154150649779187, 0.038638548101699886]
[-0.48154150649779187, 0.038638548101699886]
[-0.48154150649779187, 0.038638548101699886]
[-0.48154150649779187, 0.038638548101699886]
[-0.4797969954685852, 0.03837955167700417]
[-0.4797969954685852, 0.03837955167700417]
[-0.4797969954685852, 0.03837955167700417]
[-0.4797969954685852, 0.03837955167700417]
[-0.4797969954685852, 0.03837955167700417]
[-0.4797969954685852, 0.03837955167700417]
[-0.4797969954685852, 0.03837955167700417]
[-0.4797969954685852, 0.03837955167700417]
[-0.4771707684346961, 0.03800678747566165]
[-0.4771707684346961, 0.03800678747566165]
[-0.4771707684346961, 0.03800678747566165]
[-0.4771707684346961, 0.03800678747566165]
[-0.4771707684346961, 0.03800678747566165]
[-0.4771707684346961, 0.03800678747566165]
[-0.4771707684346961, 0.03800678747566165]
[-0.4771707684346961, 0.03800678747566165]
[-0.4750371505650528, 0.03773057401718352]
[-0.4750371505650528, 0.03773057401718352]
[-0.4750371505650528, 0.03773057401718352]
[-0.4750371505650528, 0.03773057401718352]
[-0.4750371505650528, 0.03773057401718352]
[-0.4750371505650528, 0.03773057401718352]
[-0.4750371505650528, 0.03773057401718352]
[-0.4750371505650528, 0.03773057401718352]
[-0.472750511871237, 0.03747107215747709]
[-0.472750511871237, 0.03747107215747709]
[-0.472750511871237, 0.03747107215747709]
[-0.472750511871237, 0.03747107215747709]
[-0.472750511871237, 0.03747107215747709]
[-0.472750511871237, 0.03747107215747709]
[-0.472750511871237, 0.03747107215747709]
[-0.472750511871237, 0.03747107215747709]
[-0.4703386277111662, 0.037192323998429325]
[-0.4703386277111662, 0.037192323998429325]
[-0.4703386277111662, 0.037192323998429325]
[-0.4703386277111662, 0.037192323998429325]
[-0.4703386277111662, 0.037192323998429325]
[-0.4703386277111662, 0.037192323998429325]
[-0.4703386277111662, 0.037192323998429325]
[-0.4703386277111662, 0.037192323998429325]
[-0.46822198315650426, 0.03693809658409811]
[-0.46822198315650426, 0.03693809658409811]
[-0.46822198315650426, 0.03693809658409811]
[-0.46822198315650426, 0.03693809658409811]
[-0.46822198315650426, 0.03693809658409811]
[-0.46822198315650426, 0.03693809658409811]
[-0.46822198315650426, 0.03693809658409811]
[-0.46822198315650426, 0.03693809658409811]
[-0.4658931368300317, 0.03663785925262355]
[-0.4658931368300317, 0.03663785925262355]
[-0.4658931368300317, 0.03663785925262355]
[-0.4658931368300317, 0.03663785925262355]
[-0.4658931368300317, 0.03663785925262355]
[-0.4658931368300317, 0.03663785925262355]
[-0.4658931368300317, 0.03663785925262355]
[-0.4658931368300317, 0.03663785925262355]
[-0.46359920420458695, 0.03633267757135618]
[-0.46359920420458695, 0.03633267757135618]
[-0.46359920420458695, 0.03633267757135618]
[-0.46359920420458695, 0.03633267757135618]
[-0.46359920420458695, 0.03633267757135618]
[-0.46359920420458695, 0.03633267757135618]
[-0.46359920420458695, 0.03633267757135618]
[-0.46359920420458695, 0.03633267757135618]
[-0.46209147101974773, 0.03611916141165438]
[-0.46209147101974773, 0.03611916141165438]
[-0.46209147101974773, 0.03611916141165438]
[-0.46209147101974773, 0.03611916141165438]
[-0.46209147101974773, 0.03611916141165438]
[-0.46209147101974773, 0.03611916141165438]
[-0.46209147101974773, 0.03611916141165438]
[-0.46209147101974773, 0.03611916141165438]
[-0.46012990939887466, 0.03583128803075676]
[-0.46012990939887466, 0.03583128803075676]
[-0.46012990939887466, 0.03583128803075676]
[-0.46012990939887466, 0.03583128803075676]
[-0.46012990939887466, 0.03583128803075676]
[-0.46012990939887466, 0.03583128803075676]
[-0.46012990939887466, 0.03583128803075676]
[-0.46012990939887466, 0.03583128803075676]
[-0.4579351991236766, 0.035515603679853076]
[-0.4579351991236766, 0.035515603679853076]
[-0.4579351991236766, 0.035515603679853076]
[-0.4579351991236766, 0.035515603679853076]
[-0.4579351991236766, 0.035515603679853076]
[-0.4579351991236766, 0.035515603679853076]
[-0.4579351991236766, 0.035515603679853076]
[-0.4579351991236766, 0.035515603679853076]
[-0.4554039639177378, 0.03519027615925879]
[-0.4554039639177378, 0.03519027615925879]
[-0.4554039639177378, 0.03519027615925879]
[-0.4554039639177378, 0.03519027615925879]
[-0.4554039639177378, 0.03519027615925879]
[-0.4554039639177378, 0.03519027615925879]
[-0.4554039639177378, 0.03519027615925879]
[-0.4554039639177378, 0.03519027615925879]
[-0.45314605925725987, 0.034899039666402884]
[-0.45314605925725987, 0.034899039666402884]
[-0.45314605925725987, 0.034899039666402884]
[-0.45314605925725987, 0.034899039666402884]
[-0.45314605925725987, 0.034899039666402884]
[-0.45314605925725987, 0.034899039666402884]
[-0.45314605925725987, 0.034899039666402884]
[-0.45314605925725987, 0.034899039666402884]
[-0.4505082379758784, 0.03455245956200077]
[-0.4505082379758784, 0.03455245956200077]
[-0.4505082379758784, 0.03455245956200077]
[-0.4505082379758784, 0.03455245956200077]
[-0.4505082379758784, 0.03455245956200077]
[-0.4505082379758784, 0.03455245956200077]
[-0.4505082379758784, 0.03455245956200077]
[-0.4505082379758784, 0.03455245956200077]
[-0.44878597689859295, 0.034339666484147324]
[-0.44878597689859295, 0.034339666484147324]
[-0.44878597689859295, 0.034339666484147324]
[-0.44878597689859295, 0.034339666484147324]
[-0.44878597689859295, 0.034339666484147324]
[-0.44878597689859295, 0.034339666484147324]
[-0.44878597689859295, 0.034339666484147324]
[-0.44878597689859295, 0.034339666484147324]
[-0.4469105603629008, 0.034115831675293536]
[-0.4469105603629008, 0.034115831675293536]
[-0.4469105603629008, 0.034115831675293536]
[-0.4469105603629008, 0.034115831675293536]
[-0.4469105603629008, 0.034115831675293536]
[-0.4469105603629008, 0.034115831675293536]
[-0.4469105603629008, 0.034115831675293536]
[-0.4469105603629008, 0.034115831675293536]
[-0.4453386924012776, 0.03393960466002019]
[-0.4453386924012776, 0.03393960466002019]
[-0.4453386924012776, 0.03393960466002019]
[-0.4453386924012776, 0.03393960466002019]
[-0.4453386924012776, 0.03393960466002019]
[-0.4453386924012776, 0.03393960466002019]
[-0.4453386924012776, 0.03393960466002019]
[-0.4453386924012776, 0.03393960466002019]
[-0.4429770846176992, 0.03370273349499419]
[-0.4429770846176992, 0.03370273349499419]
[-0.4429770846176992, 0.03370273349499419]
[-0.4429770846176992, 0.03370273349499419]
[-0.4429770846176992, 0.03370273349499419]
[-0.4429770846176992, 0.03370273349499419]
[-0.4429770846176992, 0.03370273349499419]
[-0.4429770846176992, 0.03370273349499419]
[-0.44018049662755543, 0.03350630097591149]
[-0.44018049662755543, 0.03350630097591149]
[-0.44018049662755543, 0.03350630097591149]
[-0.44018049662755543, 0.03350630097591149]
[-0.44018049662755543, 0.03350630097591149]
[-0.44018049662755543, 0.03350630097591149]
[-0.44018049662755543, 0.03350630097591149]
[-0.44018049662755543, 0.03350630097591149]
[-0.4380340708255235, 0.033336136386563124]
[-0.4380340708255235, 0.033336136386563124]
[-0.4380340708255235, 0.033336136386563124]
[-0.4380340708255235, 0.033336136386563124]
[-0.4380340708255235, 0.033336136386563124]
[-0.4380340708255235, 0.033336136386563124]
[-0.4380340708255235, 0.033336136386563124]
[-0.4380340708255235, 0.033336136386563124]
[-0.43568253223914727, 0.03310580662156347]
[-0.43568253223914727, 0.03310580662156347]
[-0.43568253223914727, 0.03310580662156347]
[-0.43568253223914727, 0.03310580662156347]
[-0.43568253223914727, 0.03310580662156347]
[-0.43568253223914727, 0.03310580662156347]
[-0.43568253223914727, 0.03310580662156347]
[-0.43568253223914727, 0.03310580662156347]
[-0.433759723098372, 0.03289010143749676]
[-0.433759723098372, 0.03289010143749676]
[-0.433759723098372, 0.03289010143749676]
[-0.433759723098372, 0.03289010143749676]
[-0.433759723098372, 0.03289010143749676]
[-0.433759723098372, 0.03289010143749676]
[-0.433759723098372, 0.03289010143749676]
[-0.433759723098372, 0.03289010143749676]
[-0.431430767065125, 0.03260116925994561]
[-0.431430767065125, 0.03260116925994561]
[-0.431430767065125, 0.03260116925994561]
[-0.431430767065125, 0.03260116925994561]
[-0.431430767065125, 0.03260116925994561]
[-0.431430767065125, 0.03260116925994561]
[-0.431430767065125, 0.03260116925994561]
[-0.431430767065125, 0.03260116925994561]
[-0.4298050230545821, 0.03240436509368587]
[-0.4298050230545821, 0.03240436509368587]
[-0.4298050230545821, 0.03240436509368587]
[-0.4298050230545821, 0.03240436509368587]
[-0.4298050230545821, 0.03240436509368587]
[-0.4298050230545821, 0.03240436509368587]
[-0.4298050230545821, 0.03240436509368587]
[-0.4298050230545821, 0.03240436509368587]
[-0.4274957264916951, 0.032134695699124124]
[-0.4274957264916951, 0.032134695699124124]
[-0.4274957264916951, 0.032134695699124124]
[-0.4274957264916951, 0.032134695699124124]
[-0.4274957264916951, 0.032134695699124124]
[-0.4274957264916951, 0.032134695699124124]
[-0.4274957264916951, 0.032134695699124124]
[-0.4274957264916951, 0.032134695699124124]
[-0.4253290163204855, 0.03187651127866405]
[-0.4253290163204855, 0.03187651127866405]
[-0.4253290163204855, 0.03187651127866405]
[-0.4253290163204855, 0.03187651127866405]
[-0.4253290163204855, 0.03187651127866405]
[-0.4253290163204855, 0.03187651127866405]
[-0.4253290163204855, 0.03187651127866405]
[-0.4253290163204855, 0.03187651127866405]
[-0.42343154669727956, 0.03165294042629513]
[-0.42343154669727956, 0.03165294042629513]
[-0.42343154669727956, 0.03165294042629513]
[-0.42343154669727956, 0.03165294042629513]
[-0.42343154669727956, 0.03165294042629513]
[-0.42343154669727956, 0.03165294042629513]
[-0.42343154669727956, 0.03165294042629513]
[-0.42343154669727956, 0.03165294042629513]
[-0.4212356295593, 0.03140853595949416]
[-0.4212356295593, 0.03140853595949416]
[-0.4212356295593, 0.03140853595949416]
[-0.4212356295593, 0.03140853595949416]
[-0.4212356295593, 0.03140853595949416]
[-0.4212356295593, 0.03140853595949416]
[-0.4212356295593, 0.03140853595949416]
[-0.4212356295593, 0.03140853595949416]
[-0.4191918370935646, 0.03116757273998033]
[-0.4191918370935646, 0.03116757273998033]
[-0.4191918370935646, 0.03116757273998033]
[-0.4191918370935646, 0.03116757273998033]
[-0.4191918370935646, 0.03116757273998033]
[-0.4191918370935646, 0.03116757273998033]
[-0.4191918370935646, 0.03116757273998033]
[-0.4191918370935646, 0.03116757273998033]
[-0.4172946295126682, 0.030935541591513675]
[-0.4172946295126682, 0.030935541591513675]
[-0.4172946295126682, 0.030935541591513675]
[-0.4172946295126682, 0.030935541591513675]
[-0.4172946295126682, 0.030935541591513675]
[-0.4172946295126682, 0.030935541591513675]
[-0.4172946295126682, 0.030935541591513675]
[-0.4172946295126682, 0.030935541591513675]
[-0.415476000537206, 0.030726706138693303]
[-0.415476000537206, 0.030726706138693303]
[-0.415476000537206, 0.030726706138693303]
[-0.415476000537206, 0.030726706138693303]
[-0.415476000537206, 0.030726706138693303]
[-0.415476000537206, 0.030726706138693303]
[-0.415476000537206, 0.030726706138693303]
[-0.415476000537206, 0.030726706138693303]
[-0.4132917199856828, 0.03050130659488936]
[-0.4132917199856828, 0.03050130659488936]
[-0.4132917199856828, 0.03050130659488936]
[-0.4132917199856828, 0.03050130659488936]
[-0.4132917199856828, 0.03050130659488936]
[-0.4132917199856828, 0.03050130659488936]
[-0.4132917199856828, 0.03050130659488936]
[-0.4132917199856828, 0.03050130659488936]
[-0.41059737430881116, 0.03021010923711233]
[-0.41059737430881116, 0.03021010923711233]
[-0.41059737430881116, 0.03021010923711233]
[-0.41059737430881116, 0.03021010923711233]
[-0.41059737430881116, 0.03021010923711233]
[-0.41059737430881116, 0.03021010923711233]
[-0.41059737430881116, 0.03021010923711233]
[-0.41059737430881116, 0.03021010923711233]
[-0.4084500605613462, 0.02999225002631858]
[-0.4084500605613462, 0.02999225002631858]
[-0.4084500605613462, 0.02999225002631858]
[-0.4084500605613462, 0.02999225002631858]
[-0.4084500605613462, 0.02999225002631858]
[-0.4084500605613462, 0.02999225002631858]
[-0.4084500605613462, 0.02999225002631858]
[-0.4084500605613462, 0.02999225002631858]
[-0.4060892276819095, 0.02973367178421364]
[-0.4060892276819095, 0.02973367178421364]
[-0.4060892276819095, 0.02973367178421364]
[-0.4060892276819095, 0.02973367178421364]
[-0.4060892276819095, 0.02973367178421364]
[-0.4060892276819095, 0.02973367178421364]
[-0.4060892276819095, 0.02973367178421364]
[-0.4060892276819095, 0.02973367178421364]
[-0.4034157823159123, 0.029468974224179115]
[-0.4034157823159123, 0.029468974224179115]
[-0.4034157823159123, 0.029468974224179115]
[-0.4034157823159123, 0.029468974224179115]
[-0.4034157823159123, 0.029468974224179115]
[-0.4034157823159123, 0.029468974224179115]
[-0.4034157823159123, 0.029468974224179115]
[-0.4034157823159123, 0.029468974224179115]
[-0.4012789584421624, 0.029294198945136275]
[-0.4012789584421624, 0.029294198945136275]
[-0.4012789584421624, 0.029294198945136275]
[-0.4012789584421624, 0.029294198945136275]
[-0.4012789584421624, 0.029294198945136275]
[-0.4012789584421624, 0.029294198945136275]
[-0.4012789584421624, 0.029294198945136275]
[-0.4012789584421624, 0.029294198945136275]
[-0.39946017019133817, 0.029167741256809647]
[-0.39946017019133817, 0.029167741256809647]
[-0.39946017019133817, 0.029167741256809647]
[-0.39946017019133817, 0.029167741256809647]
[-0.39946017019133817, 0.029167741256809647]
[-0.39946017019133817, 0.029167741256809647]
[-0.39946017019133817, 0.029167741256809647]
[-0.39946017019133817, 0.029167741256809647]
[-0.397482024726834, 0.02903301436059169]
[-0.397482024726834, 0.02903301436059169]
[-0.397482024726834, 0.02903301436059169]
[-0.397482024726834, 0.02903301436059169]
[-0.397482024726834, 0.02903301436059169]
[-0.397482024726834, 0.02903301436059169]
[-0.397482024726834, 0.02903301436059169]
[-0.397482024726834, 0.02903301436059169]
[-0.3953219085462594, 0.02889702200029211]
[-0.3953219085462594, 0.02889702200029211]
[-0.3953219085462594, 0.02889702200029211]
[-0.3953219085462594, 0.02889702200029211]
[-0.3953219085462594, 0.02889702200029211]
[-0.3953219085462594, 0.02889702200029211]
[-0.3953219085462594, 0.02889702200029211]
[-0.3953219085462594, 0.02889702200029211]
[-0.3931574731426084, 0.028719980366932088]
[-0.3931574731426084, 0.028719980366932088]
[-0.3931574731426084, 0.028719980366932088]
[-0.3931574731426084, 0.028719980366932088]
[-0.3931574731426084, 0.028719980366932088]
[-0.3931574731426084, 0.028719980366932088]
[-0.3931574731426084, 0.028719980366932088]
[-0.3931574731426084, 0.028719980366932088]
[-0.3909678974559765, 0.02851253403749849]
[-0.3909678974559765, 0.02851253403749849]
[-0.3909678974559765, 0.02851253403749849]
[-0.3909678974559765, 0.02851253403749849]
[-0.3909678974559765, 0.02851253403749849]
[-0.3909678974559765, 0.02851253403749849]
[-0.3909678974559765, 0.02851253403749849]
[-0.3909678974559765, 0.02851253403749849]
[-0.3888890484549883, 0.028325527650773473]
[-0.3888890484549883, 0.028325527650773473]
[-0.3888890484549883, 0.028325527650773473]
[-0.3888890484549883, 0.028325527650773473]
[-0.3888890484549883, 0.028325527650773473]
[-0.3888890484549883, 0.028325527650773473]
[-0.3888890484549883, 0.028325527650773473]
[-0.3888890484549883, 0.028325527650773473]
[-0.3873345312490809, 0.028195066559141883]
[-0.3873345312490809, 0.028195066559141883]
[-0.3873345312490809, 0.028195066559141883]
[-0.3873345312490809, 0.028195066559141883]
[-0.3873345312490809, 0.028195066559141883]
[-0.3873345312490809, 0.028195066559141883]
[-0.3873345312490809, 0.028195066559141883]
[-0.3873345312490809, 0.028195066559141883]
[-0.38558581962530486, 0.02804318579128303]
[-0.38558581962530486, 0.02804318579128303]
[-0.38558581962530486, 0.02804318579128303]
[-0.38558581962530486, 0.02804318579128303]
[-0.38558581962530486, 0.02804318579128303]
[-0.38558581962530486, 0.02804318579128303]
[-0.38558581962530486, 0.02804318579128303]
[-0.38558581962530486, 0.02804318579128303]
[-0.3836594914275336, 0.027883838351250228]
[-0.3836594914275336, 0.027883838351250228]
[-0.3836594914275336, 0.027883838351250228]
[-0.3836594914275336, 0.027883838351250228]
[-0.3836594914275336, 0.027883838351250228]
[-0.3836594914275336, 0.027883838351250228]
[-0.3836594914275336, 0.027883838351250228]
[-0.3836594914275336, 0.027883838351250228]
[-0.3813925091506458, 0.02770662227764556]
[-0.3813925091506458, 0.02770662227764556]
[-0.3813925091506458, 0.02770662227764556]
[-0.3813925091506458, 0.02770662227764556]
[-0.3813925091506458, 0.02770662227764556]
[-0.3813925091506458, 0.02770662227764556]
[-0.3813925091506458, 0.02770662227764556]
[-0.3813925091506458, 0.02770662227764556]
[-0.37932553631164107, 0.027527152711270146]
[-0.37932553631164107, 0.027527152711270146]
[-0.37932553631164107, 0.027527152711270146]
[-0.37932553631164107, 0.027527152711270146]
[-0.37932553631164107, 0.027527152711270146]
[-0.37932553631164107, 0.027527152711270146]
[-0.37932553631164107, 0.027527152711270146]
[-0.37932553631164107, 0.027527152711270146]
[-0.37716582143090266, 0.027328535384250098]
[-0.37716582143090266, 0.027328535384250098]
[-0.37716582143090266, 0.027328535384250098]
[-0.37716582143090266, 0.027328535384250098]
[-0.37716582143090266, 0.027328535384250098]
[-0.37716582143090266, 0.027328535384250098]
[-0.37716582143090266, 0.027328535384250098]
[-0.37716582143090266, 0.027328535384250098]
[-0.3749987384349306, 0.02716910570298391]
[-0.3749987384349306, 0.02716910570298391]
[-0.3749987384349306, 0.02716910570298391]
[-0.3749987384349306, 0.02716910570298391]
[-0.3749987384349306, 0.02716910570298391]
[-0.3749987384349306, 0.02716910570298391]
[-0.3749987384349306, 0.02716910570298391]
[-0.3749987384349306, 0.02716910570298391]
[-0.3729359276658004, 0.026982686836998546]
[-0.3729359276658004, 0.026982686836998546]
[-0.3729359276658004, 0.026982686836998546]
[-0.3729359276658004, 0.026982686836998546]
[-0.3729359276658004, 0.026982686836998546]
[-0.3729359276658004, 0.026982686836998546]
[-0.3729359276658004, 0.026982686836998546]
[-0.3729359276658004, 0.026982686836998546]
[-0.3713244328900842, 0.02683096856350624]
[-0.3713244328900842, 0.02683096856350624]
[-0.3713244328900842, 0.02683096856350624]
[-0.3713244328900842, 0.02683096856350624]
[-0.3713244328900842, 0.02683096856350624]
[-0.3713244328900842, 0.02683096856350624]
[-0.3713244328900842, 0.02683096856350624]
[-0.3713244328900842, 0.02683096856350624]
[-0.36927378355060403, 0.026636225508184976]
[-0.36927378355060403, 0.026636225508184976]
[-0.36927378355060403, 0.026636225508184976]
[-0.36927378355060403, 0.026636225508184976]
[-0.36927378355060403, 0.026636225508184976]
[-0.36927378355060403, 0.026636225508184976]
[-0.36927378355060403, 0.026636225508184976]
[-0.36927378355060403, 0.026636225508184976]
[-0.36702178687984804, 0.026400858204808364]
[-0.36702178687984804, 0.026400858204808364]
[-0.36702178687984804, 0.026400858204808364]
[-0.36702178687984804, 0.026400858204808364]
[-0.36702178687984804, 0.026400858204808364]
[-0.36702178687984804, 0.026400858204808364]
[-0.36702178687984804, 0.026400858204808364]
[-0.36702178687984804, 0.026400858204808364]
[-0.3646413161702362, 0.02614313091321531]
[-0.3646413161702362, 0.02614313091321531]
[-0.3646413161702362, 0.02614313091321531]
[-0.3646413161702362, 0.02614313091321531]
[-0.3646413161702362, 0.02614313091321531]
[-0.3646413161702362, 0.02614313091321531]
[-0.3646413161702362, 0.02614313091321531]
[-0.3646413161702362, 0.02614313091321531]
[-0.3624730698239099, 0.025907262080481084]
[-0.3624730698239099, 0.025907262080481084]
[-0.3624730698239099, 0.025907262080481084]
[-0.3624730698239099, 0.025907262080481084]
[-0.3624730698239099, 0.025907262080481084]
[-0.3624730698239099, 0.025907262080481084]
[-0.3624730698239099, 0.025907262080481084]
[-0.3624730698239099, 0.025907262080481084]
[-0.36032480731271826, 0.02566667066819127]
[-0.36032480731271826, 0.02566667066819127]
[-0.36032480731271826, 0.02566667066819127]
[-0.36032480731271826, 0.02566667066819127]
[-0.36032480731271826, 0.02566667066819127]
[-0.36032480731271826, 0.02566667066819127]
[-0.36032480731271826, 0.02566667066819127]
[-0.36032480731271826, 0.02566667066819127]
[-0.3585853160927365, 0.025460912709142507]
[-0.3585853160927365, 0.025460912709142507]
[-0.3585853160927365, 0.025460912709142507]
[-0.3585853160927365, 0.025460912709142507]
[-0.3585853160927365, 0.025460912709142507]
[-0.3585853160927365, 0.025460912709142507]
[-0.3585853160927365, 0.025460912709142507]
[-0.3585853160927365, 0.025460912709142507]
[-0.35664301275628935, 0.025250618431156786]
[-0.35664301275628935, 0.025250618431156786]
[-0.35664301275628935, 0.025250618431156786]
[-0.35664301275628935, 0.025250618431156786]
[-0.35664301275628935, 0.025250618431156786]
[-0.35664301275628935, 0.025250618431156786]
[-0.35664301275628935, 0.025250618431156786]
[-0.35664301275628935, 0.025250618431156786]
[-0.35424083612890533, 0.025042785642634267]
[-0.35424083612890533, 0.025042785642634267]
[-0.35424083612890533, 0.025042785642634267]
[-0.35424083612890533, 0.025042785642634267]
[-0.35424083612890533, 0.025042785642634267]
[-0.35424083612890533, 0.025042785642634267]
[-0.35424083612890533, 0.025042785642634267]
[-0.35424083612890533, 0.025042785642634267]
[-0.3520271771907008, 0.024902440239987434]
[-0.3520271771907008, 0.024902440239987434]
[-0.3520271771907008, 0.024902440239987434]
[-0.3520271771907008, 0.024902440239987434]
[-0.3520271771907008, 0.024902440239987434]
[-0.3520271771907008, 0.024902440239987434]
[-0.3520271771907008, 0.024902440239987434]
[-0.3520271771907008, 0.024902440239987434]
[-0.34997873371177224, 0.024730369587783862]
[-0.34997873371177224, 0.024730369587783862]
[-0.34997873371177224, 0.024730369587783862]
[-0.34997873371177224, 0.024730369587783862]
[-0.34997873371177224, 0.024730369587783862]
[-0.34997873371177224, 0.024730369587783862]
[-0.34997873371177224, 0.024730369587783862]
[-0.34997873371177224, 0.024730369587783862]
[-0.34767127984874613, 0.02450077084469206]
[-0.34767127984874613, 0.02450077084469206]
[-0.34767127984874613, 0.02450077084469206]
[-0.34767127984874613, 0.02450077084469206]
[-0.34767127984874613, 0.02450077084469206]
[-0.34767127984874613, 0.02450077084469206]
[-0.34767127984874613, 0.02450077084469206]
[-0.34767127984874613, 0.02450077084469206]
[-0.3455731873569506, 0.024308134012393293]
[-0.3455731873569506, 0.024308134012393293]
[-0.3455731873569506, 0.024308134012393293]
[-0.3455731873569506, 0.024308134012393293]
[-0.3455731873569506, 0.024308134012393293]
[-0.3455731873569506, 0.024308134012393293]
[-0.3455731873569506, 0.024308134012393293]
[-0.3455731873569506, 0.024308134012393293]
[-0.3439688409985436, 0.024186497648964543]
[-0.3439688409985436, 0.024186497648964543]
[-0.3439688409985436, 0.024186497648964543]
[-0.3439688409985436, 0.024186497648964543]
[-0.3439688409985436, 0.024186497648964543]
[-0.3439688409985436, 0.024186497648964543]
[-0.3439688409985436, 0.024186497648964543]
[-0.3439688409985436, 0.024186497648964543]
[-0.3414968873478054, 0.023995575353844625]
[-0.3414968873478054, 0.023995575353844625]
[-0.3414968873478054, 0.023995575353844625]
[-0.3414968873478054, 0.023995575353844625]
[-0.3414968873478054, 0.023995575353844625]
[-0.3414968873478054, 0.023995575353844625]
[-0.3414968873478054, 0.023995575353844625]
[-0.3414968873478054, 0.023995575353844625]
[-0.33957412627000066, 0.02384791466734155]
[-0.33957412627000066, 0.02384791466734155]
[-0.33957412627000066, 0.02384791466734155]
[-0.33957412627000066, 0.02384791466734155]
[-0.33957412627000066, 0.02384791466734155]
[-0.33957412627000066, 0.02384791466734155]
[-0.33957412627000066, 0.02384791466734155]
[-0.33957412627000066, 0.02384791466734155]
[-0.3379724550048129, 0.023743809033810674]
[-0.3379724550048129, 0.023743809033810674]
[-0.3379724550048129, 0.023743809033810674]
[-0.3379724550048129, 0.023743809033810674]
[-0.3379724550048129, 0.023743809033810674]
[-0.3379724550048129, 0.023743809033810674]
[-0.3379724550048129, 0.023743809033810674]
[-0.3379724550048129, 0.023743809033810674]
[-0.3362493580240197, 0.02363017081401457]
[-0.3362493580240197, 0.02363017081401457]
[-0.3362493580240197, 0.02363017081401457]
[-0.3362493580240197, 0.02363017081401457]
[-0.3362493580240197, 0.02363017081401457]
[-0.3362493580240197, 0.02363017081401457]
[-0.3362493580240197, 0.02363017081401457]
[-0.3362493580240197, 0.02363017081401457]
[-0.33385072790085346, 0.023463997342939857]
[-0.33385072790085346, 0.023463997342939857]
[-0.33385072790085346, 0.023463997342939857]
[-0.33385072790085346, 0.023463997342939857]
[-0.33385072790085346, 0.023463997342939857]
[-0.33385072790085346, 0.023463997342939857]
[-0.33385072790085346, 0.023463997342939857]
[-0.33385072790085346, 0.023463997342939857]
[-0.3309240561170608, 0.02325575409353374]
[-0.3309240561170608, 0.02325575409353374]
[-0.3309240561170608, 0.02325575409353374]
[-0.3309240561170608, 0.02325575409353374]
[-0.3309240561170608, 0.02325575409353374]
[-0.3309240561170608, 0.02325575409353374]
[-0.3309240561170608, 0.02325575409353374]
[-0.3309240561170608, 0.02325575409353374]
[-0.3291136380417155, 0.023142851799722353]
[-0.3291136380417155, 0.023142851799722353]
[-0.3291136380417155, 0.023142851799722353]
[-0.3291136380417155, 0.023142851799722353]
[-0.3291136380417155, 0.023142851799722353]
[-0.3291136380417155, 0.023142851799722353]
[-0.3291136380417155, 0.023142851799722353]
[-0.3291136380417155, 0.023142851799722353]
[-0.32752125932177845, 0.023039579502027136]
[-0.32752125932177845, 0.023039579502027136]
[-0.32752125932177845, 0.023039579502027136]
[-0.32752125932177845, 0.023039579502027136]
[-0.32752125932177845, 0.023039579502027136]
[-0.32752125932177845, 0.023039579502027136]
[-0.32752125932177845, 0.023039579502027136]
[-0.32752125932177845, 0.023039579502027136]
[-0.3252531949444036, 0.022873605643511485]
[-0.3252531949444036, 0.022873605643511485]
[-0.3252531949444036, 0.022873605643511485]
[-0.3252531949444036, 0.022873605643511485]
[-0.3252531949444036, 0.022873605643511485]
[-0.3252531949444036, 0.022873605643511485]
[-0.3252531949444036, 0.022873605643511485]
[-0.3252531949444036, 0.022873605643511485]
[-0.3232113686695201, 0.022688840100007494]
[-0.3232113686695201, 0.022688840100007494]
[-0.3232113686695201, 0.022688840100007494]
[-0.3232113686695201, 0.022688840100007494]
[-0.3232113686695201, 0.022688840100007494]
[-0.3232113686695201, 0.022688840100007494]
[-0.3232113686695201, 0.022688840100007494]
[-0.3232113686695201, 0.022688840100007494]
[-0.3209746453930835, 0.022455897159869655]
[-0.3209746453930835, 0.022455897159869655]
[-0.3209746453930835, 0.022455897159869655]
[-0.3209746453930835, 0.022455897159869655]
[-0.3209746453930835, 0.022455897159869655]
[-0.3209746453930835, 0.022455897159869655]
[-0.3209746453930835, 0.022455897159869655]
[-0.3209746453930835, 0.022455897159869655]
[-0.31840526513429074, 0.022181078701656864]
[-0.31840526513429074, 0.022181078701656864]
[-0.31840526513429074, 0.022181078701656864]
[-0.31840526513429074, 0.022181078701656864]
[-0.31840526513429074, 0.022181078701656864]
[-0.31840526513429074, 0.022181078701656864]
[-0.31840526513429074, 0.022181078701656864]
[-0.31840526513429074, 0.022181078701656864]
[-0.3167310685683724, 0.02206838837993217]
[-0.3167310685683724, 0.02206838837993217]
[-0.3167310685683724, 0.02206838837993217]
[-0.3167310685683724, 0.02206838837993217]
[-0.3167310685683724, 0.02206838837993217]
[-0.3167310685683724, 0.02206838837993217]
[-0.3167310685683724, 0.02206838837993217]
[-0.3167310685683724, 0.02206838837993217]
[-0.3145893647722931, 0.021917511707487288]
[-0.3145893647722931, 0.021917511707487288]
[-0.3145893647722931, 0.021917511707487288]
[-0.3145893647722931, 0.021917511707487288]
[-0.3145893647722931, 0.021917511707487288]
[-0.3145893647722931, 0.021917511707487288]
[-0.3145893647722931, 0.021917511707487288]
[-0.3145893647722931, 0.021917511707487288]
[-0.311936170679488, 0.021693563466221685]
[-0.311936170679488, 0.021693563466221685]
[-0.311936170679488, 0.021693563466221685]
[-0.311936170679488, 0.021693563466221685]
[-0.311936170679488, 0.021693563466221685]
[-0.311936170679488, 0.021693563466221685]
[-0.311936170679488, 0.021693563466221685]
[-0.311936170679488, 0.021693563466221685]
[-0.30952991013834147, 0.02149850886302371]
[-0.30952991013834147, 0.02149850886302371]
[-0.30952991013834147, 0.02149850886302371]
[-0.30952991013834147, 0.02149850886302371]
[-0.30952991013834147, 0.02149850886302371]
[-0.30952991013834147, 0.02149850886302371]
[-0.30952991013834147, 0.02149850886302371]
[-0.30952991013834147, 0.02149850886302371]
[-0.307136187213005, 0.02129011376092108]
[-0.307136187213005, 0.02129011376092108]
[-0.307136187213005, 0.02129011376092108]
[-0.307136187213005, 0.02129011376092108]
[-0.307136187213005, 0.02129011376092108]
[-0.307136187213005, 0.02129011376092108]
[-0.307136187213005, 0.02129011376092108]
[-0.307136187213005, 0.02129011376092108]
[-0.30459140221919295, 0.02109479750654226]
[-0.30459140221919295, 0.02109479750654226]
[-0.30459140221919295, 0.02109479750654226]
[-0.30459140221919295, 0.02109479750654226]
[-0.30459140221919295, 0.02109479750654226]
[-0.30459140221919295, 0.02109479750654226]
[-0.30459140221919295, 0.02109479750654226]
[-0.30459140221919295, 0.02109479750654226]
[-0.30245014574260803, 0.02095733758383718]
[-0.30245014574260803, 0.02095733758383718]
[-0.30245014574260803, 0.02095733758383718]
[-0.30245014574260803, 0.02095733758383718]
[-0.30245014574260803, 0.02095733758383718]
[-0.30245014574260803, 0.02095733758383718]
[-0.30245014574260803, 0.02095733758383718]
[-0.30245014574260803, 0.02095733758383718]
[-0.30067144005763785, 0.02081110931942222]
[-0.30067144005763785, 0.02081110931942222]
[-0.30067144005763785, 0.02081110931942222]
[-0.30067144005763785, 0.02081110931942222]
[-0.30067144005763785, 0.02081110931942222]
[-0.30067144005763785, 0.02081110931942222]
[-0.30067144005763785, 0.02081110931942222]
[-0.30067144005763785, 0.02081110931942222]
[-0.2987694515677961, 0.020664281340130215]
[-0.2987694515677961, 0.020664281340130215]
[-0.2987694515677961, 0.020664281340130215]
[-0.2987694515677961, 0.020664281340130215]
[-0.2987694515677961, 0.020664281340130215]
[-0.2987694515677961, 0.020664281340130215]
[-0.2987694515677961, 0.020664281340130215]
[-0.2987694515677961, 0.020664281340130215]
[-0.2970776755913669, 0.020487797796052722]
[-0.2970776755913669, 0.020487797796052722]
[-0.2970776755913669, 0.020487797796052722]
[-0.2970776755913669, 0.020487797796052722]
[-0.2970776755913669, 0.020487797796052722]
[-0.2970776755913669, 0.020487797796052722]
[-0.2970776755913669, 0.020487797796052722]
[-0.2970776755913669, 0.020487797796052722]
[-0.29428195103987204, 0.020215318971337565]
[-0.29428195103987204, 0.020215318971337565]
[-0.29428195103987204, 0.020215318971337565]
[-0.29428195103987204, 0.020215318971337565]
[-0.29428195103987204, 0.020215318971337565]
[-0.29428195103987204, 0.020215318971337565]
[-0.29428195103987204, 0.020215318971337565]
[-0.29428195103987204, 0.020215318971337565]
[-0.2917754831281542, 0.019989930992963145]
[-0.2917754831281542, 0.019989930992963145]
[-0.2917754831281542, 0.019989930992963145]
[-0.2917754831281542, 0.019989930992963145]
[-0.2917754831281542, 0.019989930992963145]
[-0.2917754831281542, 0.019989930992963145]
[-0.2917754831281542, 0.019989930992963145]
[-0.2917754831281542, 0.019989930992963145]
[-0.2894515488316381, 0.019801600827887105]
[-0.2894515488316381, 0.019801600827887105]
[-0.2894515488316381, 0.019801600827887105]
[-0.2894515488316381, 0.019801600827887105]
[-0.2894515488316381, 0.019801600827887105]
[-0.2894515488316381, 0.019801600827887105]
[-0.2894515488316381, 0.019801600827887105]
[-0.2894515488316381, 0.019801600827887105]
[-0.2876468247417683, 0.019690134673925625]
[-0.2876468247417683, 0.019690134673925625]
[-0.2876468247417683, 0.019690134673925625]
[-0.2876468247417683, 0.019690134673925625]
[-0.2876468247417683, 0.019690134673925625]
[-0.2876468247417683, 0.019690134673925625]
[-0.2876468247417683, 0.019690134673925625]
[-0.2876468247417683, 0.019690134673925625]
[-0.28564365783929674, 0.019562048803164228]
[-0.28564365783929674, 0.019562048803164228]
[-0.28564365783929674, 0.019562048803164228]
[-0.28564365783929674, 0.019562048803164228]
[-0.28564365783929674, 0.019562048803164228]
[-0.28564365783929674, 0.019562048803164228]
[-0.28564365783929674, 0.019562048803164228]
[-0.28564365783929674, 0.019562048803164228]
[-0.28364247959288447, 0.0193843593797961]
[-0.28364247959288447, 0.0193843593797961]
[-0.28364247959288447, 0.0193843593797961]
[-0.28364247959288447, 0.0193843593797961]
[-0.28364247959288447, 0.0193843593797961]
[-0.28364247959288447, 0.0193843593797961]
[-0.28364247959288447, 0.0193843593797961]
[-0.28364247959288447, 0.0193843593797961]
[-0.2818870774736787, 0.01925716787143535]
[-0.2818870774736787, 0.01925716787143535]
[-0.2818870774736787, 0.01925716787143535]
[-0.2818870774736787, 0.01925716787143535]
[-0.2818870774736787, 0.01925716787143535]
[-0.2818870774736787, 0.01925716787143535]
[-0.2818870774736787, 0.01925716787143535]
[-0.2818870774736787, 0.01925716787143535]
[-0.2798091126507234, 0.01912159588213236]
[-0.2798091126507234, 0.01912159588213236]
[-0.2798091126507234, 0.01912159588213236]
[-0.2798091126507234, 0.01912159588213236]
[-0.2798091126507234, 0.01912159588213236]
[-0.2798091126507234, 0.01912159588213236]
[-0.2798091126507234, 0.01912159588213236]
[-0.2798091126507234, 0.01912159588213236]
[-0.2770663598572392, 0.018990292593116204]
[-0.2770663598572392, 0.018990292593116204]
[-0.2770663598572392, 0.018990292593116204]
[-0.2770663598572392, 0.018990292593116204]
[-0.2770663598572392, 0.018990292593116204]
[-0.2770663598572392, 0.018990292593116204]
[-0.2770663598572392, 0.018990292593116204]
[-0.2770663598572392, 0.018990292593116204]
[-0.2742434213936786, 0.01884712948220579]
[-0.2742434213936786, 0.01884712948220579]
[-0.2742434213936786, 0.01884712948220579]
[-0.2742434213936786, 0.01884712948220579]
[-0.2742434213936786, 0.01884712948220579]
[-0.2742434213936786, 0.01884712948220579]
[-0.2742434213936786, 0.01884712948220579]
[-0.2742434213936786, 0.01884712948220579]
[-0.27197634716023905, 0.018711370523462566]
[-0.27197634716023905, 0.018711370523462566]
[-0.27197634716023905, 0.018711370523462566]
[-0.27197634716023905, 0.018711370523462566]
[-0.27197634716023905, 0.018711370523462566]
[-0.27197634716023905, 0.018711370523462566]
[-0.27197634716023905, 0.018711370523462566]
[-0.27197634716023905, 0.018711370523462566]
[-0.270278508521509, 0.01858093801464083]
[-0.270278508521509, 0.01858093801464083]
[-0.270278508521509, 0.01858093801464083]
[-0.270278508521509, 0.01858093801464083]
[-0.270278508521509, 0.01858093801464083]
[-0.270278508521509, 0.01858093801464083]
[-0.270278508521509, 0.01858093801464083]
[-0.270278508521509, 0.01858093801464083]
[-0.2677791494384743, 0.018304510766636126]
[-0.2677791494384743, 0.018304510766636126]
[-0.2677791494384743, 0.018304510766636126]
[-0.2677791494384743, 0.018304510766636126]
[-0.2677791494384743, 0.018304510766636126]
[-0.2677791494384743, 0.018304510766636126]
[-0.2677791494384743, 0.018304510766636126]
[-0.2677791494384743, 0.018304510766636126]
[-0.26552952035576644, 0.018043074618551817]
[-0.26552952035576644, 0.018043074618551817]
[-0.26552952035576644, 0.018043074618551817]
[-0.26552952035576644, 0.018043074618551817]
[-0.26552952035576644, 0.018043074618551817]
[-0.26552952035576644, 0.018043074618551817]
[-0.26552952035576644, 0.018043074618551817]
[-0.26552952035576644, 0.018043074618551817]
[-0.26303789874981093, 0.017750450556409145]
[-0.26303789874981093, 0.017750450556409145]
[-0.26303789874981093, 0.017750450556409145]
[-0.26303789874981093, 0.017750450556409145]
[-0.26303789874981093, 0.017750450556409145]
[-0.26303789874981093, 0.017750450556409145]
[-0.26303789874981093, 0.017750450556409145]
[-0.26303789874981093, 0.017750450556409145]
[-0.26002558450728974, 0.0174264202728511]
[-0.26002558450728974, 0.0174264202728511]
[-0.26002558450728974, 0.0174264202728511]
[-0.26002558450728974, 0.0174264202728511]
[-0.26002558450728974, 0.0174264202728511]
[-0.26002558450728974, 0.0174264202728511]
[-0.26002558450728974, 0.0174264202728511]
[-0.26002558450728974, 0.0174264202728511]
[-0.2584092105748263, 0.01728249422163455]
[-0.2584092105748263, 0.01728249422163455]
[-0.2584092105748263, 0.01728249422163455]
[-0.2584092105748263, 0.01728249422163455]
[-0.2584092105748263, 0.01728249422163455]
[-0.2584092105748263, 0.01728249422163455]
[-0.2584092105748263, 0.01728249422163455]
[-0.2584092105748263, 0.01728249422163455]
[-0.25654895710416553, 0.017120701984606034]
[-0.25654895710416553, 0.017120701984606034]
[-0.25654895710416553, 0.017120701984606034]
[-0.25654895710416553, 0.017120701984606034]
[-0.25654895710416553, 0.017120701984606034]
[-0.25654895710416553, 0.017120701984606034]
[-0.25654895710416553, 0.017120701984606034]
[-0.25654895710416553, 0.017120701984606034]
[-0.2549640212902586, 0.01699678331044087]
[-0.2549640212902586, 0.01699678331044087]
[-0.2549640212902586, 0.01699678331044087]
[-0.2549640212902586, 0.01699678331044087]
[-0.2549640212902586, 0.01699678331044087]
[-0.2549640212902586, 0.01699678331044087]
[-0.2549640212902586, 0.01699678331044087]
[-0.2549640212902586, 0.01699678331044087]
[-0.25331559040168766, 0.016872345895691327]
[-0.25331559040168766, 0.016872345895691327]
[-0.25331559040168766, 0.016872345895691327]
[-0.25331559040168766, 0.016872345895691327]
[-0.25331559040168766, 0.016872345895691327]
[-0.25331559040168766, 0.016872345895691327]
[-0.25331559040168766, 0.016872345895691327]
[-0.25331559040168766, 0.016872345895691327]
[-0.2511908887709826, 0.01670440017361138]
[-0.2511908887709826, 0.01670440017361138]
[-0.2511908887709826, 0.01670440017361138]
[-0.2511908887709826, 0.01670440017361138]
[-0.2511908887709826, 0.01670440017361138]
[-0.2511908887709826, 0.01670440017361138]
[-0.2511908887709826, 0.01670440017361138]
[-0.2511908887709826, 0.01670440017361138]
[-0.24864458107990575, 0.016467811622259278]
[-0.24864458107990575, 0.016467811622259278]
[-0.24864458107990575, 0.016467811622259278]
[-0.24864458107990575, 0.016467811622259278]
[-0.24864458107990575, 0.016467811622259278]
[-0.24864458107990575, 0.016467811622259278]
[-0.24864458107990575, 0.016467811622259278]
[-0.24864458107990575, 0.016467811622259278]
[-0.24641659646538397, 0.016301369304319968]
[-0.24641659646538397, 0.016301369304319968]
[-0.24641659646538397, 0.016301369304319968]
[-0.24641659646538397, 0.016301369304319968]
[-0.24641659646538397, 0.016301369304319968]
[-0.24641659646538397, 0.016301369304319968]
[-0.24641659646538397, 0.016301369304319968]
[-0.24641659646538397, 0.016301369304319968]
[-0.24472873251816152, 0.0162012922936175]
[-0.24472873251816152, 0.0162012922936175]
[-0.24472873251816152, 0.0162012922936175]
[-0.24472873251816152, 0.0162012922936175]
[-0.24472873251816152, 0.0162012922936175]
[-0.24472873251816152, 0.0162012922936175]
[-0.24472873251816152, 0.0162012922936175]
[-0.24472873251816152, 0.0162012922936175]
[-0.2428383328465093, 0.01608261106180496]
[-0.2428383328465093, 0.01608261106180496]
[-0.2428383328465093, 0.01608261106180496]
[-0.2428383328465093, 0.01608261106180496]
[-0.2428383328465093, 0.01608261106180496]
[-0.2428383328465093, 0.01608261106180496]
[-0.2428383328465093, 0.01608261106180496]
[-0.2428383328465093, 0.01608261106180496]
[-0.24031283467888648, 0.01585501867995174]
[-0.24031283467888648, 0.01585501867995174]
[-0.24031283467888648, 0.01585501867995174]
[-0.24031283467888648, 0.01585501867995174]
[-0.24031283467888648, 0.01585501867995174]
[-0.24031283467888648, 0.01585501867995174]
[-0.24031283467888648, 0.01585501867995174]
[-0.24031283467888648, 0.01585501867995174]
[-0.23815823664424887, 0.015648986517264745]
[-0.23815823664424887, 0.015648986517264745]
[-0.23815823664424887, 0.015648986517264745]
[-0.23815823664424887, 0.015648986517264745]
[-0.23815823664424887, 0.015648986517264745]
[-0.23815823664424887, 0.015648986517264745]
[-0.23815823664424887, 0.015648986517264745]
[-0.23815823664424887, 0.015648986517264745]
[-0.2354420259993217, 0.015365525046624787]
[-0.2354420259993217, 0.015365525046624787]
[-0.2354420259993217, 0.015365525046624787]
[-0.2354420259993217, 0.015365525046624787]
[-0.2354420259993217, 0.015365525046624787]
[-0.2354420259993217, 0.015365525046624787]
[-0.2354420259993217, 0.015365525046624787]
[-0.2354420259993217, 0.015365525046624787]
[-0.23328479213987724, 0.015148021102247491]
[-0.23328479213987724, 0.015148021102247491]
[-0.23328479213987724, 0.015148021102247491]
[-0.23328479213987724, 0.015148021102247491]
[-0.23328479213987724, 0.015148021102247491]
[-0.23328479213987724, 0.015148021102247491]
[-0.23328479213987724, 0.015148021102247491]
[-0.23328479213987724, 0.015148021102247491]
[-0.23046022852422768, 0.014863588756756738]
[-0.23046022852422768, 0.014863588756756738]
[-0.23046022852422768, 0.014863588756756738]
[-0.23046022852422768, 0.014863588756756738]
[-0.23046022852422768, 0.014863588756756738]
[-0.23046022852422768, 0.014863588756756738]
[-0.23046022852422768, 0.014863588756756738]
[-0.23046022852422768, 0.014863588756756738]
[-0.2285170912905282, 0.01466786005846641]
[-0.2285170912905282, 0.01466786005846641]
[-0.2285170912905282, 0.01466786005846641]
[-0.2285170912905282, 0.01466786005846641]
[-0.2285170912905282, 0.01466786005846641]
[-0.2285170912905282, 0.01466786005846641]
[-0.2285170912905282, 0.01466786005846641]
[-0.2285170912905282, 0.01466786005846641]
[-0.2266177496941407, 0.014460592410004315]
[-0.2266177496941407, 0.014460592410004315]
[-0.2266177496941407, 0.014460592410004315]
[-0.2266177496941407, 0.014460592410004315]
[-0.2266177496941407, 0.014460592410004315]
[-0.2266177496941407, 0.014460592410004315]
[-0.2266177496941407, 0.014460592410004315]
[-0.2266177496941407, 0.014460592410004315]
[-0.22441896466937258, 0.01423913872776416]
[-0.22441896466937258, 0.01423913872776416]
[-0.22441896466937258, 0.01423913872776416]
[-0.22441896466937258, 0.01423913872776416]
[-0.22441896466937258, 0.01423913872776416]
[-0.22441896466937258, 0.01423913872776416]
[-0.22441896466937258, 0.01423913872776416]
[-0.22441896466937258, 0.01423913872776416]
[-0.22294829102682828, 0.014072627229581487]
[-0.22294829102682828, 0.014072627229581487]
[-0.22294829102682828, 0.014072627229581487]
[-0.22294829102682828, 0.014072627229581487]
[-0.22294829102682828, 0.014072627229581487]
[-0.22294829102682828, 0.014072627229581487]
[-0.22294829102682828, 0.014072627229581487]
[-0.22294829102682828, 0.014072627229581487]
[-0.22105438470968156, 0.013852469539324161]
[-0.22105438470968156, 0.013852469539324161]
[-0.22105438470968156, 0.013852469539324161]
[-0.22105438470968156, 0.013852469539324161]
[-0.22105438470968156, 0.013852469539324161]
[-0.22105438470968156, 0.013852469539324161]
[-0.22105438470968156, 0.013852469539324161]
[-0.22105438470968156, 0.013852469539324161]
[-0.21912001198689707, 0.013654044744201168]
[-0.21912001198689707, 0.013654044744201168]
[-0.21912001198689707, 0.013654044744201168]
[-0.21912001198689707, 0.013654044744201168]
[-0.21912001198689707, 0.013654044744201168]
[-0.21912001198689707, 0.013654044744201168]
[-0.21912001198689707, 0.013654044744201168]
[-0.21912001198689707, 0.013654044744201168]
[-0.21655112263320878, 0.013435715187498337]
[-0.21655112263320878, 0.013435715187498337]
[-0.21655112263320878, 0.013435715187498337]
[-0.21655112263320878, 0.013435715187498337]
[-0.21655112263320878, 0.013435715187498337]
[-0.21655112263320878, 0.013435715187498337]
[-0.21655112263320878, 0.013435715187498337]
[-0.21655112263320878, 0.013435715187498337]
[-0.214291403520664, 0.013241847500917876]
[-0.214291403520664, 0.013241847500917876]
[-0.214291403520664, 0.013241847500917876]
[-0.214291403520664, 0.013241847500917876]
[-0.214291403520664, 0.013241847500917876]
[-0.214291403520664, 0.013241847500917876]
[-0.214291403520664, 0.013241847500917876]
[-0.214291403520664, 0.013241847500917876]
[-0.21197333938692756, 0.013028920455609916]
[-0.21197333938692756, 0.013028920455609916]
[-0.21197333938692756, 0.013028920455609916]
[-0.21197333938692756, 0.013028920455609916]
[-0.21197333938692756, 0.013028920455609916]
[-0.21197333938692756, 0.013028920455609916]
[-0.21197333938692756, 0.013028920455609916]
[-0.21197333938692756, 0.013028920455609916]
[-0.21083010599089247, 0.01292117313703945]
[-0.21083010599089247, 0.01292117313703945]
[-0.21083010599089247, 0.01292117313703945]
[-0.21083010599089247, 0.01292117313703945]
[-0.21083010599089247, 0.01292117313703945]
[-0.21083010599089247, 0.01292117313703945]
[-0.21083010599089247, 0.01292117313703945]
[-0.21083010599089247, 0.01292117313703945]
[-0.20900727361201693, 0.012722138393697867]
[-0.20900727361201693, 0.012722138393697867]
[-0.20900727361201693, 0.012722138393697867]
[-0.20900727361201693, 0.012722138393697867]
[-0.20900727361201693, 0.012722138393697867]
[-0.20900727361201693, 0.012722138393697867]
[-0.20900727361201693, 0.012722138393697867]
[-0.20900727361201693, 0.012722138393697867]
[-0.20652733386139194, 0.012477284037798792]
[-0.20652733386139194, 0.012477284037798792]
[-0.20652733386139194, 0.012477284037798792]
[-0.20652733386139194, 0.012477284037798792]
[-0.20652733386139194, 0.012477284037798792]
[-0.20652733386139194, 0.012477284037798792]
[-0.20652733386139194, 0.012477284037798792]
[-0.20652733386139194, 0.012477284037798792]
[-0.20401749487194845, 0.012248177853068733]
[-0.20401749487194845, 0.012248177853068733]
[-0.20401749487194845, 0.012248177853068733]
[-0.20401749487194845, 0.012248177853068733]
[-0.20401749487194845, 0.012248177853068733]
[-0.20401749487194845, 0.012248177853068733]
[-0.20401749487194845, 0.012248177853068733]
[-0.20401749487194845, 0.012248177853068733]
