[-0.731574831054457, 0.008838887817212369]
[-0.731574831054457, 0.008838887817212369]
[-0.731574831054457, 0.008838887817212369]
[-0.731574831054457, 0.008838887817212369]
[-0.731574831054457, 0.008838887817212369]
[-0.731574831054457, 0.008838887817212369]
[-0.731574831054457, 0.008838887817212369]
[-0.731574831054457, 0.008838887817212369]
[-0.7295960946121074, 0.010720990636218501]
[-0.7295960946121074, 0.010720990636218501]
[-0.7295960946121074, 0.010720990636218501]
[-0.7295960946121074, 0.010720990636218501]
[-0.7295960946121074, 0.010720990636218501]
[-0.7295960946121074, 0.010720990636218501]
[-0.7295960946121074, 0.010720990636218501]
[-0.7295960946121074, 0.010720990636218501]
[-0.7274789685479487, 0.012327415096332459]
[-0.7274789685479487, 0.012327415096332459]
[-0.7274789685479487, 0.012327415096332459]
[-0.7274789685479487, 0.012327415096332459]
[-0.7274789685479487, 0.012327415096332459]
[-0.7274789685479487, 0.012327415096332459]
[-0.7274789685479487, 0.012327415096332459]
[-0.7274789685479487, 0.012327415096332459]
[-0.725517213080585, 0.013810265893418895]
[-0.725517213080585, 0.013810265893418895]
[-0.725517213080585, 0.013810265893418895]
[-0.725517213080585, 0.013810265893418895]
[-0.725517213080585, 0.013810265893418895]
[-0.725517213080585, 0.013810265893418895]
[-0.725517213080585, 0.013810265893418895]
[-0.725517213080585, 0.013810265893418895]
[-0.7231004807252597, 0.015619504509798052]
[-0.7231004807252597, 0.015619504509798052]
[-0.7231004807252597, 0.015619504509798052]
[-0.7231004807252597, 0.015619504509798052]
[-0.7231004807252597, 0.015619504509798052]
[-0.7231004807252597, 0.015619504509798052]
[-0.7231004807252597, 0.015619504509798052]
[-0.7231004807252597, 0.015619504509798052]
[-0.7203452847660551, 0.017581015041739055]
[-0.7203452847660551, 0.017581015041739055]
[-0.7203452847660551, 0.017581015041739055]
[-0.7203452847660551, 0.017581015041739055]
[-0.7203452847660551, 0.017581015041739055]
[-0.7203452847660551, 0.017581015041739055]
[-0.7203452847660551, 0.017581015041739055]
[-0.7203452847660551, 0.017581015041739055]
[-0.7180025279324616, 0.019313462746415617]
[-0.7180025279324616, 0.019313462746415617]
[-0.7180025279324616, 0.019313462746415617]
[-0.7180025279324616, 0.019313462746415617]
[-0.7180025279324616, 0.019313462746415617]
[-0.7180025279324616, 0.019313462746415617]
[-0.7180025279324616, 0.019313462746415617]
[-0.7180025279324616, 0.019313462746415617]
[-0.7155556599032105, 0.02102961786822395]
[-0.7155556599032105, 0.02102961786822395]
[-0.7155556599032105, 0.02102961786822395]
[-0.7155556599032105, 0.02102961786822395]
[-0.7155556599032105, 0.02102961786822395]
[-0.7155556599032105, 0.02102961786822395]
[-0.7155556599032105, 0.02102961786822395]
[-0.7155556599032105, 0.02102961786822395]
[-0.7125607980666037, 0.023046053524026187]
[-0.7125607980666037, 0.023046053524026187]
[-0.7125607980666037, 0.023046053524026187]
[-0.7125607980666037, 0.023046053524026187]
[-0.7125607980666037, 0.023046053524026187]
[-0.7125607980666037, 0.023046053524026187]
[-0.7125607980666037, 0.023046053524026187]
[-0.7125607980666037, 0.023046053524026187]
[-0.710239261865158, 0.024575602652051255]
[-0.710239261865158, 0.024575602652051255]
[-0.710239261865158, 0.024575602652051255]
[-0.710239261865158, 0.024575602652051255]
[-0.710239261865158, 0.024575602652051255]
[-0.710239261865158, 0.024575602652051255]
[-0.710239261865158, 0.024575602652051255]
[-0.710239261865158, 0.024575602652051255]
[-0.7073806489263296, 0.026275990014753867]
[-0.7073806489263296, 0.026275990014753867]
[-0.7073806489263296, 0.026275990014753867]
[-0.7073806489263296, 0.026275990014753867]
[-0.7073806489263296, 0.026275990014753867]
[-0.7073806489263296, 0.026275990014753867]
[-0.7073806489263296, 0.026275990014753867]
[-0.7073806489263296, 0.026275990014753867]
[-0.7046544529599331, 0.027742808570268545]
[-0.7046544529599331, 0.027742808570268545]
[-0.7046544529599331, 0.027742808570268545]
[-0.7046544529599331, 0.027742808570268545]
[-0.7046544529599331, 0.027742808570268545]
[-0.7046544529599331, 0.027742808570268545]
[-0.7046544529599331, 0.027742808570268545]
[-0.7046544529599331, 0.027742808570268545]
[-0.7015591778565513, 0.029199021915301566]
[-0.7015591778565513, 0.029199021915301566]
[-0.7015591778565513, 0.029199021915301566]
[-0.7015591778565513, 0.029199021915301566]
[-0.7015591778565513, 0.029199021915301566]
[-0.7015591778565513, 0.029199021915301566]
[-0.7015591778565513, 0.029199021915301566]
[-0.7015591778565513, 0.029199021915301566]
[-0.6987421488256255, 0.030403198384682317]
[-0.6987421488256255, 0.030403198384682317]
[-0.6987421488256255, 0.030403198384682317]
[-0.6987421488256255, 0.030403198384682317]
[-0.6987421488256255, 0.030403198384682317]
[-0.6987421488256255, 0.030403198384682317]
[-0.6987421488256255, 0.030403198384682317]
[-0.6987421488256255, 0.030403198384682317]
[-0.6954799189575688, 0.031623522859136964]
[-0.6954799189575688, 0.031623522859136964]
[-0.6954799189575688, 0.031623522859136964]
[-0.6954799189575688, 0.031623522859136964]
[-0.6954799189575688, 0.031623522859136964]
[-0.6954799189575688, 0.031623522859136964]
[-0.6954799189575688, 0.031623522859136964]
[-0.6954799189575688, 0.031623522859136964]
[-0.692153963564359, 0.0327282907074978]
[-0.692153963564359, 0.0327282907074978]
[-0.692153963564359, 0.0327282907074978]
[-0.692153963564359, 0.0327282907074978]
[-0.692153963564359, 0.0327282907074978]
[-0.692153963564359, 0.0327282907074978]
[-0.692153963564359, 0.0327282907074978]
[-0.692153963564359, 0.0327282907074978]
[-0.6888255139782608, 0.03370443427397621]
[-0.6888255139782608, 0.03370443427397621]
[-0.6888255139782608, 0.03370443427397621]
[-0.6888255139782608, 0.03370443427397621]
[-0.6888255139782608, 0.03370443427397621]
[-0.6888255139782608, 0.03370443427397621]
[-0.6888255139782608, 0.03370443427397621]
[-0.6888255139782608, 0.03370443427397621]
[-0.6855672207029718, 0.03456016668508852]
[-0.6855672207029718, 0.03456016668508852]
[-0.6855672207029718, 0.03456016668508852]
[-0.6855672207029718, 0.03456016668508852]
[-0.6855672207029718, 0.03456016668508852]
[-0.6855672207029718, 0.03456016668508852]
[-0.6855672207029718, 0.03456016668508852]
[-0.6855672207029718, 0.03456016668508852]
[-0.6825154190926084, 0.03534731405633437]
[-0.6825154190926084, 0.03534731405633437]
[-0.6825154190926084, 0.03534731405633437]
[-0.6825154190926084, 0.03534731405633437]
[-0.6825154190926084, 0.03534731405633437]
[-0.6825154190926084, 0.03534731405633437]
[-0.6825154190926084, 0.03534731405633437]
[-0.6825154190926084, 0.03534731405633437]
[-0.6795432563837859, 0.036075545868549164]
[-0.6795432563837859, 0.036075545868549164]
[-0.6795432563837859, 0.036075545868549164]
[-0.6795432563837859, 0.036075545868549164]
[-0.6795432563837859, 0.036075545868549164]
[-0.6795432563837859, 0.036075545868549164]
[-0.6795432563837859, 0.036075545868549164]
[-0.6795432563837859, 0.036075545868549164]
[-0.6763991562123837, 0.03679274597649004]
[-0.6763991562123837, 0.03679274597649004]
[-0.6763991562123837, 0.03679274597649004]
[-0.6763991562123837, 0.03679274597649004]
[-0.6763991562123837, 0.03679274597649004]
[-0.6763991562123837, 0.03679274597649004]
[-0.6763991562123837, 0.03679274597649004]
[-0.6763991562123837, 0.03679274597649004]
[-0.673194735472675, 0.03742912132291635]
[-0.673194735472675, 0.03742912132291635]
[-0.673194735472675, 0.03742912132291635]
[-0.673194735472675, 0.03742912132291635]
[-0.673194735472675, 0.03742912132291635]
[-0.673194735472675, 0.03742912132291635]
[-0.673194735472675, 0.03742912132291635]
[-0.673194735472675, 0.03742912132291635]
[-0.6698210769338876, 0.038037581719494604]
[-0.6698210769338876, 0.038037581719494604]
[-0.6698210769338876, 0.038037581719494604]
[-0.6698210769338876, 0.038037581719494604]
[-0.6698210769338876, 0.038037581719494604]
[-0.6698210769338876, 0.038037581719494604]
[-0.6698210769338876, 0.038037581719494604]
[-0.6698210769338876, 0.038037581719494604]
[-0.666888140283245, 0.038540811392159674]
[-0.666888140283245, 0.038540811392159674]
[-0.666888140283245, 0.038540811392159674]
[-0.666888140283245, 0.038540811392159674]
[-0.666888140283245, 0.038540811392159674]
[-0.666888140283245, 0.038540811392159674]
[-0.666888140283245, 0.038540811392159674]
[-0.666888140283245, 0.038540811392159674]
[-0.6640820528347249, 0.03896972317166849]
[-0.6640820528347249, 0.03896972317166849]
[-0.6640820528347249, 0.03896972317166849]
[-0.6640820528347249, 0.03896972317166849]
[-0.6640820528347249, 0.03896972317166849]
[-0.6640820528347249, 0.03896972317166849]
[-0.6640820528347249, 0.03896972317166849]
[-0.6640820528347249, 0.03896972317166849]
[-0.6612041984319847, 0.03935439483815688]
[-0.6612041984319847, 0.03935439483815688]
[-0.6612041984319847, 0.03935439483815688]
[-0.6612041984319847, 0.03935439483815688]
[-0.6612041984319847, 0.03935439483815688]
[-0.6612041984319847, 0.03935439483815688]
[-0.6612041984319847, 0.03935439483815688]
[-0.6612041984319847, 0.03935439483815688]
[-0.6580006985525955, 0.03973270577939566]
[-0.6580006985525955, 0.03973270577939566]
[-0.6580006985525955, 0.03973270577939566]
[-0.6580006985525955, 0.03973270577939566]
[-0.6580006985525955, 0.03973270577939566]
[-0.6580006985525955, 0.03973270577939566]
[-0.6580006985525955, 0.03973270577939566]
[-0.6580006985525955, 0.03973270577939566]
[-0.6547694049976719, 0.04030851659054148]
[-0.6547694049976719, 0.04030851659054148]
[-0.6547694049976719, 0.04030851659054148]
[-0.6547694049976719, 0.04030851659054148]
[-0.6547694049976719, 0.04030851659054148]
[-0.6547694049976719, 0.04030851659054148]
[-0.6547694049976719, 0.04030851659054148]
[-0.6547694049976719, 0.04030851659054148]
[-0.6519476043947011, 0.04109400314651462]
[-0.6519476043947011, 0.04109400314651462]
[-0.6519476043947011, 0.04109400314651462]
[-0.6519476043947011, 0.04109400314651462]
[-0.6519476043947011, 0.04109400314651462]
[-0.6519476043947011, 0.04109400314651462]
[-0.6519476043947011, 0.04109400314651462]
[-0.6519476043947011, 0.04109400314651462]
[-0.6483559320039718, 0.041558230586725205]
[-0.6483559320039718, 0.041558230586725205]
[-0.6483559320039718, 0.041558230586725205]
[-0.6483559320039718, 0.041558230586725205]
[-0.6483559320039718, 0.041558230586725205]
[-0.6483559320039718, 0.041558230586725205]
[-0.6483559320039718, 0.041558230586725205]
[-0.6483559320039718, 0.041558230586725205]
[-0.6447687463246815, 0.04197690108637387]
[-0.6447687463246815, 0.04197690108637387]
[-0.6447687463246815, 0.04197690108637387]
[-0.6447687463246815, 0.04197690108637387]
[-0.6447687463246815, 0.04197690108637387]
[-0.6447687463246815, 0.04197690108637387]
[-0.6447687463246815, 0.04197690108637387]
[-0.6447687463246815, 0.04197690108637387]
[-0.641089244802167, 0.04185668220002796]
[-0.641089244802167, 0.04185668220002796]
[-0.641089244802167, 0.04185668220002796]
[-0.641089244802167, 0.04185668220002796]
[-0.641089244802167, 0.04185668220002796]
[-0.641089244802167, 0.04185668220002796]
[-0.641089244802167, 0.04185668220002796]
[-0.641089244802167, 0.04185668220002796]
[-0.6370144076114013, 0.0415484227713637]
[-0.6370144076114013, 0.0415484227713637]
[-0.6370144076114013, 0.0415484227713637]
[-0.6370144076114013, 0.0415484227713637]
[-0.6370144076114013, 0.0415484227713637]
[-0.6370144076114013, 0.0415484227713637]
[-0.6370144076114013, 0.0415484227713637]
[-0.6370144076114013, 0.0415484227713637]
[-0.6333123230287507, 0.04120669494015918]
[-0.6333123230287507, 0.04120669494015918]
[-0.6333123230287507, 0.04120669494015918]
[-0.6333123230287507, 0.04120669494015918]
[-0.6333123230287507, 0.04120669494015918]
[-0.6333123230287507, 0.04120669494015918]
[-0.6333123230287507, 0.04120669494015918]
[-0.6333123230287507, 0.04120669494015918]
[-0.6289602949178646, 0.04078626146616923]
[-0.6289602949178646, 0.04078626146616923]
[-0.6289602949178646, 0.04078626146616923]
[-0.6289602949178646, 0.04078626146616923]
[-0.6289602949178646, 0.04078626146616923]
[-0.6289602949178646, 0.04078626146616923]
[-0.6289602949178646, 0.04078626146616923]
[-0.6289602949178646, 0.04078626146616923]
[-0.625224061327005, 0.04047121104379942]
[-0.625224061327005, 0.04047121104379942]
[-0.625224061327005, 0.04047121104379942]
[-0.625224061327005, 0.04047121104379942]
[-0.625224061327005, 0.04047121104379942]
[-0.625224061327005, 0.04047121104379942]
[-0.625224061327005, 0.04047121104379942]
[-0.625224061327005, 0.04047121104379942]
[-0.6220848029984951, 0.04015587502524723]
[-0.6220848029984951, 0.04015587502524723]
[-0.6220848029984951, 0.04015587502524723]
[-0.6220848029984951, 0.04015587502524723]
[-0.6220848029984951, 0.04015587502524723]
[-0.6220848029984951, 0.04015587502524723]
[-0.6220848029984951, 0.04015587502524723]
[-0.6220848029984951, 0.04015587502524723]
[-0.6177797217643308, 0.039656748383663405]
[-0.6177797217643308, 0.039656748383663405]
[-0.6177797217643308, 0.039656748383663405]
[-0.6177797217643308, 0.039656748383663405]
[-0.6177797217643308, 0.039656748383663405]
[-0.6177797217643308, 0.039656748383663405]
[-0.6177797217643308, 0.039656748383663405]
[-0.6177797217643308, 0.039656748383663405]
[-0.6135827042705995, 0.03925820429323774]
[-0.6135827042705995, 0.03925820429323774]
[-0.6135827042705995, 0.03925820429323774]
[-0.6135827042705995, 0.03925820429323774]
[-0.6135827042705995, 0.03925820429323774]
[-0.6135827042705995, 0.03925820429323774]
[-0.6135827042705995, 0.03925820429323774]
[-0.6135827042705995, 0.03925820429323774]
[-0.6092682686583959, 0.038934115950302536]
[-0.6092682686583959, 0.038934115950302536]
[-0.6092682686583959, 0.038934115950302536]
[-0.6092682686583959, 0.038934115950302536]
[-0.6092682686583959, 0.038934115950302536]
[-0.6092682686583959, 0.038934115950302536]
[-0.6092682686583959, 0.038934115950302536]
[-0.6092682686583959, 0.038934115950302536]
[-0.605610590076272, 0.03865886074457806]
[-0.605610590076272, 0.03865886074457806]
[-0.605610590076272, 0.03865886074457806]
[-0.605610590076272, 0.03865886074457806]
[-0.605610590076272, 0.03865886074457806]
[-0.605610590076272, 0.03865886074457806]
[-0.605610590076272, 0.03865886074457806]
[-0.605610590076272, 0.03865886074457806]
[-0.6013037748346983, 0.038267988823428085]
[-0.6013037748346983, 0.038267988823428085]
[-0.6013037748346983, 0.038267988823428085]
[-0.6013037748346983, 0.038267988823428085]
[-0.6013037748346983, 0.038267988823428085]
[-0.6013037748346983, 0.038267988823428085]
[-0.6013037748346983, 0.038267988823428085]
[-0.6013037748346983, 0.038267988823428085]
[-0.5970619085048189, 0.0379478017198096]
[-0.5970619085048189, 0.0379478017198096]
[-0.5970619085048189, 0.0379478017198096]
[-0.5970619085048189, 0.0379478017198096]
[-0.5970619085048189, 0.0379478017198096]
[-0.5970619085048189, 0.0379478017198096]
[-0.5970619085048189, 0.0379478017198096]
[-0.5970619085048189, 0.0379478017198096]
[-0.5929418436866764, 0.0376470600572436]
[-0.5929418436866764, 0.0376470600572436]
[-0.5929418436866764, 0.0376470600572436]
[-0.5929418436866764, 0.0376470600572436]
[-0.5929418436866764, 0.0376470600572436]
[-0.5929418436866764, 0.0376470600572436]
[-0.5929418436866764, 0.0376470600572436]
[-0.5929418436866764, 0.0376470600572436]
[-0.5887060297057911, 0.03732600340025334]
[-0.5887060297057911, 0.03732600340025334]
[-0.5887060297057911, 0.03732600340025334]
[-0.5887060297057911, 0.03732600340025334]
[-0.5887060297057911, 0.03732600340025334]
[-0.5887060297057911, 0.03732600340025334]
[-0.5887060297057911, 0.03732600340025334]
[-0.5887060297057911, 0.03732600340025334]
[-0.5845681049883941, 0.03702394389071071]
[-0.5845681049883941, 0.03702394389071071]
[-0.5845681049883941, 0.03702394389071071]
[-0.5845681049883941, 0.03702394389071071]
[-0.5845681049883941, 0.03702394389071071]
[-0.5845681049883941, 0.03702394389071071]
[-0.5845681049883941, 0.03702394389071071]
[-0.5845681049883941, 0.03702394389071071]
[-0.5801206229270401, 0.03672529966889488]
[-0.5801206229270401, 0.03672529966889488]
[-0.5801206229270401, 0.03672529966889488]
[-0.5801206229270401, 0.03672529966889488]
[-0.5801206229270401, 0.03672529966889488]
[-0.5801206229270401, 0.03672529966889488]
[-0.5801206229270401, 0.03672529966889488]
[-0.5801206229270401, 0.03672529966889488]
[-0.5759954320216364, 0.03647458358898036]
[-0.5759954320216364, 0.03647458358898036]
[-0.5759954320216364, 0.03647458358898036]
[-0.5759954320216364, 0.03647458358898036]
[-0.5759954320216364, 0.03647458358898036]
[-0.5759954320216364, 0.03647458358898036]
[-0.5759954320216364, 0.03647458358898036]
[-0.5759954320216364, 0.03647458358898036]
[-0.5722096463492495, 0.0361919894516874]
[-0.5722096463492495, 0.0361919894516874]
[-0.5722096463492495, 0.0361919894516874]
[-0.5722096463492495, 0.0361919894516874]
[-0.5722096463492495, 0.0361919894516874]
[-0.5722096463492495, 0.0361919894516874]
[-0.5722096463492495, 0.0361919894516874]
[-0.5722096463492495, 0.0361919894516874]
[-0.5688479047870717, 0.03591407786866369]
[-0.5688479047870717, 0.03591407786866369]
[-0.5688479047870717, 0.03591407786866369]
[-0.5688479047870717, 0.03591407786866369]
[-0.5688479047870717, 0.03591407786866369]
[-0.5688479047870717, 0.03591407786866369]
[-0.5688479047870717, 0.03591407786866369]
[-0.5688479047870717, 0.03591407786866369]
[-0.5652953186517012, 0.03567164175510881]
[-0.5652953186517012, 0.03567164175510881]
[-0.5652953186517012, 0.03567164175510881]
[-0.5652953186517012, 0.03567164175510881]
[-0.5652953186517012, 0.03567164175510881]
[-0.5652953186517012, 0.03567164175510881]
[-0.5652953186517012, 0.03567164175510881]
[-0.5652953186517012, 0.03567164175510881]
[-0.5623190058474375, 0.03539175846379812]
[-0.5623190058474375, 0.03539175846379812]
[-0.5623190058474375, 0.03539175846379812]
[-0.5623190058474375, 0.03539175846379812]
[-0.5623190058474375, 0.03539175846379812]
[-0.5623190058474375, 0.03539175846379812]
[-0.5623190058474375, 0.03539175846379812]
[-0.5623190058474375, 0.03539175846379812]
[-0.5596512993077866, 0.0351903146991157]
[-0.5596512993077866, 0.0351903146991157]
[-0.5596512993077866, 0.0351903146991157]
[-0.5596512993077866, 0.0351903146991157]
[-0.5596512993077866, 0.0351903146991157]
[-0.5596512993077866, 0.0351903146991157]
[-0.5596512993077866, 0.0351903146991157]
[-0.5596512993077866, 0.0351903146991157]
[-0.5555317593824063, 0.03487656760616769]
[-0.5555317593824063, 0.03487656760616769]
[-0.5555317593824063, 0.03487656760616769]
[-0.5555317593824063, 0.03487656760616769]
[-0.5555317593824063, 0.03487656760616769]
[-0.5555317593824063, 0.03487656760616769]
[-0.5555317593824063, 0.03487656760616769]
[-0.5555317593824063, 0.03487656760616769]
[-0.5517596251569272, 0.03457570092500733]
[-0.5517596251569272, 0.03457570092500733]
[-0.5517596251569272, 0.03457570092500733]
[-0.5517596251569272, 0.03457570092500733]
[-0.5517596251569272, 0.03457570092500733]
[-0.5517596251569272, 0.03457570092500733]
[-0.5517596251569272, 0.03457570092500733]
[-0.5517596251569272, 0.03457570092500733]
[-0.5479837840294324, 0.03422065517407465]
[-0.5479837840294324, 0.03422065517407465]
[-0.5479837840294324, 0.03422065517407465]
[-0.5479837840294324, 0.03422065517407465]
[-0.5479837840294324, 0.03422065517407465]
[-0.5479837840294324, 0.03422065517407465]
[-0.5479837840294324, 0.03422065517407465]
[-0.5479837840294324, 0.03422065517407465]
[-0.5453199327900893, 0.03396421892526889]
[-0.5453199327900893, 0.03396421892526889]
[-0.5453199327900893, 0.03396421892526889]
[-0.5453199327900893, 0.03396421892526889]
[-0.5453199327900893, 0.03396421892526889]
[-0.5453199327900893, 0.03396421892526889]
[-0.5453199327900893, 0.03396421892526889]
[-0.5453199327900893, 0.03396421892526889]
[-0.5421192669591168, 0.03369323057357851]
[-0.5421192669591168, 0.03369323057357851]
[-0.5421192669591168, 0.03369323057357851]
[-0.5421192669591168, 0.03369323057357851]
[-0.5421192669591168, 0.03369323057357851]
[-0.5421192669591168, 0.03369323057357851]
[-0.5421192669591168, 0.03369323057357851]
[-0.5421192669591168, 0.03369323057357851]
[-0.5387114612730926, 0.033431941897819485]
[-0.5387114612730926, 0.033431941897819485]
[-0.5387114612730926, 0.033431941897819485]
[-0.5387114612730926, 0.033431941897819485]
[-0.5387114612730926, 0.033431941897819485]
[-0.5387114612730926, 0.033431941897819485]
[-0.5387114612730926, 0.033431941897819485]
[-0.5387114612730926, 0.033431941897819485]
[-0.5345043371983094, 0.03302046395990978]
[-0.5345043371983094, 0.03302046395990978]
[-0.5345043371983094, 0.03302046395990978]
[-0.5345043371983094, 0.03302046395990978]
[-0.5345043371983094, 0.03302046395990978]
[-0.5345043371983094, 0.03302046395990978]
[-0.5345043371983094, 0.03302046395990978]
[-0.5345043371983094, 0.03302046395990978]
[-0.5315397676175259, 0.03277016041464958]
[-0.5315397676175259, 0.03277016041464958]
[-0.5315397676175259, 0.03277016041464958]
[-0.5315397676175259, 0.03277016041464958]
[-0.5315397676175259, 0.03277016041464958]
[-0.5315397676175259, 0.03277016041464958]
[-0.5315397676175259, 0.03277016041464958]
[-0.5315397676175259, 0.03277016041464958]
[-0.5289257372736352, 0.03257818693634739]
[-0.5289257372736352, 0.03257818693634739]
[-0.5289257372736352, 0.03257818693634739]
[-0.5289257372736352, 0.03257818693634739]
[-0.5289257372736352, 0.03257818693634739]
[-0.5289257372736352, 0.03257818693634739]
[-0.5289257372736352, 0.03257818693634739]
[-0.5289257372736352, 0.03257818693634739]
[-0.5259351140056323, 0.03233902609102032]
[-0.5259351140056323, 0.03233902609102032]
[-0.5259351140056323, 0.03233902609102032]
[-0.5259351140056323, 0.03233902609102032]
[-0.5259351140056323, 0.03233902609102032]
[-0.5259351140056323, 0.03233902609102032]
[-0.5259351140056323, 0.03233902609102032]
[-0.5259351140056323, 0.03233902609102032]
[-0.5218448336856373, 0.03202817248276419]
[-0.5218448336856373, 0.03202817248276419]
[-0.5218448336856373, 0.03202817248276419]
[-0.5218448336856373, 0.03202817248276419]
[-0.5218448336856373, 0.03202817248276419]
[-0.5218448336856373, 0.03202817248276419]
[-0.5218448336856373, 0.03202817248276419]
[-0.5218448336856373, 0.03202817248276419]
[-0.5184620590777433, 0.031729438235186765]
[-0.5184620590777433, 0.031729438235186765]
[-0.5184620590777433, 0.031729438235186765]
[-0.5184620590777433, 0.031729438235186765]
[-0.5184620590777433, 0.031729438235186765]
[-0.5184620590777433, 0.031729438235186765]
[-0.5184620590777433, 0.031729438235186765]
[-0.5184620590777433, 0.031729438235186765]
[-0.5150622928755475, 0.03135300148615329]
[-0.5150622928755475, 0.03135300148615329]
[-0.5150622928755475, 0.03135300148615329]
[-0.5150622928755475, 0.03135300148615329]
[-0.5150622928755475, 0.03135300148615329]
[-0.5150622928755475, 0.03135300148615329]
[-0.5150622928755475, 0.03135300148615329]
[-0.5150622928755475, 0.03135300148615329]
[-0.5113526352775385, 0.03090490349544569]
[-0.5113526352775385, 0.03090490349544569]
[-0.5113526352775385, 0.03090490349544569]
[-0.5113526352775385, 0.03090490349544569]
[-0.5113526352775385, 0.03090490349544569]
[-0.5113526352775385, 0.03090490349544569]
[-0.5113526352775385, 0.03090490349544569]
[-0.5113526352775385, 0.03090490349544569]
[-0.5088080071431447, 0.030593475334726613]
[-0.5088080071431447, 0.030593475334726613]
[-0.5088080071431447, 0.030593475334726613]
[-0.5088080071431447, 0.030593475334726613]
[-0.5088080071431447, 0.030593475334726613]
[-0.5088080071431447, 0.030593475334726613]
[-0.5088080071431447, 0.030593475334726613]
[-0.5088080071431447, 0.030593475334726613]
[-0.5053522359594473, 0.030197545374314922]
[-0.5053522359594473, 0.030197545374314922]
[-0.5053522359594473, 0.030197545374314922]
[-0.5053522359594473, 0.030197545374314922]
[-0.5053522359594473, 0.030197545374314922]
[-0.5053522359594473, 0.030197545374314922]
[-0.5053522359594473, 0.030197545374314922]
[-0.5053522359594473, 0.030197545374314922]
[-0.5028375128072362, 0.029890313071656054]
[-0.5028375128072362, 0.029890313071656054]
[-0.5028375128072362, 0.029890313071656054]
[-0.5028375128072362, 0.029890313071656054]
[-0.5028375128072362, 0.029890313071656054]
[-0.5028375128072362, 0.029890313071656054]
[-0.5028375128072362, 0.029890313071656054]
[-0.5028375128072362, 0.029890313071656054]
[-0.499123686459095, 0.02944128711732266]
[-0.499123686459095, 0.02944128711732266]
[-0.499123686459095, 0.02944128711732266]
[-0.499123686459095, 0.02944128711732266]
[-0.499123686459095, 0.02944128711732266]
[-0.499123686459095, 0.02944128711732266]
[-0.499123686459095, 0.02944128711732266]
[-0.499123686459095, 0.02944128711732266]
[-0.4954966763704722, 0.028999402929987476]
[-0.4954966763704722, 0.028999402929987476]
[-0.4954966763704722, 0.028999402929987476]
[-0.4954966763704722, 0.028999402929987476]
[-0.4954966763704722, 0.028999402929987476]
[-0.4954966763704722, 0.028999402929987476]
[-0.4954966763704722, 0.028999402929987476]
[-0.4954966763704722, 0.028999402929987476]
[-0.49191851527084784, 0.028566093558817316]
[-0.49191851527084784, 0.028566093558817316]
[-0.49191851527084784, 0.028566093558817316]
[-0.49191851527084784, 0.028566093558817316]
[-0.49191851527084784, 0.028566093558817316]
[-0.49191851527084784, 0.028566093558817316]
[-0.49191851527084784, 0.028566093558817316]
[-0.49191851527084784, 0.028566093558817316]
[-0.48827415015085734, 0.02809780720861299]
[-0.48827415015085734, 0.02809780720861299]
[-0.48827415015085734, 0.02809780720861299]
[-0.48827415015085734, 0.02809780720861299]
[-0.48827415015085734, 0.02809780720861299]
[-0.48827415015085734, 0.02809780720861299]
[-0.48827415015085734, 0.02809780720861299]
[-0.48827415015085734, 0.02809780720861299]
[-0.484979943904513, 0.027677037378315724]
[-0.484979943904513, 0.027677037378315724]
[-0.484979943904513, 0.027677037378315724]
[-0.484979943904513, 0.027677037378315724]
[-0.484979943904513, 0.027677037378315724]
[-0.484979943904513, 0.027677037378315724]
[-0.484979943904513, 0.027677037378315724]
[-0.484979943904513, 0.027677037378315724]
[-0.4811933540923058, 0.027256494435241647]
[-0.4811933540923058, 0.027256494435241647]
[-0.4811933540923058, 0.027256494435241647]
[-0.4811933540923058, 0.027256494435241647]
[-0.4811933540923058, 0.027256494435241647]
[-0.4811933540923058, 0.027256494435241647]
[-0.4811933540923058, 0.027256494435241647]
[-0.4811933540923058, 0.027256494435241647]
[-0.47751576883860125, 0.026854590468825257]
[-0.47751576883860125, 0.026854590468825257]
[-0.47751576883860125, 0.026854590468825257]
[-0.47751576883860125, 0.026854590468825257]
[-0.47751576883860125, 0.026854590468825257]
[-0.47751576883860125, 0.026854590468825257]
[-0.47751576883860125, 0.026854590468825257]
[-0.47751576883860125, 0.026854590468825257]
[-0.47385811109164244, 0.026451430925901926]
[-0.47385811109164244, 0.026451430925901926]
[-0.47385811109164244, 0.026451430925901926]
[-0.47385811109164244, 0.026451430925901926]
[-0.47385811109164244, 0.026451430925901926]
[-0.47385811109164244, 0.026451430925901926]
[-0.47385811109164244, 0.026451430925901926]
[-0.47385811109164244, 0.026451430925901926]
[-0.4709094225126137, 0.026143160264752795]
[-0.4709094225126137, 0.026143160264752795]
[-0.4709094225126137, 0.026143160264752795]
[-0.4709094225126137, 0.026143160264752795]
[-0.4709094225126137, 0.026143160264752795]
[-0.4709094225126137, 0.026143160264752795]
[-0.4709094225126137, 0.026143160264752795]
[-0.4709094225126137, 0.026143160264752795]
[-0.4671717896248343, 0.025807976722748927]
[-0.4671717896248343, 0.025807976722748927]
[-0.4671717896248343, 0.025807976722748927]
[-0.4671717896248343, 0.025807976722748927]
[-0.4671717896248343, 0.025807976722748927]
[-0.4671717896248343, 0.025807976722748927]
[-0.4671717896248343, 0.025807976722748927]
[-0.4671717896248343, 0.025807976722748927]
[-0.4637090607652188, 0.025498175583532564]
[-0.4637090607652188, 0.025498175583532564]
[-0.4637090607652188, 0.025498175583532564]
[-0.4637090607652188, 0.025498175583532564]
[-0.4637090607652188, 0.025498175583532564]
[-0.4637090607652188, 0.025498175583532564]
[-0.4637090607652188, 0.025498175583532564]
[-0.4637090607652188, 0.025498175583532564]
[-0.4602628782858865, 0.02516420611018982]
[-0.4602628782858865, 0.02516420611018982]
[-0.4602628782858865, 0.02516420611018982]
[-0.4602628782858865, 0.02516420611018982]
[-0.4602628782858865, 0.02516420611018982]
[-0.4602628782858865, 0.02516420611018982]
[-0.4602628782858865, 0.02516420611018982]
[-0.4602628782858865, 0.02516420611018982]
[-0.4566198810384883, 0.024780436606732875]
[-0.4566198810384883, 0.024780436606732875]
[-0.4566198810384883, 0.024780436606732875]
[-0.4566198810384883, 0.024780436606732875]
[-0.4566198810384883, 0.024780436606732875]
[-0.4566198810384883, 0.024780436606732875]
[-0.4566198810384883, 0.024780436606732875]
[-0.4566198810384883, 0.024780436606732875]
[-0.4530603990422308, 0.024388290820807703]
[-0.4530603990422308, 0.024388290820807703]
[-0.4530603990422308, 0.024388290820807703]
[-0.4530603990422308, 0.024388290820807703]
[-0.4530603990422308, 0.024388290820807703]
[-0.4530603990422308, 0.024388290820807703]
[-0.4530603990422308, 0.024388290820807703]
[-0.4530603990422308, 0.024388290820807703]
[-0.44958014658927065, 0.023970019217112823]
[-0.44958014658927065, 0.023970019217112823]
[-0.44958014658927065, 0.023970019217112823]
[-0.44958014658927065, 0.023970019217112823]
[-0.44958014658927065, 0.023970019217112823]
[-0.44958014658927065, 0.023970019217112823]
[-0.44958014658927065, 0.023970019217112823]
[-0.44958014658927065, 0.023970019217112823]
[-0.44629032084865555, 0.023523595817578475]
[-0.44629032084865555, 0.023523595817578475]
[-0.44629032084865555, 0.023523595817578475]
[-0.44629032084865555, 0.023523595817578475]
[-0.44629032084865555, 0.023523595817578475]
[-0.44629032084865555, 0.023523595817578475]
[-0.44629032084865555, 0.023523595817578475]
[-0.44629032084865555, 0.023523595817578475]
[-0.4430155214135613, 0.02304839516324126]
[-0.4430155214135613, 0.02304839516324126]
[-0.4430155214135613, 0.02304839516324126]
[-0.4430155214135613, 0.02304839516324126]
[-0.4430155214135613, 0.02304839516324126]
[-0.4430155214135613, 0.02304839516324126]
[-0.4430155214135613, 0.02304839516324126]
[-0.4430155214135613, 0.02304839516324126]
[-0.43924657067945505, 0.022458747016309746]
[-0.43924657067945505, 0.022458747016309746]
[-0.43924657067945505, 0.022458747016309746]
[-0.43924657067945505, 0.022458747016309746]
[-0.43924657067945505, 0.022458747016309746]
[-0.43924657067945505, 0.022458747016309746]
[-0.43924657067945505, 0.022458747016309746]
[-0.43924657067945505, 0.022458747016309746]
[-0.43582917962754975, 0.021928722107545887]
[-0.43582917962754975, 0.021928722107545887]
[-0.43582917962754975, 0.021928722107545887]
[-0.43582917962754975, 0.021928722107545887]
[-0.43582917962754975, 0.021928722107545887]
[-0.43582917962754975, 0.021928722107545887]
[-0.43582917962754975, 0.021928722107545887]
[-0.43582917962754975, 0.021928722107545887]
[-0.43234488667970944, 0.021344664758462237]
[-0.43234488667970944, 0.021344664758462237]
[-0.43234488667970944, 0.021344664758462237]
[-0.43234488667970944, 0.021344664758462237]
[-0.43234488667970944, 0.021344664758462237]
[-0.43234488667970944, 0.021344664758462237]
[-0.43234488667970944, 0.021344664758462237]
[-0.43234488667970944, 0.021344664758462237]
[-0.42852279291531153, 0.02067461753739349]
[-0.42852279291531153, 0.02067461753739349]
[-0.42852279291531153, 0.02067461753739349]
[-0.42852279291531153, 0.02067461753739349]
[-0.42852279291531153, 0.02067461753739349]
[-0.42852279291531153, 0.02067461753739349]
[-0.42852279291531153, 0.02067461753739349]
[-0.42852279291531153, 0.02067461753739349]
[-0.42483073337659377, 0.0200326685887152]
[-0.42483073337659377, 0.0200326685887152]
[-0.42483073337659377, 0.0200326685887152]
[-0.42483073337659377, 0.0200326685887152]
[-0.42483073337659377, 0.0200326685887152]
[-0.42483073337659377, 0.0200326685887152]
[-0.42483073337659377, 0.0200326685887152]
[-0.42483073337659377, 0.0200326685887152]
[-0.42182962524979445, 0.019516433076406714]
[-0.42182962524979445, 0.019516433076406714]
[-0.42182962524979445, 0.019516433076406714]
[-0.42182962524979445, 0.019516433076406714]
[-0.42182962524979445, 0.019516433076406714]
[-0.42182962524979445, 0.019516433076406714]
[-0.42182962524979445, 0.019516433076406714]
[-0.42182962524979445, 0.019516433076406714]
[-0.418795813579603, 0.019006043055380603]
[-0.418795813579603, 0.019006043055380603]
[-0.418795813579603, 0.019006043055380603]
[-0.418795813579603, 0.019006043055380603]
[-0.418795813579603, 0.019006043055380603]
[-0.418795813579603, 0.019006043055380603]
[-0.418795813579603, 0.019006043055380603]
[-0.418795813579603, 0.019006043055380603]
[-0.41586697061933114, 0.01843565771944539]
[-0.41586697061933114, 0.01843565771944539]
[-0.41586697061933114, 0.01843565771944539]
[-0.41586697061933114, 0.01843565771944539]
[-0.41586697061933114, 0.01843565771944539]
[-0.41586697061933114, 0.01843565771944539]
[-0.41586697061933114, 0.01843565771944539]
[-0.41586697061933114, 0.01843565771944539]
[-0.41298270706622686, 0.01793290869215426]
[-0.41298270706622686, 0.01793290869215426]
[-0.41298270706622686, 0.01793290869215426]
[-0.41298270706622686, 0.01793290869215426]
[-0.41298270706622686, 0.01793290869215426]
[-0.41298270706622686, 0.01793290869215426]
[-0.41298270706622686, 0.01793290869215426]
[-0.41298270706622686, 0.01793290869215426]
[-0.4094155394612652, 0.017364701874861135]
[-0.4094155394612652, 0.017364701874861135]
[-0.4094155394612652, 0.017364701874861135]
[-0.4094155394612652, 0.017364701874861135]
[-0.4094155394612652, 0.017364701874861135]
[-0.4094155394612652, 0.017364701874861135]
[-0.4094155394612652, 0.017364701874861135]
[-0.4094155394612652, 0.017364701874861135]
[-0.40574484868228583, 0.016739243498618068]
[-0.40574484868228583, 0.016739243498618068]
[-0.40574484868228583, 0.016739243498618068]
[-0.40574484868228583, 0.016739243498618068]
[-0.40574484868228583, 0.016739243498618068]
[-0.40574484868228583, 0.016739243498618068]
[-0.40574484868228583, 0.016739243498618068]
[-0.40574484868228583, 0.016739243498618068]
[-0.4024129492838764, 0.016220988057605162]
[-0.4024129492838764, 0.016220988057605162]
[-0.4024129492838764, 0.016220988057605162]
[-0.4024129492838764, 0.016220988057605162]
[-0.4024129492838764, 0.016220988057605162]
[-0.4024129492838764, 0.016220988057605162]
[-0.4024129492838764, 0.016220988057605162]
[-0.4024129492838764, 0.016220988057605162]
[-0.39845312941877264, 0.015696923538132297]
[-0.39845312941877264, 0.015696923538132297]
[-0.39845312941877264, 0.015696923538132297]
[-0.39845312941877264, 0.015696923538132297]
[-0.39845312941877264, 0.015696923538132297]
[-0.39845312941877264, 0.015696923538132297]
[-0.39845312941877264, 0.015696923538132297]
[-0.39845312941877264, 0.015696923538132297]
[-0.3945394396842258, 0.0151920477957521]
[-0.3945394396842258, 0.0151920477957521]
[-0.3945394396842258, 0.0151920477957521]
[-0.3945394396842258, 0.0151920477957521]
[-0.3945394396842258, 0.0151920477957521]
[-0.3945394396842258, 0.0151920477957521]
[-0.3945394396842258, 0.0151920477957521]
[-0.3945394396842258, 0.0151920477957521]
[-0.3911464827203626, 0.014744167626554158]
[-0.3911464827203626, 0.014744167626554158]
[-0.3911464827203626, 0.014744167626554158]
[-0.3911464827203626, 0.014744167626554158]
[-0.3911464827203626, 0.014744167626554158]
[-0.3911464827203626, 0.014744167626554158]
[-0.3911464827203626, 0.014744167626554158]
[-0.3911464827203626, 0.014744167626554158]
[-0.388150977012126, 0.014289217286271659]
[-0.388150977012126, 0.014289217286271659]
[-0.388150977012126, 0.014289217286271659]
[-0.388150977012126, 0.014289217286271659]
[-0.388150977012126, 0.014289217286271659]
[-0.388150977012126, 0.014289217286271659]
[-0.388150977012126, 0.014289217286271659]
[-0.388150977012126, 0.014289217286271659]
[-0.3851794434715005, 0.013895095799864593]
[-0.3851794434715005, 0.013895095799864593]
[-0.3851794434715005, 0.013895095799864593]
[-0.3851794434715005, 0.013895095799864593]
[-0.3851794434715005, 0.013895095799864593]
[-0.3851794434715005, 0.013895095799864593]
[-0.3851794434715005, 0.013895095799864593]
[-0.3851794434715005, 0.013895095799864593]
[-0.38098327842108143, 0.013400657899819824]
[-0.38098327842108143, 0.013400657899819824]
[-0.38098327842108143, 0.013400657899819824]
[-0.38098327842108143, 0.013400657899819824]
[-0.38098327842108143, 0.013400657899819824]
[-0.38098327842108143, 0.013400657899819824]
[-0.38098327842108143, 0.013400657899819824]
[-0.38098327842108143, 0.013400657899819824]
[-0.37683496853693466, 0.012935333522642825]
[-0.37683496853693466, 0.012935333522642825]
[-0.37683496853693466, 0.012935333522642825]
[-0.37683496853693466, 0.012935333522642825]
[-0.37683496853693466, 0.012935333522642825]
[-0.37683496853693466, 0.012935333522642825]
[-0.37683496853693466, 0.012935333522642825]
[-0.37683496853693466, 0.012935333522642825]
[-0.37362252927414275, 0.012627691190747078]
[-0.37362252927414275, 0.012627691190747078]
[-0.37362252927414275, 0.012627691190747078]
[-0.37362252927414275, 0.012627691190747078]
[-0.37362252927414275, 0.012627691190747078]
[-0.37362252927414275, 0.012627691190747078]
[-0.37362252927414275, 0.012627691190747078]
[-0.37362252927414275, 0.012627691190747078]
[-0.3697983199509483, 0.012328330802926373]
[-0.3697983199509483, 0.012328330802926373]
[-0.3697983199509483, 0.012328330802926373]
[-0.3697983199509483, 0.012328330802926373]
[-0.3697983199509483, 0.012328330802926373]
[-0.3697983199509483, 0.012328330802926373]
[-0.3697983199509483, 0.012328330802926373]
[-0.3697983199509483, 0.012328330802926373]
[-0.36597341958532315, 0.01198685201647791]
[-0.36597341958532315, 0.01198685201647791]
[-0.36597341958532315, 0.01198685201647791]
[-0.36597341958532315, 0.01198685201647791]
[-0.36597341958532315, 0.01198685201647791]
[-0.36597341958532315, 0.01198685201647791]
[-0.36597341958532315, 0.01198685201647791]
[-0.36597341958532315, 0.01198685201647791]
[-0.36356866158413426, 0.011745668778870106]
[-0.36356866158413426, 0.011745668778870106]
[-0.36356866158413426, 0.011745668778870106]
[-0.36356866158413426, 0.011745668778870106]
[-0.36356866158413426, 0.011745668778870106]
[-0.36356866158413426, 0.011745668778870106]
[-0.36356866158413426, 0.011745668778870106]
[-0.36356866158413426, 0.011745668778870106]
[-0.3599493159734363, 0.011368204013935667]
[-0.3599493159734363, 0.011368204013935667]
[-0.3599493159734363, 0.011368204013935667]
[-0.3599493159734363, 0.011368204013935667]
[-0.3599493159734363, 0.011368204013935667]
[-0.3599493159734363, 0.011368204013935667]
[-0.3599493159734363, 0.011368204013935667]
[-0.3599493159734363, 0.011368204013935667]
[-0.35606456260990665, 0.010870973154051895]
[-0.35606456260990665, 0.010870973154051895]
[-0.35606456260990665, 0.010870973154051895]
[-0.35606456260990665, 0.010870973154051895]
[-0.35606456260990665, 0.010870973154051895]
[-0.35606456260990665, 0.010870973154051895]
[-0.35606456260990665, 0.010870973154051895]
[-0.35606456260990665, 0.010870973154051895]
[-0.3524726626242317, 0.010360636053958396]
[-0.3524726626242317, 0.010360636053958396]
[-0.3524726626242317, 0.010360636053958396]
[-0.3524726626242317, 0.010360636053958396]
[-0.3524726626242317, 0.010360636053958396]
[-0.3524726626242317, 0.010360636053958396]
[-0.3524726626242317, 0.010360636053958396]
[-0.3524726626242317, 0.010360636053958396]
[-0.34856182347648246, 0.009743631823483524]
[-0.34856182347648246, 0.009743631823483524]
[-0.34856182347648246, 0.009743631823483524]
[-0.34856182347648246, 0.009743631823483524]
[-0.34856182347648246, 0.009743631823483524]
[-0.34856182347648246, 0.009743631823483524]
[-0.34856182347648246, 0.009743631823483524]
[-0.34856182347648246, 0.009743631823483524]
[-0.34513043694689977, 0.009141643185204698]
[-0.34513043694689977, 0.009141643185204698]
[-0.34513043694689977, 0.009141643185204698]
[-0.34513043694689977, 0.009141643185204698]
[-0.34513043694689977, 0.009141643185204698]
[-0.34513043694689977, 0.009141643185204698]
[-0.34513043694689977, 0.009141643185204698]
[-0.34513043694689977, 0.009141643185204698]
[-0.34190778300327035, 0.008529145747817816]
[-0.34190778300327035, 0.008529145747817816]
[-0.34190778300327035, 0.008529145747817816]
[-0.34190778300327035, 0.008529145747817816]
[-0.34190778300327035, 0.008529145747817816]
[-0.34190778300327035, 0.008529145747817816]
[-0.34190778300327035, 0.008529145747817816]
[-0.34190778300327035, 0.008529145747817816]
[-0.33869454146190076, 0.00802790697856592]
[-0.33869454146190076, 0.00802790697856592]
[-0.33869454146190076, 0.00802790697856592]
[-0.33869454146190076, 0.00802790697856592]
[-0.33869454146190076, 0.00802790697856592]
[-0.33869454146190076, 0.00802790697856592]
[-0.33869454146190076, 0.00802790697856592]
[-0.33869454146190076, 0.00802790697856592]
[-0.3350776820469864, 0.0075615622502186]
[-0.3350776820469864, 0.0075615622502186]
[-0.3350776820469864, 0.0075615622502186]
[-0.3350776820469864, 0.0075615622502186]
[-0.3350776820469864, 0.0075615622502186]
[-0.3350776820469864, 0.0075615622502186]
[-0.3350776820469864, 0.0075615622502186]
[-0.3350776820469864, 0.0075615622502186]
[-0.3314669753879758, 0.006963781292362652]
[-0.3314669753879758, 0.006963781292362652]
[-0.3314669753879758, 0.006963781292362652]
[-0.3314669753879758, 0.006963781292362652]
[-0.3314669753879758, 0.006963781292362652]
[-0.3314669753879758, 0.006963781292362652]
[-0.3314669753879758, 0.006963781292362652]
[-0.3314669753879758, 0.006963781292362652]
[-0.3278755347729465, 0.006249593745075318]
[-0.3278755347729465, 0.006249593745075318]
[-0.3278755347729465, 0.006249593745075318]
[-0.3278755347729465, 0.006249593745075318]
[-0.3278755347729465, 0.006249593745075318]
[-0.3278755347729465, 0.006249593745075318]
[-0.3278755347729465, 0.006249593745075318]
[-0.3278755347729465, 0.006249593745075318]
[-0.32535974411466706, 0.005717356531824667]
[-0.32535974411466706, 0.005717356531824667]
[-0.32535974411466706, 0.005717356531824667]
[-0.32535974411466706, 0.005717356531824667]
[-0.32535974411466706, 0.005717356531824667]
[-0.32535974411466706, 0.005717356531824667]
[-0.32535974411466706, 0.005717356531824667]
[-0.32535974411466706, 0.005717356531824667]
[-0.3218856969100862, 0.004976941806664525]
[-0.3218856969100862, 0.004976941806664525]
[-0.3218856969100862, 0.004976941806664525]
[-0.3218856969100862, 0.004976941806664525]
[-0.3218856969100862, 0.004976941806664525]
[-0.3218856969100862, 0.004976941806664525]
[-0.3218856969100862, 0.004976941806664525]
[-0.3218856969100862, 0.004976941806664525]
[-0.3188918374735133, 0.004272794022130978]
[-0.3188918374735133, 0.004272794022130978]
[-0.3188918374735133, 0.004272794022130978]
[-0.3188918374735133, 0.004272794022130978]
[-0.3188918374735133, 0.004272794022130978]
[-0.3188918374735133, 0.004272794022130978]
[-0.3188918374735133, 0.004272794022130978]
[-0.3188918374735133, 0.004272794022130978]
[-0.31478094222084485, 0.0033875656836940375]
[-0.31478094222084485, 0.0033875656836940375]
[-0.31478094222084485, 0.0033875656836940375]
[-0.31478094222084485, 0.0033875656836940375]
[-0.31478094222084485, 0.0033875656836940375]
[-0.31478094222084485, 0.0033875656836940375]
[-0.31478094222084485, 0.0033875656836940375]
[-0.31478094222084485, 0.0033875656836940375]
[-0.3109940832105718, 0.002564881607109709]
[-0.3109940832105718, 0.002564881607109709]
[-0.3109940832105718, 0.002564881607109709]
[-0.3109940832105718, 0.002564881607109709]
[-0.3109940832105718, 0.002564881607109709]
[-0.3109940832105718, 0.002564881607109709]
[-0.3109940832105718, 0.002564881607109709]
[-0.3109940832105718, 0.002564881607109709]
[-0.30702803490549724, 0.0016749388464566994]
[-0.30702803490549724, 0.0016749388464566994]
[-0.30702803490549724, 0.0016749388464566994]
[-0.30702803490549724, 0.0016749388464566994]
[-0.30702803490549724, 0.0016749388464566994]
[-0.30702803490549724, 0.0016749388464566994]
[-0.30702803490549724, 0.0016749388464566994]
[-0.30702803490549724, 0.0016749388464566994]
[-0.30341226494970347, 0.0008173789058074509]
[-0.30341226494970347, 0.0008173789058074509]
[-0.30341226494970347, 0.0008173789058074509]
[-0.30341226494970347, 0.0008173789058074509]
[-0.30341226494970347, 0.0008173789058074509]
[-0.30341226494970347, 0.0008173789058074509]
[-0.30341226494970347, 0.0008173789058074509]
[-0.30341226494970347, 0.0008173789058074509]
[-0.2995937603199611, -0.00013922551772959648]
[-0.2995937603199611, -0.00013922551772959648]
[-0.2995937603199611, -0.00013922551772959648]
[-0.2995937603199611, -0.00013922551772959648]
[-0.2995937603199611, -0.00013922551772959648]
[-0.2995937603199611, -0.00013922551772959648]
[-0.2995937603199611, -0.00013922551772959648]
[-0.2995937603199611, -0.00013922551772959648]
[-0.2957821450882417, -0.001143242485915723]
[-0.2957821450882417, -0.001143242485915723]
[-0.2957821450882417, -0.001143242485915723]
[-0.2957821450882417, -0.001143242485915723]
[-0.2957821450882417, -0.001143242485915723]
[-0.2957821450882417, -0.001143242485915723]
[-0.2957821450882417, -0.001143242485915723]
[-0.2957821450882417, -0.001143242485915723]
[-0.29316259215640184, -0.0018588059302194538]
[-0.29316259215640184, -0.0018588059302194538]
[-0.29316259215640184, -0.0018588059302194538]
[-0.29316259215640184, -0.0018588059302194538]
[-0.29316259215640184, -0.0018588059302194538]
[-0.29316259215640184, -0.0018588059302194538]
[-0.29316259215640184, -0.0018588059302194538]
[-0.29316259215640184, -0.0018588059302194538]
[-0.2894218998084801, -0.0028596724086876624]
[-0.2894218998084801, -0.0028596724086876624]
[-0.2894218998084801, -0.0028596724086876624]
[-0.2894218998084801, -0.0028596724086876624]
[-0.2894218998084801, -0.0028596724086876624]
[-0.2894218998084801, -0.0028596724086876624]
[-0.2894218998084801, -0.0028596724086876624]
[-0.2894218998084801, -0.0028596724086876624]
[-0.2853089386229021, -0.00396032448290643]
[-0.2853089386229021, -0.00396032448290643]
[-0.2853089386229021, -0.00396032448290643]
[-0.2853089386229021, -0.00396032448290643]
[-0.2853089386229021, -0.00396032448290643]
[-0.2853089386229021, -0.00396032448290643]
[-0.2853089386229021, -0.00396032448290643]
[-0.2853089386229021, -0.00396032448290643]
[-0.28097565302985705, -0.0050855503861101155]
[-0.28097565302985705, -0.0050855503861101155]
[-0.28097565302985705, -0.0050855503861101155]
[-0.28097565302985705, -0.0050855503861101155]
[-0.28097565302985705, -0.0050855503861101155]
[-0.28097565302985705, -0.0050855503861101155]
[-0.28097565302985705, -0.0050855503861101155]
[-0.28097565302985705, -0.0050855503861101155]
[-0.2772247538587501, -0.006031931483284931]
[-0.2772247538587501, -0.006031931483284931]
[-0.2772247538587501, -0.006031931483284931]
[-0.2772247538587501, -0.006031931483284931]
[-0.2772247538587501, -0.006031931483284931]
[-0.2772247538587501, -0.006031931483284931]
[-0.2772247538587501, -0.006031931483284931]
[-0.2772247538587501, -0.006031931483284931]
[-0.2734723889977154, -0.007029813372609242]
[-0.2734723889977154, -0.007029813372609242]
[-0.2734723889977154, -0.007029813372609242]
[-0.2734723889977154, -0.007029813372609242]
[-0.2734723889977154, -0.007029813372609242]
[-0.2734723889977154, -0.007029813372609242]
[-0.2734723889977154, -0.007029813372609242]
[-0.2734723889977154, -0.007029813372609242]
[-0.27067232046352113, -0.0077888607091915136]
[-0.27067232046352113, -0.0077888607091915136]
[-0.27067232046352113, -0.0077888607091915136]
[-0.27067232046352113, -0.0077888607091915136]
[-0.27067232046352113, -0.0077888607091915136]
[-0.27067232046352113, -0.0077888607091915136]
[-0.27067232046352113, -0.0077888607091915136]
[-0.27067232046352113, -0.0077888607091915136]
[-0.2676687291567895, -0.008555895125945751]
[-0.2676687291567895, -0.008555895125945751]
[-0.2676687291567895, -0.008555895125945751]
[-0.2676687291567895, -0.008555895125945751]
[-0.2676687291567895, -0.008555895125945751]
[-0.2676687291567895, -0.008555895125945751]
[-0.2676687291567895, -0.008555895125945751]
[-0.2676687291567895, -0.008555895125945751]
[-0.2650314451072736, -0.009184559802861954]
[-0.2650314451072736, -0.009184559802861954]
[-0.2650314451072736, -0.009184559802861954]
[-0.2650314451072736, -0.009184559802861954]
[-0.2650314451072736, -0.009184559802861954]
[-0.2650314451072736, -0.009184559802861954]
[-0.2650314451072736, -0.009184559802861954]
[-0.2650314451072736, -0.009184559802861954]
[-0.2608080918118128, -0.010110650293148456]
[-0.2608080918118128, -0.010110650293148456]
[-0.2608080918118128, -0.010110650293148456]
[-0.2608080918118128, -0.010110650293148456]
[-0.2608080918118128, -0.010110650293148456]
[-0.2608080918118128, -0.010110650293148456]
[-0.2608080918118128, -0.010110650293148456]
[-0.2608080918118128, -0.010110650293148456]
[-0.25672202024591734, -0.010935606320733524]
[-0.25672202024591734, -0.010935606320733524]
[-0.25672202024591734, -0.010935606320733524]
[-0.25672202024591734, -0.010935606320733524]
[-0.25672202024591734, -0.010935606320733524]
[-0.25672202024591734, -0.010935606320733524]
[-0.25672202024591734, -0.010935606320733524]
[-0.25672202024591734, -0.010935606320733524]
[-0.25274871461356613, -0.011733784024712583]
[-0.25274871461356613, -0.011733784024712583]
[-0.25274871461356613, -0.011733784024712583]
[-0.25274871461356613, -0.011733784024712583]
[-0.25274871461356613, -0.011733784024712583]
[-0.25274871461356613, -0.011733784024712583]
[-0.25274871461356613, -0.011733784024712583]
[-0.25274871461356613, -0.011733784024712583]
[-0.24849255508786883, -0.01259966771213914]
[-0.24849255508786883, -0.01259966771213914]
[-0.24849255508786883, -0.01259966771213914]
[-0.24849255508786883, -0.01259966771213914]
[-0.24849255508786883, -0.01259966771213914]
[-0.24849255508786883, -0.01259966771213914]
[-0.24849255508786883, -0.01259966771213914]
[-0.24849255508786883, -0.01259966771213914]
[-0.2454218196692674, -0.013186190208900135]
[-0.2454218196692674, -0.013186190208900135]
[-0.2454218196692674, -0.013186190208900135]
[-0.2454218196692674, -0.013186190208900135]
[-0.2454218196692674, -0.013186190208900135]
[-0.2454218196692674, -0.013186190208900135]
[-0.2454218196692674, -0.013186190208900135]
[-0.2454218196692674, -0.013186190208900135]
[-0.24157414018328965, -0.013846451196422908]
[-0.24157414018328965, -0.013846451196422908]
[-0.24157414018328965, -0.013846451196422908]
[-0.24157414018328965, -0.013846451196422908]
[-0.24157414018328965, -0.013846451196422908]
[-0.24157414018328965, -0.013846451196422908]
[-0.24157414018328965, -0.013846451196422908]
[-0.24157414018328965, -0.013846451196422908]
[-0.23781675147653547, -0.014501370424798618]
[-0.23781675147653547, -0.014501370424798618]
[-0.23781675147653547, -0.014501370424798618]
[-0.23781675147653547, -0.014501370424798618]
[-0.23781675147653547, -0.014501370424798618]
[-0.23781675147653547, -0.014501370424798618]
[-0.23781675147653547, -0.014501370424798618]
[-0.23781675147653547, -0.014501370424798618]
[-0.23396585234302691, -0.015217724308735752]
[-0.23396585234302691, -0.015217724308735752]
[-0.23396585234302691, -0.015217724308735752]
[-0.23396585234302691, -0.015217724308735752]
[-0.23396585234302691, -0.015217724308735752]
[-0.23396585234302691, -0.015217724308735752]
[-0.23396585234302691, -0.015217724308735752]
[-0.23396585234302691, -0.015217724308735752]
[-0.2303339663554147, -0.015910880033363956]
[-0.2303339663554147, -0.015910880033363956]
[-0.2303339663554147, -0.015910880033363956]
[-0.2303339663554147, -0.015910880033363956]
[-0.2303339663554147, -0.015910880033363956]
[-0.2303339663554147, -0.015910880033363956]
[-0.2303339663554147, -0.015910880033363956]
[-0.2303339663554147, -0.015910880033363956]
[-0.2261604732479437, -0.016732661316157416]
[-0.2261604732479437, -0.016732661316157416]
[-0.2261604732479437, -0.016732661316157416]
[-0.2261604732479437, -0.016732661316157416]
[-0.2261604732479437, -0.016732661316157416]
[-0.2261604732479437, -0.016732661316157416]
[-0.2261604732479437, -0.016732661316157416]
[-0.2261604732479437, -0.016732661316157416]
[-0.22209084951820524, -0.017476126620414145]
[-0.22209084951820524, -0.017476126620414145]
[-0.22209084951820524, -0.017476126620414145]
[-0.22209084951820524, -0.017476126620414145]
[-0.22209084951820524, -0.017476126620414145]
[-0.22209084951820524, -0.017476126620414145]
[-0.22209084951820524, -0.017476126620414145]
[-0.22209084951820524, -0.017476126620414145]
[-0.2185738083604783, -0.018114605954921894]
[-0.2185738083604783, -0.018114605954921894]
[-0.2185738083604783, -0.018114605954921894]
[-0.2185738083604783, -0.018114605954921894]
[-0.2185738083604783, -0.018114605954921894]
[-0.2185738083604783, -0.018114605954921894]
[-0.2185738083604783, -0.018114605954921894]
[-0.2185738083604783, -0.018114605954921894]
[-0.21480128444009497, -0.018847897088552903]
[-0.21480128444009497, -0.018847897088552903]
[-0.21480128444009497, -0.018847897088552903]
[-0.21480128444009497, -0.018847897088552903]
[-0.21480128444009497, -0.018847897088552903]
[-0.21480128444009497, -0.018847897088552903]
[-0.21480128444009497, -0.018847897088552903]
[-0.21480128444009497, -0.018847897088552903]
[-0.21114845499802323, -0.019597345296414666]
[-0.21114845499802323, -0.019597345296414666]
[-0.21114845499802323, -0.019597345296414666]
[-0.21114845499802323, -0.019597345296414666]
[-0.21114845499802323, -0.019597345296414666]
[-0.21114845499802323, -0.019597345296414666]
[-0.21114845499802323, -0.019597345296414666]
[-0.21114845499802323, -0.019597345296414666]
[-0.2075191197269028, -0.020367846421369205]
[-0.2075191197269028, -0.020367846421369205]
[-0.2075191197269028, -0.020367846421369205]
[-0.2075191197269028, -0.020367846421369205]
[-0.2075191197269028, -0.020367846421369205]
[-0.2075191197269028, -0.020367846421369205]
[-0.2075191197269028, -0.020367846421369205]
[-0.2075191197269028, -0.020367846421369205]
