[-0.731574831054457, 0.008838887817212369]
[-0.731574831054457, 0.008838887817212369]
[-0.731574831054457, 0.008838887817212369]
[-0.731574831054457, 0.008838887817212369]
[-0.731574831054457, 0.008838887817212369]
[-0.731574831054457, 0.008838887817212369]
[-0.731574831054457, 0.008838887817212369]
[-0.731574831054457, 0.008838887817212369]
[-0.7306122966329908, 0.009813718074741736]
[-0.7306122966329908, 0.009813718074741736]
[-0.7306122966329908, 0.009813718074741736]
[-0.7306122966329908, 0.009813718074741736]
[-0.7306122966329908, 0.009813718074741736]
[-0.7306122966329908, 0.009813718074741736]
[-0.7306122966329908, 0.009813718074741736]
[-0.7306122966329908, 0.009813718074741736]
[-0.7296705777588881, 0.010467132302586234]
[-0.7296705777588881, 0.010467132302586234]
[-0.7296705777588881, 0.010467132302586234]
[-0.7296705777588881, 0.010467132302586234]
[-0.7296705777588881, 0.010467132302586234]
[-0.7296705777588881, 0.010467132302586234]
[-0.7296705777588881, 0.010467132302586234]
[-0.7296705777588881, 0.010467132302586234]
[-0.7285309305754297, 0.011245514682948243]
[-0.7285309305754297, 0.011245514682948243]
[-0.7285309305754297, 0.011245514682948243]
[-0.7285309305754297, 0.011245514682948243]
[-0.7285309305754297, 0.011245514682948243]
[-0.7285309305754297, 0.011245514682948243]
[-0.7285309305754297, 0.011245514682948243]
[-0.7285309305754297, 0.011245514682948243]
[-0.7271448702371204, 0.012274736030252463]
[-0.7271448702371204, 0.012274736030252463]
[-0.7271448702371204, 0.012274736030252463]
[-0.7271448702371204, 0.012274736030252463]
[-0.7271448702371204, 0.012274736030252463]
[-0.7271448702371204, 0.012274736030252463]
[-0.7271448702371204, 0.012274736030252463]
[-0.7271448702371204, 0.012274736030252463]
[-0.7257081210009458, 0.013284581641539884]
[-0.7257081210009458, 0.013284581641539884]
[-0.7257081210009458, 0.013284581641539884]
[-0.7257081210009458, 0.013284581641539884]
[-0.7257081210009458, 0.013284581641539884]
[-0.7257081210009458, 0.013284581641539884]
[-0.7257081210009458, 0.013284581641539884]
[-0.7257081210009458, 0.013284581641539884]
[-0.7242271084041026, 0.014345542570021326]
[-0.7242271084041026, 0.014345542570021326]
[-0.7242271084041026, 0.014345542570021326]
[-0.7242271084041026, 0.014345542570021326]
[-0.7242271084041026, 0.014345542570021326]
[-0.7242271084041026, 0.014345542570021326]
[-0.7242271084041026, 0.014345542570021326]
[-0.7242271084041026, 0.014345542570021326]
[-0.723115104566577, 0.015146865729600435]
[-0.723115104566577, 0.015146865729600435]
[-0.723115104566577, 0.015146865729600435]
[-0.723115104566577, 0.015146865729600435]
[-0.723115104566577, 0.015146865729600435]
[-0.723115104566577, 0.015146865729600435]
[-0.723115104566577, 0.015146865729600435]
[-0.723115104566577, 0.015146865729600435]
[-0.7215044379272656, 0.016265648436249433]
[-0.7215044379272656, 0.016265648436249433]
[-0.7215044379272656, 0.016265648436249433]
[-0.7215044379272656, 0.016265648436249433]
[-0.7215044379272656, 0.016265648436249433]
[-0.7215044379272656, 0.016265648436249433]
[-0.7215044379272656, 0.016265648436249433]
[-0.7215044379272656, 0.016265648436249433]
[-0.7199722533600901, 0.017311620389403114]
[-0.7199722533600901, 0.017311620389403114]
[-0.7199722533600901, 0.017311620389403114]
[-0.7199722533600901, 0.017311620389403114]
[-0.7199722533600901, 0.017311620389403114]
[-0.7199722533600901, 0.017311620389403114]
[-0.7199722533600901, 0.017311620389403114]
[-0.7199722533600901, 0.017311620389403114]
[-0.7188226531732718, 0.01806693828870524]
[-0.7188226531732718, 0.01806693828870524]
[-0.7188226531732718, 0.01806693828870524]
[-0.7188226531732718, 0.01806693828870524]
[-0.7188226531732718, 0.01806693828870524]
[-0.7188226531732718, 0.01806693828870524]
[-0.7188226531732718, 0.01806693828870524]
[-0.7188226531732718, 0.01806693828870524]
[-0.7170274624557647, 0.019200759130855442]
[-0.7170274624557647, 0.019200759130855442]
[-0.7170274624557647, 0.019200759130855442]
[-0.7170274624557647, 0.019200759130855442]
[-0.7170274624557647, 0.019200759130855442]
[-0.7170274624557647, 0.019200759130855442]
[-0.7170274624557647, 0.019200759130855442]
[-0.7170274624557647, 0.019200759130855442]
[-0.7153987938495877, 0.020213156358782763]
[-0.7153987938495877, 0.020213156358782763]
[-0.7153987938495877, 0.020213156358782763]
[-0.7153987938495877, 0.020213156358782763]
[-0.7153987938495877, 0.020213156358782763]
[-0.7153987938495877, 0.020213156358782763]
[-0.7153987938495877, 0.020213156358782763]
[-0.7153987938495877, 0.020213156358782763]
[-0.7138234518625002, 0.021162738930220797]
[-0.7138234518625002, 0.021162738930220797]
[-0.7138234518625002, 0.021162738930220797]
[-0.7138234518625002, 0.021162738930220797]
[-0.7138234518625002, 0.021162738930220797]
[-0.7138234518625002, 0.021162738930220797]
[-0.7138234518625002, 0.021162738930220797]
[-0.7138234518625002, 0.021162738930220797]
[-0.7119954511391736, 0.022238181216016346]
[-0.7119954511391736, 0.022238181216016346]
[-0.7119954511391736, 0.022238181216016346]
[-0.7119954511391736, 0.022238181216016346]
[-0.7119954511391736, 0.022238181216016346]
[-0.7119954511391736, 0.022238181216016346]
[-0.7119954511391736, 0.022238181216016346]
[-0.7119954511391736, 0.022238181216016346]
[-0.7104635409168024, 0.023113519748871516]
[-0.7104635409168024, 0.023113519748871516]
[-0.7104635409168024, 0.023113519748871516]
[-0.7104635409168024, 0.023113519748871516]
[-0.7104635409168024, 0.023113519748871516]
[-0.7104635409168024, 0.023113519748871516]
[-0.7104635409168024, 0.023113519748871516]
[-0.7104635409168024, 0.023113519748871516]
[-0.7086038194329631, 0.02413429769453455]
[-0.7086038194329631, 0.02413429769453455]
[-0.7086038194329631, 0.02413429769453455]
[-0.7086038194329631, 0.02413429769453455]
[-0.7086038194329631, 0.02413429769453455]
[-0.7086038194329631, 0.02413429769453455]
[-0.7086038194329631, 0.02413429769453455]
[-0.7086038194329631, 0.02413429769453455]
[-0.7068043728196469, 0.02508396157144546]
[-0.7068043728196469, 0.02508396157144546]
[-0.7068043728196469, 0.02508396157144546]
[-0.7068043728196469, 0.02508396157144546]
[-0.7068043728196469, 0.02508396157144546]
[-0.7068043728196469, 0.02508396157144546]
[-0.7068043728196469, 0.02508396157144546]
[-0.7068043728196469, 0.02508396157144546]
[-0.7048353382872998, 0.026066472493654097]
[-0.7048353382872998, 0.026066472493654097]
[-0.7048353382872998, 0.026066472493654097]
[-0.7048353382872998, 0.026066472493654097]
[-0.7048353382872998, 0.026066472493654097]
[-0.7048353382872998, 0.026066472493654097]
[-0.7048353382872998, 0.026066472493654097]
[-0.7048353382872998, 0.026066472493654097]
[-0.7025310607688278, 0.02735073390119208]
[-0.7025310607688278, 0.02735073390119208]
[-0.7025310607688278, 0.02735073390119208]
[-0.7025310607688278, 0.02735073390119208]
[-0.7025310607688278, 0.02735073390119208]
[-0.7025310607688278, 0.02735073390119208]
[-0.7025310607688278, 0.02735073390119208]
[-0.7025310607688278, 0.02735073390119208]
[-0.7003682551507688, 0.028837562081669668]
[-0.7003682551507688, 0.028837562081669668]
[-0.7003682551507688, 0.028837562081669668]
[-0.7003682551507688, 0.028837562081669668]
[-0.7003682551507688, 0.028837562081669668]
[-0.7003682551507688, 0.028837562081669668]
[-0.7003682551507688, 0.028837562081669668]
[-0.7003682551507688, 0.028837562081669668]
[-0.6979616604481709, 0.030116514087626636]
[-0.6979616604481709, 0.030116514087626636]
[-0.6979616604481709, 0.030116514087626636]
[-0.6979616604481709, 0.030116514087626636]
[-0.6979616604481709, 0.030116514087626636]
[-0.6979616604481709, 0.030116514087626636]
[-0.6979616604481709, 0.030116514087626636]
[-0.6979616604481709, 0.030116514087626636]
[-0.6959376807510822, 0.031193681498412704]
[-0.6959376807510822, 0.031193681498412704]
[-0.6959376807510822, 0.031193681498412704]
[-0.6959376807510822, 0.031193681498412704]
[-0.6959376807510822, 0.031193681498412704]
[-0.6959376807510822, 0.031193681498412704]
[-0.6959376807510822, 0.031193681498412704]
[-0.6959376807510822, 0.031193681498412704]
[-0.693782133944093, 0.032235852769206784]
[-0.693782133944093, 0.032235852769206784]
[-0.693782133944093, 0.032235852769206784]
[-0.693782133944093, 0.032235852769206784]
[-0.693782133944093, 0.032235852769206784]
[-0.693782133944093, 0.032235852769206784]
[-0.693782133944093, 0.032235852769206784]
[-0.693782133944093, 0.032235852769206784]
[-0.6916515779445945, 0.03328243408125067]
[-0.6916515779445945, 0.03328243408125067]
[-0.6916515779445945, 0.03328243408125067]
[-0.6916515779445945, 0.03328243408125067]
[-0.6916515779445945, 0.03328243408125067]
[-0.6916515779445945, 0.03328243408125067]
[-0.6916515779445945, 0.03328243408125067]
[-0.6916515779445945, 0.03328243408125067]
[-0.6898788480124167, 0.033989630750430724]
[-0.6898788480124167, 0.033989630750430724]
[-0.6898788480124167, 0.033989630750430724]
[-0.6898788480124167, 0.033989630750430724]
[-0.6898788480124167, 0.033989630750430724]
[-0.6898788480124167, 0.033989630750430724]
[-0.6898788480124167, 0.033989630750430724]
[-0.6898788480124167, 0.033989630750430724]
[-0.688395926508893, 0.03442129325677688]
[-0.688395926508893, 0.03442129325677688]
[-0.688395926508893, 0.03442129325677688]
[-0.688395926508893, 0.03442129325677688]
[-0.688395926508893, 0.03442129325677688]
[-0.688395926508893, 0.03442129325677688]
[-0.688395926508893, 0.03442129325677688]
[-0.688395926508893, 0.03442129325677688]
[-0.6871488534415227, 0.03483698638419833]
[-0.6871488534415227, 0.03483698638419833]
[-0.6871488534415227, 0.03483698638419833]
[-0.6871488534415227, 0.03483698638419833]
[-0.6871488534415227, 0.03483698638419833]
[-0.6871488534415227, 0.03483698638419833]
[-0.6871488534415227, 0.03483698638419833]
[-0.6871488534415227, 0.03483698638419833]
[-0.6849394991579225, 0.03536420496906746]
[-0.6849394991579225, 0.03536420496906746]
[-0.6849394991579225, 0.03536420496906746]
[-0.6849394991579225, 0.03536420496906746]
[-0.6849394991579225, 0.03536420496906746]
[-0.6849394991579225, 0.03536420496906746]
[-0.6849394991579225, 0.03536420496906746]
[-0.6849394991579225, 0.03536420496906746]
[-0.68292307063376, 0.03586375142776827]
[-0.68292307063376, 0.03586375142776827]
[-0.68292307063376, 0.03586375142776827]
[-0.68292307063376, 0.03586375142776827]
[-0.68292307063376, 0.03586375142776827]
[-0.68292307063376, 0.03586375142776827]
[-0.68292307063376, 0.03586375142776827]
[-0.68292307063376, 0.03586375142776827]
[-0.681139215040506, 0.036279262270961225]
[-0.681139215040506, 0.036279262270961225]
[-0.681139215040506, 0.036279262270961225]
[-0.681139215040506, 0.036279262270961225]
[-0.681139215040506, 0.036279262270961225]
[-0.681139215040506, 0.036279262270961225]
[-0.681139215040506, 0.036279262270961225]
[-0.681139215040506, 0.036279262270961225]
[-0.6783793199022365, 0.03692924966131057]
[-0.6783793199022365, 0.03692924966131057]
[-0.6783793199022365, 0.03692924966131057]
[-0.6783793199022365, 0.03692924966131057]
[-0.6783793199022365, 0.03692924966131057]
[-0.6783793199022365, 0.03692924966131057]
[-0.6783793199022365, 0.03692924966131057]
[-0.6783793199022365, 0.03692924966131057]
[-0.6758026570733121, 0.037621515820812586]
[-0.6758026570733121, 0.037621515820812586]
[-0.6758026570733121, 0.037621515820812586]
[-0.6758026570733121, 0.037621515820812586]
[-0.6758026570733121, 0.037621515820812586]
[-0.6758026570733121, 0.037621515820812586]
[-0.6758026570733121, 0.037621515820812586]
[-0.6758026570733121, 0.037621515820812586]
[-0.6736282244865066, 0.038248372640549914]
[-0.6736282244865066, 0.038248372640549914]
[-0.6736282244865066, 0.038248372640549914]
[-0.6736282244865066, 0.038248372640549914]
[-0.6736282244865066, 0.038248372640549914]
[-0.6736282244865066, 0.038248372640549914]
[-0.6736282244865066, 0.038248372640549914]
[-0.6736282244865066, 0.038248372640549914]
[-0.6708216865038947, 0.039086776674827566]
[-0.6708216865038947, 0.039086776674827566]
[-0.6708216865038947, 0.039086776674827566]
[-0.6708216865038947, 0.039086776674827566]
[-0.6708216865038947, 0.039086776674827566]
[-0.6708216865038947, 0.039086776674827566]
[-0.6708216865038947, 0.039086776674827566]
[-0.6708216865038947, 0.039086776674827566]
[-0.6687174720407815, 0.03974083035471866]
[-0.6687174720407815, 0.03974083035471866]
[-0.6687174720407815, 0.03974083035471866]
[-0.6687174720407815, 0.03974083035471866]
[-0.6687174720407815, 0.03974083035471866]
[-0.6687174720407815, 0.03974083035471866]
[-0.6687174720407815, 0.03974083035471866]
[-0.6687174720407815, 0.03974083035471866]
[-0.6668373941797276, 0.04034259545454081]
[-0.6668373941797276, 0.04034259545454081]
[-0.6668373941797276, 0.04034259545454081]
[-0.6668373941797276, 0.04034259545454081]
[-0.6668373941797276, 0.04034259545454081]
[-0.6668373941797276, 0.04034259545454081]
[-0.6668373941797276, 0.04034259545454081]
[-0.6668373941797276, 0.04034259545454081]
[-0.6646978770818415, 0.04102342206737307]
[-0.6646978770818415, 0.04102342206737307]
[-0.6646978770818415, 0.04102342206737307]
[-0.6646978770818415, 0.04102342206737307]
[-0.6646978770818415, 0.04102342206737307]
[-0.6646978770818415, 0.04102342206737307]
[-0.6646978770818415, 0.04102342206737307]
[-0.6646978770818415, 0.04102342206737307]
[-0.6621014363396915, 0.04186863046340689]
[-0.6621014363396915, 0.04186863046340689]
[-0.6621014363396915, 0.04186863046340689]
[-0.6621014363396915, 0.04186863046340689]
[-0.6621014363396915, 0.04186863046340689]
[-0.6621014363396915, 0.04186863046340689]
[-0.6621014363396915, 0.04186863046340689]
[-0.6621014363396915, 0.04186863046340689]
[-0.6603990145658035, 0.04240370681013636]
[-0.6603990145658035, 0.04240370681013636]
[-0.6603990145658035, 0.04240370681013636]
[-0.6603990145658035, 0.04240370681013636]
[-0.6603990145658035, 0.04240370681013636]
[-0.6603990145658035, 0.04240370681013636]
[-0.6603990145658035, 0.04240370681013636]
[-0.6603990145658035, 0.04240370681013636]
[-0.6583747894028282, 0.04303035585159773]
[-0.6583747894028282, 0.04303035585159773]
[-0.6583747894028282, 0.04303035585159773]
[-0.6583747894028282, 0.04303035585159773]
[-0.6583747894028282, 0.04303035585159773]
[-0.6583747894028282, 0.04303035585159773]
[-0.6583747894028282, 0.04303035585159773]
[-0.6583747894028282, 0.04303035585159773]
[-0.6559230517904279, 0.04377818496622858]
[-0.6559230517904279, 0.04377818496622858]
[-0.6559230517904279, 0.04377818496622858]
[-0.6559230517904279, 0.04377818496622858]
[-0.6559230517904279, 0.04377818496622858]
[-0.6559230517904279, 0.04377818496622858]
[-0.6559230517904279, 0.04377818496622858]
[-0.6559230517904279, 0.04377818496622858]
[-0.6535609343519823, 0.04445986926222186]
[-0.6535609343519823, 0.04445986926222186]
[-0.6535609343519823, 0.04445986926222186]
[-0.6535609343519823, 0.04445986926222186]
[-0.6535609343519823, 0.04445986926222186]
[-0.6535609343519823, 0.04445986926222186]
[-0.6535609343519823, 0.04445986926222186]
[-0.6535609343519823, 0.04445986926222186]
[-0.651899125493041, 0.044913980004226556]
[-0.651899125493041, 0.044913980004226556]
[-0.651899125493041, 0.044913980004226556]
[-0.651899125493041, 0.044913980004226556]
[-0.651899125493041, 0.044913980004226556]
[-0.651899125493041, 0.044913980004226556]
[-0.651899125493041, 0.044913980004226556]
[-0.651899125493041, 0.044913980004226556]
[-0.6499117362533225, 0.04543864168683057]
[-0.6499117362533225, 0.04543864168683057]
[-0.6499117362533225, 0.04543864168683057]
[-0.6499117362533225, 0.04543864168683057]
[-0.6499117362533225, 0.04543864168683057]
[-0.6499117362533225, 0.04543864168683057]
[-0.6499117362533225, 0.04543864168683057]
[-0.6499117362533225, 0.04543864168683057]
[-0.6479858924599269, 0.04595279997249299]
[-0.6479858924599269, 0.04595279997249299]
[-0.6479858924599269, 0.04595279997249299]
[-0.6479858924599269, 0.04595279997249299]
[-0.6479858924599269, 0.04595279997249299]
[-0.6479858924599269, 0.04595279997249299]
[-0.6479858924599269, 0.04595279997249299]
[-0.6479858924599269, 0.04595279997249299]
[-0.6457901021908161, 0.04652813019160488]
[-0.6457901021908161, 0.04652813019160488]
[-0.6457901021908161, 0.04652813019160488]
[-0.6457901021908161, 0.04652813019160488]
[-0.6457901021908161, 0.04652813019160488]
[-0.6457901021908161, 0.04652813019160488]
[-0.6457901021908161, 0.04652813019160488]
[-0.6457901021908161, 0.04652813019160488]
[-0.6439569465964854, 0.046982229963967406]
[-0.6439569465964854, 0.046982229963967406]
[-0.6439569465964854, 0.046982229963967406]
[-0.6439569465964854, 0.046982229963967406]
[-0.6439569465964854, 0.046982229963967406]
[-0.6439569465964854, 0.046982229963967406]
[-0.6439569465964854, 0.046982229963967406]
[-0.6439569465964854, 0.046982229963967406]
[-0.6419702695017794, 0.04746737431591334]
[-0.6419702695017794, 0.04746737431591334]
[-0.6419702695017794, 0.04746737431591334]
[-0.6419702695017794, 0.04746737431591334]
[-0.6419702695017794, 0.04746737431591334]
[-0.6419702695017794, 0.04746737431591334]
[-0.6419702695017794, 0.04746737431591334]
[-0.6419702695017794, 0.04746737431591334]
[-0.63977431586916, 0.048010539825306]
[-0.63977431586916, 0.048010539825306]
[-0.63977431586916, 0.048010539825306]
[-0.63977431586916, 0.048010539825306]
[-0.63977431586916, 0.048010539825306]
[-0.63977431586916, 0.048010539825306]
[-0.63977431586916, 0.048010539825306]
[-0.63977431586916, 0.048010539825306]
[-0.6370112282022605, 0.048678628694547345]
[-0.6370112282022605, 0.048678628694547345]
[-0.6370112282022605, 0.048678628694547345]
[-0.6370112282022605, 0.048678628694547345]
[-0.6370112282022605, 0.048678628694547345]
[-0.6370112282022605, 0.048678628694547345]
[-0.6370112282022605, 0.048678628694547345]
[-0.6370112282022605, 0.048678628694547345]
[-0.634030877713077, 0.04931575883486714]
[-0.634030877713077, 0.04931575883486714]
[-0.634030877713077, 0.04931575883486714]
[-0.634030877713077, 0.04931575883486714]
[-0.634030877713077, 0.04931575883486714]
[-0.634030877713077, 0.04931575883486714]
[-0.634030877713077, 0.04931575883486714]
[-0.634030877713077, 0.04931575883486714]
[-0.6311927649550767, 0.04984797430624924]
[-0.6311927649550767, 0.04984797430624924]
[-0.6311927649550767, 0.04984797430624924]
[-0.6311927649550767, 0.04984797430624924]
[-0.6311927649550767, 0.04984797430624924]
[-0.6311927649550767, 0.04984797430624924]
[-0.6311927649550767, 0.04984797430624924]
[-0.6311927649550767, 0.04984797430624924]
[-0.6284099266544267, 0.05026926833522576]
[-0.6284099266544267, 0.05026926833522576]
[-0.6284099266544267, 0.05026926833522576]
[-0.6284099266544267, 0.05026926833522576]
[-0.6284099266544267, 0.05026926833522576]
[-0.6284099266544267, 0.05026926833522576]
[-0.6284099266544267, 0.05026926833522576]
[-0.6284099266544267, 0.05026926833522576]
[-0.6258458752339745, 0.05052380421109647]
[-0.6258458752339745, 0.05052380421109647]
[-0.6258458752339745, 0.05052380421109647]
[-0.6258458752339745, 0.05052380421109647]
[-0.6258458752339745, 0.05052380421109647]
[-0.6258458752339745, 0.05052380421109647]
[-0.6258458752339745, 0.05052380421109647]
[-0.6258458752339745, 0.05052380421109647]
[-0.6230749351866086, 0.05062920495219755]
[-0.6230749351866086, 0.05062920495219755]
[-0.6230749351866086, 0.05062920495219755]
[-0.6230749351866086, 0.05062920495219755]
[-0.6230749351866086, 0.05062920495219755]
[-0.6230749351866086, 0.05062920495219755]
[-0.6230749351866086, 0.05062920495219755]
[-0.6230749351866086, 0.05062920495219755]
[-0.6199498093891544, 0.05064464181029695]
[-0.6199498093891544, 0.05064464181029695]
[-0.6199498093891544, 0.05064464181029695]
[-0.6199498093891544, 0.05064464181029695]
[-0.6199498093891544, 0.05064464181029695]
[-0.6199498093891544, 0.05064464181029695]
[-0.6199498093891544, 0.05064464181029695]
[-0.6199498093891544, 0.05064464181029695]
[-0.6166617310302172, 0.05060250396878995]
[-0.6166617310302172, 0.05060250396878995]
[-0.6166617310302172, 0.05060250396878995]
[-0.6166617310302172, 0.05060250396878995]
[-0.6166617310302172, 0.05060250396878995]
[-0.6166617310302172, 0.05060250396878995]
[-0.6166617310302172, 0.05060250396878995]
[-0.6166617310302172, 0.05060250396878995]
[-0.6134188609038813, 0.05052313059525589]
[-0.6134188609038813, 0.05052313059525589]
[-0.6134188609038813, 0.05052313059525589]
[-0.6134188609038813, 0.05052313059525589]
[-0.6134188609038813, 0.05052313059525589]
[-0.6134188609038813, 0.05052313059525589]
[-0.6134188609038813, 0.05052313059525589]
[-0.6134188609038813, 0.05052313059525589]
[-0.6100384100894667, 0.05039544182561739]
[-0.6100384100894667, 0.05039544182561739]
[-0.6100384100894667, 0.05039544182561739]
[-0.6100384100894667, 0.05039544182561739]
[-0.6100384100894667, 0.05039544182561739]
[-0.6100384100894667, 0.05039544182561739]
[-0.6100384100894667, 0.05039544182561739]
[-0.6100384100894667, 0.05039544182561739]
[-0.6068088113473427, 0.05024433546659888]
[-0.6068088113473427, 0.05024433546659888]
[-0.6068088113473427, 0.05024433546659888]
[-0.6068088113473427, 0.05024433546659888]
[-0.6068088113473427, 0.05024433546659888]
[-0.6068088113473427, 0.05024433546659888]
[-0.6068088113473427, 0.05024433546659888]
[-0.6068088113473427, 0.05024433546659888]
[-0.6035963430016634, 0.05007256722230689]
[-0.6035963430016634, 0.05007256722230689]
[-0.6035963430016634, 0.05007256722230689]
[-0.6035963430016634, 0.05007256722230689]
[-0.6035963430016634, 0.05007256722230689]
[-0.6035963430016634, 0.05007256722230689]
[-0.6035963430016634, 0.05007256722230689]
[-0.6035963430016634, 0.05007256722230689]
[-0.6010466052289806, 0.049906287629795446]
[-0.6010466052289806, 0.049906287629795446]
[-0.6010466052289806, 0.049906287629795446]
[-0.6010466052289806, 0.049906287629795446]
[-0.6010466052289806, 0.049906287629795446]
[-0.6010466052289806, 0.049906287629795446]
[-0.6010466052289806, 0.049906287629795446]
[-0.6010466052289806, 0.049906287629795446]
[-0.5988162173235806, 0.049710594457589574]
[-0.5988162173235806, 0.049710594457589574]
[-0.5988162173235806, 0.049710594457589574]
[-0.5988162173235806, 0.049710594457589574]
[-0.5988162173235806, 0.049710594457589574]
[-0.5988162173235806, 0.049710594457589574]
[-0.5988162173235806, 0.049710594457589574]
[-0.5988162173235806, 0.049710594457589574]
[-0.596405051914059, 0.04955032289103772]
[-0.596405051914059, 0.04955032289103772]
[-0.596405051914059, 0.04955032289103772]
[-0.596405051914059, 0.04955032289103772]
[-0.596405051914059, 0.04955032289103772]
[-0.596405051914059, 0.04955032289103772]
[-0.596405051914059, 0.04955032289103772]
[-0.596405051914059, 0.04955032289103772]
[-0.5939815637911016, 0.04944208350858165]
[-0.5939815637911016, 0.04944208350858165]
[-0.5939815637911016, 0.04944208350858165]
[-0.5939815637911016, 0.04944208350858165]
[-0.5939815637911016, 0.04944208350858165]
[-0.5939815637911016, 0.04944208350858165]
[-0.5939815637911016, 0.04944208350858165]
[-0.5939815637911016, 0.04944208350858165]
[-0.590665003332076, 0.04934392340417434]
[-0.590665003332076, 0.04934392340417434]
[-0.590665003332076, 0.04934392340417434]
[-0.590665003332076, 0.04934392340417434]
[-0.590665003332076, 0.04934392340417434]
[-0.590665003332076, 0.04934392340417434]
[-0.590665003332076, 0.04934392340417434]
[-0.590665003332076, 0.04934392340417434]
[-0.5879233295837755, 0.04929617378174426]
[-0.5879233295837755, 0.04929617378174426]
[-0.5879233295837755, 0.04929617378174426]
[-0.5879233295837755, 0.04929617378174426]
[-0.5879233295837755, 0.04929617378174426]
[-0.5879233295837755, 0.04929617378174426]
[-0.5879233295837755, 0.04929617378174426]
[-0.5879233295837755, 0.04929617378174426]
[-0.5855556696714286, 0.04927010503999602]
[-0.5855556696714286, 0.04927010503999602]
[-0.5855556696714286, 0.04927010503999602]
[-0.5855556696714286, 0.04927010503999602]
[-0.5855556696714286, 0.04927010503999602]
[-0.5855556696714286, 0.04927010503999602]
[-0.5855556696714286, 0.04927010503999602]
[-0.5855556696714286, 0.04927010503999602]
[-0.5830660065631903, 0.049203510544688994]
[-0.5830660065631903, 0.049203510544688994]
[-0.5830660065631903, 0.049203510544688994]
[-0.5830660065631903, 0.049203510544688994]
[-0.5830660065631903, 0.049203510544688994]
[-0.5830660065631903, 0.049203510544688994]
[-0.5830660065631903, 0.049203510544688994]
[-0.5830660065631903, 0.049203510544688994]
[-0.5810114705639227, 0.04916577136397697]
[-0.5810114705639227, 0.04916577136397697]
[-0.5810114705639227, 0.04916577136397697]
[-0.5810114705639227, 0.04916577136397697]
[-0.5810114705639227, 0.04916577136397697]
[-0.5810114705639227, 0.04916577136397697]
[-0.5810114705639227, 0.04916577136397697]
[-0.5810114705639227, 0.04916577136397697]
[-0.5792206691323154, 0.04912968856239369]
[-0.5792206691323154, 0.04912968856239369]
[-0.5792206691323154, 0.04912968856239369]
[-0.5792206691323154, 0.04912968856239369]
[-0.5792206691323154, 0.04912968856239369]
[-0.5792206691323154, 0.04912968856239369]
[-0.5792206691323154, 0.04912968856239369]
[-0.5792206691323154, 0.04912968856239369]
[-0.5768684731969227, 0.04907249460546365]
[-0.5768684731969227, 0.04907249460546365]
[-0.5768684731969227, 0.04907249460546365]
[-0.5768684731969227, 0.04907249460546365]
[-0.5768684731969227, 0.04907249460546365]
[-0.5768684731969227, 0.04907249460546365]
[-0.5768684731969227, 0.04907249460546365]
[-0.5768684731969227, 0.04907249460546365]
[-0.5750074215608633, 0.04904099226430049]
[-0.5750074215608633, 0.04904099226430049]
[-0.5750074215608633, 0.04904099226430049]
[-0.5750074215608633, 0.04904099226430049]
[-0.5750074215608633, 0.04904099226430049]
[-0.5750074215608633, 0.04904099226430049]
[-0.5750074215608633, 0.04904099226430049]
[-0.5750074215608633, 0.04904099226430049]
[-0.5731673655584276, 0.04899532740727565]
[-0.5731673655584276, 0.04899532740727565]
[-0.5731673655584276, 0.04899532740727565]
[-0.5731673655584276, 0.04899532740727565]
[-0.5731673655584276, 0.04899532740727565]
[-0.5731673655584276, 0.04899532740727565]
[-0.5731673655584276, 0.04899532740727565]
[-0.5731673655584276, 0.04899532740727565]
[-0.570499164517781, 0.04892060187123319]
[-0.570499164517781, 0.04892060187123319]
[-0.570499164517781, 0.04892060187123319]
[-0.570499164517781, 0.04892060187123319]
[-0.570499164517781, 0.04892060187123319]
[-0.570499164517781, 0.04892060187123319]
[-0.570499164517781, 0.04892060187123319]
[-0.570499164517781, 0.04892060187123319]
[-0.5675973687553895, 0.048892053287697294]
[-0.5675973687553895, 0.048892053287697294]
[-0.5675973687553895, 0.048892053287697294]
[-0.5675973687553895, 0.048892053287697294]
[-0.5675973687553895, 0.048892053287697294]
[-0.5675973687553895, 0.048892053287697294]
[-0.5675973687553895, 0.048892053287697294]
[-0.5675973687553895, 0.048892053287697294]
[-0.5648991439001531, 0.04882460575433471]
[-0.5648991439001531, 0.04882460575433471]
[-0.5648991439001531, 0.04882460575433471]
[-0.5648991439001531, 0.04882460575433471]
[-0.5648991439001531, 0.04882460575433471]
[-0.5648991439001531, 0.04882460575433471]
[-0.5648991439001531, 0.04882460575433471]
[-0.5648991439001531, 0.04882460575433471]
[-0.5632866129156525, 0.04875613430357971]
[-0.5632866129156525, 0.04875613430357971]
[-0.5632866129156525, 0.04875613430357971]
[-0.5632866129156525, 0.04875613430357971]
[-0.5632866129156525, 0.04875613430357971]
[-0.5632866129156525, 0.04875613430357971]
[-0.5632866129156525, 0.04875613430357971]
[-0.5632866129156525, 0.04875613430357971]
[-0.5607088325089903, 0.048621035204278344]
[-0.5607088325089903, 0.048621035204278344]
[-0.5607088325089903, 0.048621035204278344]
[-0.5607088325089903, 0.048621035204278344]
[-0.5607088325089903, 0.048621035204278344]
[-0.5607088325089903, 0.048621035204278344]
[-0.5607088325089903, 0.048621035204278344]
[-0.5607088325089903, 0.048621035204278344]
[-0.5586588407879288, 0.04850508774906103]
[-0.5586588407879288, 0.04850508774906103]
[-0.5586588407879288, 0.04850508774906103]
[-0.5586588407879288, 0.04850508774906103]
[-0.5586588407879288, 0.04850508774906103]
[-0.5586588407879288, 0.04850508774906103]
[-0.5586588407879288, 0.04850508774906103]
[-0.5586588407879288, 0.04850508774906103]
[-0.5560339681052986, 0.04830479728410609]
[-0.5560339681052986, 0.04830479728410609]
[-0.5560339681052986, 0.04830479728410609]
[-0.5560339681052986, 0.04830479728410609]
[-0.5560339681052986, 0.04830479728410609]
[-0.5560339681052986, 0.04830479728410609]
[-0.5560339681052986, 0.04830479728410609]
[-0.5560339681052986, 0.04830479728410609]
[-0.5537244385928862, 0.04812271212362433]
[-0.5537244385928862, 0.04812271212362433]
[-0.5537244385928862, 0.04812271212362433]
[-0.5537244385928862, 0.04812271212362433]
[-0.5537244385928862, 0.04812271212362433]
[-0.5537244385928862, 0.04812271212362433]
[-0.5537244385928862, 0.04812271212362433]
[-0.5537244385928862, 0.04812271212362433]
[-0.5508942510459561, 0.04789050523229232]
[-0.5508942510459561, 0.04789050523229232]
[-0.5508942510459561, 0.04789050523229232]
[-0.5508942510459561, 0.04789050523229232]
[-0.5508942510459561, 0.04789050523229232]
[-0.5508942510459561, 0.04789050523229232]
[-0.5508942510459561, 0.04789050523229232]
[-0.5508942510459561, 0.04789050523229232]
[-0.5490499733997073, 0.04775653166281832]
[-0.5490499733997073, 0.04775653166281832]
[-0.5490499733997073, 0.04775653166281832]
[-0.5490499733997073, 0.04775653166281832]
[-0.5490499733997073, 0.04775653166281832]
[-0.5490499733997073, 0.04775653166281832]
[-0.5490499733997073, 0.04775653166281832]
[-0.5490499733997073, 0.04775653166281832]
[-0.5475695334767803, 0.04763773493397908]
[-0.5475695334767803, 0.04763773493397908]
[-0.5475695334767803, 0.04763773493397908]
[-0.5475695334767803, 0.04763773493397908]
[-0.5475695334767803, 0.04763773493397908]
[-0.5475695334767803, 0.04763773493397908]
[-0.5475695334767803, 0.04763773493397908]
[-0.5475695334767803, 0.04763773493397908]
[-0.5452266208653492, 0.047443729949911584]
[-0.5452266208653492, 0.047443729949911584]
[-0.5452266208653492, 0.047443729949911584]
[-0.5452266208653492, 0.047443729949911584]
[-0.5452266208653492, 0.047443729949911584]
[-0.5452266208653492, 0.047443729949911584]
[-0.5452266208653492, 0.047443729949911584]
[-0.5452266208653492, 0.047443729949911584]
[-0.5435466760584037, 0.047338267847520744]
[-0.5435466760584037, 0.047338267847520744]
[-0.5435466760584037, 0.047338267847520744]
[-0.5435466760584037, 0.047338267847520744]
[-0.5435466760584037, 0.047338267847520744]
[-0.5435466760584037, 0.047338267847520744]
[-0.5435466760584037, 0.047338267847520744]
[-0.5435466760584037, 0.047338267847520744]
[-0.5418837830148863, 0.04721755235080373]
[-0.5418837830148863, 0.04721755235080373]
[-0.5418837830148863, 0.04721755235080373]
[-0.5418837830148863, 0.04721755235080373]
[-0.5418837830148863, 0.04721755235080373]
[-0.5418837830148863, 0.04721755235080373]
[-0.5418837830148863, 0.04721755235080373]
[-0.5418837830148863, 0.04721755235080373]
[-0.539254175106933, 0.047013362522264096]
[-0.539254175106933, 0.047013362522264096]
[-0.539254175106933, 0.047013362522264096]
[-0.539254175106933, 0.047013362522264096]
[-0.539254175106933, 0.047013362522264096]
[-0.539254175106933, 0.047013362522264096]
[-0.539254175106933, 0.047013362522264096]
[-0.539254175106933, 0.047013362522264096]
[-0.5364539889759689, 0.04686515354858342]
[-0.5364539889759689, 0.04686515354858342]
[-0.5364539889759689, 0.04686515354858342]
[-0.5364539889759689, 0.04686515354858342]
[-0.5364539889759689, 0.04686515354858342]
[-0.5364539889759689, 0.04686515354858342]
[-0.5364539889759689, 0.04686515354858342]
[-0.5364539889759689, 0.04686515354858342]
[-0.5338655621432457, 0.046681284136321076]
[-0.5338655621432457, 0.046681284136321076]
[-0.5338655621432457, 0.046681284136321076]
[-0.5338655621432457, 0.046681284136321076]
[-0.5338655621432457, 0.046681284136321076]
[-0.5338655621432457, 0.046681284136321076]
[-0.5338655621432457, 0.046681284136321076]
[-0.5338655621432457, 0.046681284136321076]
[-0.5312061512019679, 0.04644707936708287]
[-0.5312061512019679, 0.04644707936708287]
[-0.5312061512019679, 0.04644707936708287]
[-0.5312061512019679, 0.04644707936708287]
[-0.5312061512019679, 0.04644707936708287]
[-0.5312061512019679, 0.04644707936708287]
[-0.5312061512019679, 0.04644707936708287]
[-0.5312061512019679, 0.04644707936708287]
[-0.5283883087058882, 0.04618395672795824]
[-0.5283883087058882, 0.04618395672795824]
[-0.5283883087058882, 0.04618395672795824]
[-0.5283883087058882, 0.04618395672795824]
[-0.5283883087058882, 0.04618395672795824]
[-0.5283883087058882, 0.04618395672795824]
[-0.5283883087058882, 0.04618395672795824]
[-0.5283883087058882, 0.04618395672795824]
[-0.5266292845887603, 0.046019767758081254]
[-0.5266292845887603, 0.046019767758081254]
[-0.5266292845887603, 0.046019767758081254]
[-0.5266292845887603, 0.046019767758081254]
[-0.5266292845887603, 0.046019767758081254]
[-0.5266292845887603, 0.046019767758081254]
[-0.5266292845887603, 0.046019767758081254]
[-0.5266292845887603, 0.046019767758081254]
[-0.5235758074342748, 0.04574365861588683]
[-0.5235758074342748, 0.04574365861588683]
[-0.5235758074342748, 0.04574365861588683]
[-0.5235758074342748, 0.04574365861588683]
[-0.5235758074342748, 0.04574365861588683]
[-0.5235758074342748, 0.04574365861588683]
[-0.5235758074342748, 0.04574365861588683]
[-0.5235758074342748, 0.04574365861588683]
[-0.5212374151035011, 0.04555868219329161]
[-0.5212374151035011, 0.04555868219329161]
[-0.5212374151035011, 0.04555868219329161]
[-0.5212374151035011, 0.04555868219329161]
[-0.5212374151035011, 0.04555868219329161]
[-0.5212374151035011, 0.04555868219329161]
[-0.5212374151035011, 0.04555868219329161]
[-0.5212374151035011, 0.04555868219329161]
[-0.5185747312775324, 0.045299850503077506]
[-0.5185747312775324, 0.045299850503077506]
[-0.5185747312775324, 0.045299850503077506]
[-0.5185747312775324, 0.045299850503077506]
[-0.5185747312775324, 0.045299850503077506]
[-0.5185747312775324, 0.045299850503077506]
[-0.5185747312775324, 0.045299850503077506]
[-0.5185747312775324, 0.045299850503077506]
[-0.5158765889055866, 0.04503313732803208]
[-0.5158765889055866, 0.04503313732803208]
[-0.5158765889055866, 0.04503313732803208]
[-0.5158765889055866, 0.04503313732803208]
[-0.5158765889055866, 0.04503313732803208]
[-0.5158765889055866, 0.04503313732803208]
[-0.5158765889055866, 0.04503313732803208]
[-0.5158765889055866, 0.04503313732803208]
[-0.5133537816520078, 0.044772703228961465]
[-0.5133537816520078, 0.044772703228961465]
[-0.5133537816520078, 0.044772703228961465]
[-0.5133537816520078, 0.044772703228961465]
[-0.5133537816520078, 0.044772703228961465]
[-0.5133537816520078, 0.044772703228961465]
[-0.5133537816520078, 0.044772703228961465]
[-0.5133537816520078, 0.044772703228961465]
[-0.5106807742113777, 0.04447458599502551]
[-0.5106807742113777, 0.04447458599502551]
[-0.5106807742113777, 0.04447458599502551]
[-0.5106807742113777, 0.04447458599502551]
[-0.5106807742113777, 0.04447458599502551]
[-0.5106807742113777, 0.04447458599502551]
[-0.5106807742113777, 0.04447458599502551]
[-0.5106807742113777, 0.04447458599502551]
[-0.507959566696723, 0.044168182219357116]
[-0.507959566696723, 0.044168182219357116]
[-0.507959566696723, 0.044168182219357116]
[-0.507959566696723, 0.044168182219357116]
[-0.507959566696723, 0.044168182219357116]
[-0.507959566696723, 0.044168182219357116]
[-0.507959566696723, 0.044168182219357116]
[-0.507959566696723, 0.044168182219357116]
[-0.5055479650614144, 0.043887967836155534]
[-0.5055479650614144, 0.043887967836155534]
[-0.5055479650614144, 0.043887967836155534]
[-0.5055479650614144, 0.043887967836155534]
[-0.5055479650614144, 0.043887967836155534]
[-0.5055479650614144, 0.043887967836155534]
[-0.5055479650614144, 0.043887967836155534]
[-0.5055479650614144, 0.043887967836155534]
[-0.5036573368598918, 0.043659764041985794]
[-0.5036573368598918, 0.043659764041985794]
[-0.5036573368598918, 0.043659764041985794]
[-0.5036573368598918, 0.043659764041985794]
[-0.5036573368598918, 0.043659764041985794]
[-0.5036573368598918, 0.043659764041985794]
[-0.5036573368598918, 0.043659764041985794]
[-0.5036573368598918, 0.043659764041985794]
[-0.5018533458627418, 0.04345722986735609]
[-0.5018533458627418, 0.04345722986735609]
[-0.5018533458627418, 0.04345722986735609]
[-0.5018533458627418, 0.04345722986735609]
[-0.5018533458627418, 0.04345722986735609]
[-0.5018533458627418, 0.04345722986735609]
[-0.5018533458627418, 0.04345722986735609]
[-0.5018533458627418, 0.04345722986735609]
[-0.49963405285232393, 0.04321302432577473]
[-0.49963405285232393, 0.04321302432577473]
[-0.49963405285232393, 0.04321302432577473]
[-0.49963405285232393, 0.04321302432577473]
[-0.49963405285232393, 0.04321302432577473]
[-0.49963405285232393, 0.04321302432577473]
[-0.49963405285232393, 0.04321302432577473]
[-0.49963405285232393, 0.04321302432577473]
[-0.4972624705165059, 0.04293310550917958]
[-0.4972624705165059, 0.04293310550917958]
[-0.4972624705165059, 0.04293310550917958]
[-0.4972624705165059, 0.04293310550917958]
[-0.4972624705165059, 0.04293310550917958]
[-0.4972624705165059, 0.04293310550917958]
[-0.4972624705165059, 0.04293310550917958]
[-0.4972624705165059, 0.04293310550917958]
[-0.49486274921353357, 0.042691052552013435]
[-0.49486274921353357, 0.042691052552013435]
[-0.49486274921353357, 0.042691052552013435]
[-0.49486274921353357, 0.042691052552013435]
[-0.49486274921353357, 0.042691052552013435]
[-0.49486274921353357, 0.042691052552013435]
[-0.49486274921353357, 0.042691052552013435]
[-0.49486274921353357, 0.042691052552013435]
[-0.4924543069152377, 0.04240821010668615]
[-0.4924543069152377, 0.04240821010668615]
[-0.4924543069152377, 0.04240821010668615]
[-0.4924543069152377, 0.04240821010668615]
[-0.4924543069152377, 0.04240821010668615]
[-0.4924543069152377, 0.04240821010668615]
[-0.4924543069152377, 0.04240821010668615]
[-0.4924543069152377, 0.04240821010668615]
[-0.4899625209676029, 0.04209099134214952]
[-0.4899625209676029, 0.04209099134214952]
[-0.4899625209676029, 0.04209099134214952]
[-0.4899625209676029, 0.04209099134214952]
[-0.4899625209676029, 0.04209099134214952]
[-0.4899625209676029, 0.04209099134214952]
[-0.4899625209676029, 0.04209099134214952]
[-0.4899625209676029, 0.04209099134214952]
[-0.4877972769435661, 0.041799003978409924]
[-0.4877972769435661, 0.041799003978409924]
[-0.4877972769435661, 0.041799003978409924]
[-0.4877972769435661, 0.041799003978409924]
[-0.4877972769435661, 0.041799003978409924]
[-0.4877972769435661, 0.041799003978409924]
[-0.4877972769435661, 0.041799003978409924]
[-0.4877972769435661, 0.041799003978409924]
[-0.48629438383509527, 0.04157477753917105]
[-0.48629438383509527, 0.04157477753917105]
[-0.48629438383509527, 0.04157477753917105]
[-0.48629438383509527, 0.04157477753917105]
[-0.48629438383509527, 0.04157477753917105]
[-0.48629438383509527, 0.04157477753917105]
[-0.48629438383509527, 0.04157477753917105]
[-0.48629438383509527, 0.04157477753917105]
[-0.48414655908718746, 0.04126553284442674]
[-0.48414655908718746, 0.04126553284442674]
[-0.48414655908718746, 0.04126553284442674]
[-0.48414655908718746, 0.04126553284442674]
[-0.48414655908718746, 0.04126553284442674]
[-0.48414655908718746, 0.04126553284442674]
[-0.48414655908718746, 0.04126553284442674]
[-0.48414655908718746, 0.04126553284442674]
[-0.48154449242171965, 0.04085008330777099]
[-0.48154449242171965, 0.04085008330777099]
[-0.48154449242171965, 0.04085008330777099]
[-0.48154449242171965, 0.04085008330777099]
[-0.48154449242171965, 0.04085008330777099]
[-0.48154449242171965, 0.04085008330777099]
[-0.48154449242171965, 0.04085008330777099]
[-0.48154449242171965, 0.04085008330777099]
[-0.4793764142947644, 0.04048998118102759]
[-0.4793764142947644, 0.04048998118102759]
[-0.4793764142947644, 0.04048998118102759]
[-0.4793764142947644, 0.04048998118102759]
[-0.4793764142947644, 0.04048998118102759]
[-0.4793764142947644, 0.04048998118102759]
[-0.4793764142947644, 0.04048998118102759]
[-0.4793764142947644, 0.04048998118102759]
[-0.47745475809781573, 0.040135020878820725]
[-0.47745475809781573, 0.040135020878820725]
[-0.47745475809781573, 0.040135020878820725]
[-0.47745475809781573, 0.040135020878820725]
[-0.47745475809781573, 0.040135020878820725]
[-0.47745475809781573, 0.040135020878820725]
[-0.47745475809781573, 0.040135020878820725]
[-0.47745475809781573, 0.040135020878820725]
[-0.47546040626297936, 0.03975058687941836]
[-0.47546040626297936, 0.03975058687941836]
[-0.47546040626297936, 0.03975058687941836]
[-0.47546040626297936, 0.03975058687941836]
[-0.47546040626297936, 0.03975058687941836]
[-0.47546040626297936, 0.03975058687941836]
[-0.47546040626297936, 0.03975058687941836]
[-0.47546040626297936, 0.03975058687941836]
[-0.47371536778423984, 0.03944834257829976]
[-0.47371536778423984, 0.03944834257829976]
[-0.47371536778423984, 0.03944834257829976]
[-0.47371536778423984, 0.03944834257829976]
[-0.47371536778423984, 0.03944834257829976]
[-0.47371536778423984, 0.03944834257829976]
[-0.47371536778423984, 0.03944834257829976]
[-0.47371536778423984, 0.03944834257829976]
[-0.4722702469376016, 0.03921599319754847]
[-0.4722702469376016, 0.03921599319754847]
[-0.4722702469376016, 0.03921599319754847]
[-0.4722702469376016, 0.03921599319754847]
[-0.4722702469376016, 0.03921599319754847]
[-0.4722702469376016, 0.03921599319754847]
[-0.4722702469376016, 0.03921599319754847]
[-0.4722702469376016, 0.03921599319754847]
[-0.46997223329412735, 0.03884602603568387]
[-0.46997223329412735, 0.03884602603568387]
[-0.46997223329412735, 0.03884602603568387]
[-0.46997223329412735, 0.03884602603568387]
[-0.46997223329412735, 0.03884602603568387]
[-0.46997223329412735, 0.03884602603568387]
[-0.46997223329412735, 0.03884602603568387]
[-0.46997223329412735, 0.03884602603568387]
[-0.467454972814811, 0.03849395629097085]
[-0.467454972814811, 0.03849395629097085]
[-0.467454972814811, 0.03849395629097085]
[-0.467454972814811, 0.03849395629097085]
[-0.467454972814811, 0.03849395629097085]
[-0.467454972814811, 0.03849395629097085]
[-0.467454972814811, 0.03849395629097085]
[-0.467454972814811, 0.03849395629097085]
[-0.46529207897646324, 0.03816542043676394]
[-0.46529207897646324, 0.03816542043676394]
[-0.46529207897646324, 0.03816542043676394]
[-0.46529207897646324, 0.03816542043676394]
[-0.46529207897646324, 0.03816542043676394]
[-0.46529207897646324, 0.03816542043676394]
[-0.46529207897646324, 0.03816542043676394]
[-0.46529207897646324, 0.03816542043676394]
[-0.46260532571411095, 0.037739458251678765]
[-0.46260532571411095, 0.037739458251678765]
[-0.46260532571411095, 0.037739458251678765]
[-0.46260532571411095, 0.037739458251678765]
[-0.46260532571411095, 0.037739458251678765]
[-0.46260532571411095, 0.037739458251678765]
[-0.46260532571411095, 0.037739458251678765]
[-0.46260532571411095, 0.037739458251678765]
[-0.46045437752787677, 0.03740630279661148]
[-0.46045437752787677, 0.03740630279661148]
[-0.46045437752787677, 0.03740630279661148]
[-0.46045437752787677, 0.03740630279661148]
[-0.46045437752787677, 0.03740630279661148]
[-0.46045437752787677, 0.03740630279661148]
[-0.46045437752787677, 0.03740630279661148]
[-0.46045437752787677, 0.03740630279661148]
[-0.4591052284409945, 0.03717953254542255]
[-0.4591052284409945, 0.03717953254542255]
[-0.4591052284409945, 0.03717953254542255]
[-0.4591052284409945, 0.03717953254542255]
[-0.4591052284409945, 0.03717953254542255]
[-0.4591052284409945, 0.03717953254542255]
[-0.4591052284409945, 0.03717953254542255]
[-0.4591052284409945, 0.03717953254542255]
[-0.45732311781285506, 0.03686678121200003]
[-0.45732311781285506, 0.03686678121200003]
[-0.45732311781285506, 0.03686678121200003]
[-0.45732311781285506, 0.03686678121200003]
[-0.45732311781285506, 0.03686678121200003]
[-0.45732311781285506, 0.03686678121200003]
[-0.45732311781285506, 0.03686678121200003]
[-0.45732311781285506, 0.03686678121200003]
[-0.455014787005223, 0.03648357125220038]
[-0.455014787005223, 0.03648357125220038]
[-0.455014787005223, 0.03648357125220038]
[-0.455014787005223, 0.03648357125220038]
[-0.455014787005223, 0.03648357125220038]
[-0.455014787005223, 0.03648357125220038]
[-0.455014787005223, 0.03648357125220038]
[-0.455014787005223, 0.03648357125220038]
[-0.4526004810751077, 0.03606111140871995]
[-0.4526004810751077, 0.03606111140871995]
[-0.4526004810751077, 0.03606111140871995]
[-0.4526004810751077, 0.03606111140871995]
[-0.4526004810751077, 0.03606111140871995]
[-0.4526004810751077, 0.03606111140871995]
[-0.4526004810751077, 0.03606111140871995]
[-0.4526004810751077, 0.03606111140871995]
[-0.45008914303348435, 0.03561675657036124]
[-0.45008914303348435, 0.03561675657036124]
[-0.45008914303348435, 0.03561675657036124]
[-0.45008914303348435, 0.03561675657036124]
[-0.45008914303348435, 0.03561675657036124]
[-0.45008914303348435, 0.03561675657036124]
[-0.45008914303348435, 0.03561675657036124]
[-0.45008914303348435, 0.03561675657036124]
[-0.44789939962087866, 0.03524378141200933]
[-0.44789939962087866, 0.03524378141200933]
[-0.44789939962087866, 0.03524378141200933]
[-0.44789939962087866, 0.03524378141200933]
[-0.44789939962087866, 0.03524378141200933]
[-0.44789939962087866, 0.03524378141200933]
[-0.44789939962087866, 0.03524378141200933]
[-0.44789939962087866, 0.03524378141200933]
[-0.44528041603196633, 0.0348442725291357]
[-0.44528041603196633, 0.0348442725291357]
[-0.44528041603196633, 0.0348442725291357]
[-0.44528041603196633, 0.0348442725291357]
[-0.44528041603196633, 0.0348442725291357]
[-0.44528041603196633, 0.0348442725291357]
[-0.44528041603196633, 0.0348442725291357]
[-0.44528041603196633, 0.0348442725291357]
[-0.4427586884431247, 0.03446183866746915]
[-0.4427586884431247, 0.03446183866746915]
[-0.4427586884431247, 0.03446183866746915]
[-0.4427586884431247, 0.03446183866746915]
[-0.4427586884431247, 0.03446183866746915]
[-0.4427586884431247, 0.03446183866746915]
[-0.4427586884431247, 0.03446183866746915]
[-0.4427586884431247, 0.03446183866746915]
[-0.43962903172076223, 0.033991679360551336]
[-0.43962903172076223, 0.033991679360551336]
[-0.43962903172076223, 0.033991679360551336]
[-0.43962903172076223, 0.033991679360551336]
[-0.43962903172076223, 0.033991679360551336]
[-0.43962903172076223, 0.033991679360551336]
[-0.43962903172076223, 0.033991679360551336]
[-0.43962903172076223, 0.033991679360551336]
[-0.43728283738107304, 0.033682359926217154]
[-0.43728283738107304, 0.033682359926217154]
[-0.43728283738107304, 0.033682359926217154]
[-0.43728283738107304, 0.033682359926217154]
[-0.43728283738107304, 0.033682359926217154]
[-0.43728283738107304, 0.033682359926217154]
[-0.43728283738107304, 0.033682359926217154]
[-0.43728283738107304, 0.033682359926217154]
[-0.43446559164615556, 0.03330405261008056]
[-0.43446559164615556, 0.03330405261008056]
[-0.43446559164615556, 0.03330405261008056]
[-0.43446559164615556, 0.03330405261008056]
[-0.43446559164615556, 0.03330405261008056]
[-0.43446559164615556, 0.03330405261008056]
[-0.43446559164615556, 0.03330405261008056]
[-0.43446559164615556, 0.03330405261008056]
[-0.43153029786220515, 0.032944862346552965]
[-0.43153029786220515, 0.032944862346552965]
[-0.43153029786220515, 0.032944862346552965]
[-0.43153029786220515, 0.032944862346552965]
[-0.43153029786220515, 0.032944862346552965]
[-0.43153029786220515, 0.032944862346552965]
[-0.43153029786220515, 0.032944862346552965]
[-0.43153029786220515, 0.032944862346552965]
[-0.4292056875969325, 0.03267177805709122]
[-0.4292056875969325, 0.03267177805709122]
[-0.4292056875969325, 0.03267177805709122]
[-0.4292056875969325, 0.03267177805709122]
[-0.4292056875969325, 0.03267177805709122]
[-0.4292056875969325, 0.03267177805709122]
[-0.4292056875969325, 0.03267177805709122]
[-0.4292056875969325, 0.03267177805709122]
[-0.4273944248401261, 0.032453190727972196]
[-0.4273944248401261, 0.032453190727972196]
[-0.4273944248401261, 0.032453190727972196]
[-0.4273944248401261, 0.032453190727972196]
[-0.4273944248401261, 0.032453190727972196]
[-0.4273944248401261, 0.032453190727972196]
[-0.4273944248401261, 0.032453190727972196]
[-0.4273944248401261, 0.032453190727972196]
[-0.4248822094837181, 0.03216674965144719]
[-0.4248822094837181, 0.03216674965144719]
[-0.4248822094837181, 0.03216674965144719]
[-0.4248822094837181, 0.03216674965144719]
[-0.4248822094837181, 0.03216674965144719]
[-0.4248822094837181, 0.03216674965144719]
[-0.4248822094837181, 0.03216674965144719]
[-0.4248822094837181, 0.03216674965144719]
[-0.42249150622915604, 0.03188524530255169]
[-0.42249150622915604, 0.03188524530255169]
[-0.42249150622915604, 0.03188524530255169]
[-0.42249150622915604, 0.03188524530255169]
[-0.42249150622915604, 0.03188524530255169]
[-0.42249150622915604, 0.03188524530255169]
[-0.42249150622915604, 0.03188524530255169]
[-0.42249150622915604, 0.03188524530255169]
[-0.4195169907773506, 0.03151145474105155]
[-0.4195169907773506, 0.03151145474105155]
[-0.4195169907773506, 0.03151145474105155]
[-0.4195169907773506, 0.03151145474105155]
[-0.4195169907773506, 0.03151145474105155]
[-0.4195169907773506, 0.03151145474105155]
[-0.4195169907773506, 0.03151145474105155]
[-0.4195169907773506, 0.03151145474105155]
[-0.41750884117164366, 0.03127547782121748]
[-0.41750884117164366, 0.03127547782121748]
[-0.41750884117164366, 0.03127547782121748]
[-0.41750884117164366, 0.03127547782121748]
[-0.41750884117164366, 0.03127547782121748]
[-0.41750884117164366, 0.03127547782121748]
[-0.41750884117164366, 0.03127547782121748]
[-0.41750884117164366, 0.03127547782121748]
[-0.41514275900220854, 0.03094492141899944]
[-0.41514275900220854, 0.03094492141899944]
[-0.41514275900220854, 0.03094492141899944]
[-0.41514275900220854, 0.03094492141899944]
[-0.41514275900220854, 0.03094492141899944]
[-0.41514275900220854, 0.03094492141899944]
[-0.41514275900220854, 0.03094492141899944]
[-0.41514275900220854, 0.03094492141899944]
[-0.41301445250507957, 0.030620143249235218]
[-0.41301445250507957, 0.030620143249235218]
[-0.41301445250507957, 0.030620143249235218]
[-0.41301445250507957, 0.030620143249235218]
[-0.41301445250507957, 0.030620143249235218]
[-0.41301445250507957, 0.030620143249235218]
[-0.41301445250507957, 0.030620143249235218]
[-0.41301445250507957, 0.030620143249235218]
[-0.410649900663694, 0.03023354612696702]
[-0.410649900663694, 0.03023354612696702]
[-0.410649900663694, 0.03023354612696702]
[-0.410649900663694, 0.03023354612696702]
[-0.410649900663694, 0.03023354612696702]
[-0.410649900663694, 0.03023354612696702]
[-0.410649900663694, 0.03023354612696702]
[-0.410649900663694, 0.03023354612696702]
[-0.4089053394921121, 0.02995028437483409]
[-0.4089053394921121, 0.02995028437483409]
[-0.4089053394921121, 0.02995028437483409]
[-0.4089053394921121, 0.02995028437483409]
[-0.4089053394921121, 0.02995028437483409]
[-0.4089053394921121, 0.02995028437483409]
[-0.4089053394921121, 0.02995028437483409]
[-0.4089053394921121, 0.02995028437483409]
[-0.40629191020065614, 0.029547240255102906]
[-0.40629191020065614, 0.029547240255102906]
[-0.40629191020065614, 0.029547240255102906]
[-0.40629191020065614, 0.029547240255102906]
[-0.40629191020065614, 0.029547240255102906]
[-0.40629191020065614, 0.029547240255102906]
[-0.40629191020065614, 0.029547240255102906]
[-0.40629191020065614, 0.029547240255102906]
[-0.40393546978711026, 0.02918770191294802]
[-0.40393546978711026, 0.02918770191294802]
[-0.40393546978711026, 0.02918770191294802]
[-0.40393546978711026, 0.02918770191294802]
[-0.40393546978711026, 0.02918770191294802]
[-0.40393546978711026, 0.02918770191294802]
[-0.40393546978711026, 0.02918770191294802]
[-0.40393546978711026, 0.02918770191294802]
[-0.4017822266630942, 0.028846014904359746]
[-0.4017822266630942, 0.028846014904359746]
[-0.4017822266630942, 0.028846014904359746]
[-0.4017822266630942, 0.028846014904359746]
[-0.4017822266630942, 0.028846014904359746]
[-0.4017822266630942, 0.028846014904359746]
[-0.4017822266630942, 0.028846014904359746]
[-0.4017822266630942, 0.028846014904359746]
[-0.3993585327821441, 0.02850835570766565]
[-0.3993585327821441, 0.02850835570766565]
[-0.3993585327821441, 0.02850835570766565]
[-0.3993585327821441, 0.02850835570766565]
[-0.3993585327821441, 0.02850835570766565]
[-0.3993585327821441, 0.02850835570766565]
[-0.3993585327821441, 0.02850835570766565]
[-0.3993585327821441, 0.02850835570766565]
[-0.3970451966430598, 0.028166557641187195]
[-0.3970451966430598, 0.028166557641187195]
[-0.3970451966430598, 0.028166557641187195]
[-0.3970451966430598, 0.028166557641187195]
[-0.3970451966430598, 0.028166557641187195]
[-0.3970451966430598, 0.028166557641187195]
[-0.3970451966430598, 0.028166557641187195]
[-0.3970451966430598, 0.028166557641187195]
[-0.3948030217339548, 0.02781648397553966]
[-0.3948030217339548, 0.02781648397553966]
[-0.3948030217339548, 0.02781648397553966]
[-0.3948030217339548, 0.02781648397553966]
[-0.3948030217339548, 0.02781648397553966]
[-0.3948030217339548, 0.02781648397553966]
[-0.3948030217339548, 0.02781648397553966]
[-0.3948030217339548, 0.02781648397553966]
[-0.393104311409191, 0.027537837666941307]
[-0.393104311409191, 0.027537837666941307]
[-0.393104311409191, 0.027537837666941307]
[-0.393104311409191, 0.027537837666941307]
[-0.393104311409191, 0.027537837666941307]
[-0.393104311409191, 0.027537837666941307]
[-0.393104311409191, 0.027537837666941307]
[-0.393104311409191, 0.027537837666941307]
[-0.3909359289212462, 0.02720924752174916]
[-0.3909359289212462, 0.02720924752174916]
[-0.3909359289212462, 0.02720924752174916]
[-0.3909359289212462, 0.02720924752174916]
[-0.3909359289212462, 0.02720924752174916]
[-0.3909359289212462, 0.02720924752174916]
[-0.3909359289212462, 0.02720924752174916]
[-0.3909359289212462, 0.02720924752174916]
[-0.38861070761455935, 0.02687691253553711]
[-0.38861070761455935, 0.02687691253553711]
[-0.38861070761455935, 0.02687691253553711]
[-0.38861070761455935, 0.02687691253553711]
[-0.38861070761455935, 0.02687691253553711]
[-0.38861070761455935, 0.02687691253553711]
[-0.38861070761455935, 0.02687691253553711]
[-0.38861070761455935, 0.02687691253553711]
[-0.3865609590154522, 0.026558115598469666]
[-0.3865609590154522, 0.026558115598469666]
[-0.3865609590154522, 0.026558115598469666]
[-0.3865609590154522, 0.026558115598469666]
[-0.3865609590154522, 0.026558115598469666]
[-0.3865609590154522, 0.026558115598469666]
[-0.3865609590154522, 0.026558115598469666]
[-0.3865609590154522, 0.026558115598469666]
[-0.3843751051511625, 0.026186621587030483]
[-0.3843751051511625, 0.026186621587030483]
[-0.3843751051511625, 0.026186621587030483]
[-0.3843751051511625, 0.026186621587030483]
[-0.3843751051511625, 0.026186621587030483]
[-0.3843751051511625, 0.026186621587030483]
[-0.3843751051511625, 0.026186621587030483]
[-0.3843751051511625, 0.026186621587030483]
[-0.38229954958772777, 0.025811797848415405]
[-0.38229954958772777, 0.025811797848415405]
[-0.38229954958772777, 0.025811797848415405]
[-0.38229954958772777, 0.025811797848415405]
[-0.38229954958772777, 0.025811797848415405]
[-0.38229954958772777, 0.025811797848415405]
[-0.38229954958772777, 0.025811797848415405]
[-0.38229954958772777, 0.025811797848415405]
[-0.38079805989968846, 0.025523981349233903]
[-0.38079805989968846, 0.025523981349233903]
[-0.38079805989968846, 0.025523981349233903]
[-0.38079805989968846, 0.025523981349233903]
[-0.38079805989968846, 0.025523981349233903]
[-0.38079805989968846, 0.025523981349233903]
[-0.38079805989968846, 0.025523981349233903]
[-0.38079805989968846, 0.025523981349233903]
[-0.37872154700668825, 0.025132849977556406]
[-0.37872154700668825, 0.025132849977556406]
[-0.37872154700668825, 0.025132849977556406]
[-0.37872154700668825, 0.025132849977556406]
[-0.37872154700668825, 0.025132849977556406]
[-0.37872154700668825, 0.025132849977556406]
[-0.37872154700668825, 0.025132849977556406]
[-0.37872154700668825, 0.025132849977556406]
[-0.37703151067537544, 0.02485678539671077]
[-0.37703151067537544, 0.02485678539671077]
[-0.37703151067537544, 0.02485678539671077]
[-0.37703151067537544, 0.02485678539671077]
[-0.37703151067537544, 0.02485678539671077]
[-0.37703151067537544, 0.02485678539671077]
[-0.37703151067537544, 0.02485678539671077]
[-0.37703151067537544, 0.02485678539671077]
[-0.37564248207026607, 0.024638756678908243]
[-0.37564248207026607, 0.024638756678908243]
[-0.37564248207026607, 0.024638756678908243]
[-0.37564248207026607, 0.024638756678908243]
[-0.37564248207026607, 0.024638756678908243]
[-0.37564248207026607, 0.024638756678908243]
[-0.37564248207026607, 0.024638756678908243]
[-0.37564248207026607, 0.024638756678908243]
[-0.3735420039774412, 0.024284955110012846]
[-0.3735420039774412, 0.024284955110012846]
[-0.3735420039774412, 0.024284955110012846]
[-0.3735420039774412, 0.024284955110012846]
[-0.3735420039774412, 0.024284955110012846]
[-0.3735420039774412, 0.024284955110012846]
[-0.3735420039774412, 0.024284955110012846]
[-0.3735420039774412, 0.024284955110012846]
[-0.37145937106004157, 0.023935540552912256]
[-0.37145937106004157, 0.023935540552912256]
[-0.37145937106004157, 0.023935540552912256]
[-0.37145937106004157, 0.023935540552912256]
[-0.37145937106004157, 0.023935540552912256]
[-0.37145937106004157, 0.023935540552912256]
[-0.37145937106004157, 0.023935540552912256]
[-0.37145937106004157, 0.023935540552912256]
[-0.3686518244622383, 0.02352155983399969]
[-0.3686518244622383, 0.02352155983399969]
[-0.3686518244622383, 0.02352155983399969]
[-0.3686518244622383, 0.02352155983399969]
[-0.3686518244622383, 0.02352155983399969]
[-0.3686518244622383, 0.02352155983399969]
[-0.3686518244622383, 0.02352155983399969]
[-0.3686518244622383, 0.02352155983399969]
[-0.36646999213906967, 0.023214246212591213]
[-0.36646999213906967, 0.023214246212591213]
[-0.36646999213906967, 0.023214246212591213]
[-0.36646999213906967, 0.023214246212591213]
[-0.36646999213906967, 0.023214246212591213]
[-0.36646999213906967, 0.023214246212591213]
[-0.36646999213906967, 0.023214246212591213]
[-0.36646999213906967, 0.023214246212591213]
[-0.3643859592164188, 0.022899942570566136]
[-0.3643859592164188, 0.022899942570566136]
[-0.3643859592164188, 0.022899942570566136]
[-0.3643859592164188, 0.022899942570566136]
[-0.3643859592164188, 0.022899942570566136]
[-0.3643859592164188, 0.022899942570566136]
[-0.3643859592164188, 0.022899942570566136]
[-0.3643859592164188, 0.022899942570566136]
[-0.362554384180893, 0.022601575253591393]
[-0.362554384180893, 0.022601575253591393]
[-0.362554384180893, 0.022601575253591393]
[-0.362554384180893, 0.022601575253591393]
[-0.362554384180893, 0.022601575253591393]
[-0.362554384180893, 0.022601575253591393]
[-0.362554384180893, 0.022601575253591393]
[-0.362554384180893, 0.022601575253591393]
[-0.36058322757169287, 0.022302511169708085]
[-0.36058322757169287, 0.022302511169708085]
[-0.36058322757169287, 0.022302511169708085]
[-0.36058322757169287, 0.022302511169708085]
[-0.36058322757169287, 0.022302511169708085]
[-0.36058322757169287, 0.022302511169708085]
[-0.36058322757169287, 0.022302511169708085]
[-0.36058322757169287, 0.022302511169708085]
[-0.35854534111890796, 0.022036539100505865]
[-0.35854534111890796, 0.022036539100505865]
[-0.35854534111890796, 0.022036539100505865]
[-0.35854534111890796, 0.022036539100505865]
[-0.35854534111890796, 0.022036539100505865]
[-0.35854534111890796, 0.022036539100505865]
[-0.35854534111890796, 0.022036539100505865]
[-0.35854534111890796, 0.022036539100505865]
[-0.35610703829698503, 0.021757681625304927]
[-0.35610703829698503, 0.021757681625304927]
[-0.35610703829698503, 0.021757681625304927]
[-0.35610703829698503, 0.021757681625304927]
[-0.35610703829698503, 0.021757681625304927]
[-0.35610703829698503, 0.021757681625304927]
[-0.35610703829698503, 0.021757681625304927]
[-0.35610703829698503, 0.021757681625304927]
[-0.35422837023230563, 0.021524004580847224]
[-0.35422837023230563, 0.021524004580847224]
[-0.35422837023230563, 0.021524004580847224]
[-0.35422837023230563, 0.021524004580847224]
[-0.35422837023230563, 0.021524004580847224]
[-0.35422837023230563, 0.021524004580847224]
[-0.35422837023230563, 0.021524004580847224]
[-0.35422837023230563, 0.021524004580847224]
[-0.3521711236356245, 0.021230385717025922]
[-0.3521711236356245, 0.021230385717025922]
[-0.3521711236356245, 0.021230385717025922]
[-0.3521711236356245, 0.021230385717025922]
[-0.3521711236356245, 0.021230385717025922]
[-0.3521711236356245, 0.021230385717025922]
[-0.3521711236356245, 0.021230385717025922]
[-0.3521711236356245, 0.021230385717025922]
[-0.3503608762107668, 0.02093867744463093]
[-0.3503608762107668, 0.02093867744463093]
[-0.3503608762107668, 0.02093867744463093]
[-0.3503608762107668, 0.02093867744463093]
[-0.3503608762107668, 0.02093867744463093]
[-0.3503608762107668, 0.02093867744463093]
[-0.3503608762107668, 0.02093867744463093]
[-0.3503608762107668, 0.02093867744463093]
[-0.3481939232306554, 0.020565343733214864]
[-0.3481939232306554, 0.020565343733214864]
[-0.3481939232306554, 0.020565343733214864]
[-0.3481939232306554, 0.020565343733214864]
[-0.3481939232306554, 0.020565343733214864]
[-0.3481939232306554, 0.020565343733214864]
[-0.3481939232306554, 0.020565343733214864]
[-0.3481939232306554, 0.020565343733214864]
[-0.3457389206961291, 0.020205458672202588]
[-0.3457389206961291, 0.020205458672202588]
[-0.3457389206961291, 0.020205458672202588]
[-0.3457389206961291, 0.020205458672202588]
[-0.3457389206961291, 0.020205458672202588]
[-0.3457389206961291, 0.020205458672202588]
[-0.3457389206961291, 0.020205458672202588]
[-0.3457389206961291, 0.020205458672202588]
[-0.3440537555201636, 0.01996056709881774]
[-0.3440537555201636, 0.01996056709881774]
[-0.3440537555201636, 0.01996056709881774]
[-0.3440537555201636, 0.01996056709881774]
[-0.3440537555201636, 0.01996056709881774]
[-0.3440537555201636, 0.01996056709881774]
[-0.3440537555201636, 0.01996056709881774]
[-0.3440537555201636, 0.01996056709881774]
[-0.3413987074800036, 0.019585857396907807]
[-0.3413987074800036, 0.019585857396907807]
[-0.3413987074800036, 0.019585857396907807]
[-0.3413987074800036, 0.019585857396907807]
[-0.3413987074800036, 0.019585857396907807]
[-0.3413987074800036, 0.019585857396907807]
[-0.3413987074800036, 0.019585857396907807]
[-0.3413987074800036, 0.019585857396907807]
[-0.33922440373476664, 0.019295538990465922]
[-0.33922440373476664, 0.019295538990465922]
[-0.33922440373476664, 0.019295538990465922]
[-0.33922440373476664, 0.019295538990465922]
[-0.33922440373476664, 0.019295538990465922]
[-0.33922440373476664, 0.019295538990465922]
[-0.33922440373476664, 0.019295538990465922]
[-0.33922440373476664, 0.019295538990465922]
[-0.3373147301404868, 0.019022225545234212]
[-0.3373147301404868, 0.019022225545234212]
[-0.3373147301404868, 0.019022225545234212]
[-0.3373147301404868, 0.019022225545234212]
[-0.3373147301404868, 0.019022225545234212]
[-0.3373147301404868, 0.019022225545234212]
[-0.3373147301404868, 0.019022225545234212]
[-0.3373147301404868, 0.019022225545234212]
[-0.3350504206958231, 0.018663355134787448]
[-0.3350504206958231, 0.018663355134787448]
[-0.3350504206958231, 0.018663355134787448]
[-0.3350504206958231, 0.018663355134787448]
[-0.3350504206958231, 0.018663355134787448]
[-0.3350504206958231, 0.018663355134787448]
[-0.3350504206958231, 0.018663355134787448]
[-0.3350504206958231, 0.018663355134787448]
[-0.33298883022573983, 0.018316395502232168]
[-0.33298883022573983, 0.018316395502232168]
[-0.33298883022573983, 0.018316395502232168]
[-0.33298883022573983, 0.018316395502232168]
[-0.33298883022573983, 0.018316395502232168]
[-0.33298883022573983, 0.018316395502232168]
[-0.33298883022573983, 0.018316395502232168]
[-0.33298883022573983, 0.018316395502232168]
[-0.3314981753406462, 0.018050272375062654]
[-0.3314981753406462, 0.018050272375062654]
[-0.3314981753406462, 0.018050272375062654]
[-0.3314981753406462, 0.018050272375062654]
[-0.3314981753406462, 0.018050272375062654]
[-0.3314981753406462, 0.018050272375062654]
[-0.3314981753406462, 0.018050272375062654]
[-0.3314981753406462, 0.018050272375062654]
[-0.32959785125425667, 0.01770038511963418]
[-0.32959785125425667, 0.01770038511963418]
[-0.32959785125425667, 0.01770038511963418]
[-0.32959785125425667, 0.01770038511963418]
[-0.32959785125425667, 0.01770038511963418]
[-0.32959785125425667, 0.01770038511963418]
[-0.32959785125425667, 0.01770038511963418]
[-0.32959785125425667, 0.01770038511963418]
[-0.3277027262102044, 0.0173309206313678]
[-0.3277027262102044, 0.0173309206313678]
[-0.3277027262102044, 0.0173309206313678]
[-0.3277027262102044, 0.0173309206313678]
[-0.3277027262102044, 0.0173309206313678]
[-0.3277027262102044, 0.0173309206313678]
[-0.3277027262102044, 0.0173309206313678]
[-0.3277027262102044, 0.0173309206313678]
[-0.32587715794090477, 0.016992672058653943]
[-0.32587715794090477, 0.016992672058653943]
[-0.32587715794090477, 0.016992672058653943]
[-0.32587715794090477, 0.016992672058653943]
[-0.32587715794090477, 0.016992672058653943]
[-0.32587715794090477, 0.016992672058653943]
[-0.32587715794090477, 0.016992672058653943]
[-0.32587715794090477, 0.016992672058653943]
[-0.3237474002311338, 0.016631061971297177]
[-0.3237474002311338, 0.016631061971297177]
[-0.3237474002311338, 0.016631061971297177]
[-0.3237474002311338, 0.016631061971297177]
[-0.3237474002311338, 0.016631061971297177]
[-0.3237474002311338, 0.016631061971297177]
[-0.3237474002311338, 0.016631061971297177]
[-0.3237474002311338, 0.016631061971297177]
[-0.32154269745236713, 0.016312876636412624]
[-0.32154269745236713, 0.016312876636412624]
[-0.32154269745236713, 0.016312876636412624]
[-0.32154269745236713, 0.016312876636412624]
[-0.32154269745236713, 0.016312876636412624]
[-0.32154269745236713, 0.016312876636412624]
[-0.32154269745236713, 0.016312876636412624]
[-0.32154269745236713, 0.016312876636412624]
[-0.31937553288325354, 0.016047943640381587]
[-0.31937553288325354, 0.016047943640381587]
[-0.31937553288325354, 0.016047943640381587]
[-0.31937553288325354, 0.016047943640381587]
[-0.31937553288325354, 0.016047943640381587]
[-0.31937553288325354, 0.016047943640381587]
[-0.31937553288325354, 0.016047943640381587]
[-0.31937553288325354, 0.016047943640381587]
[-0.31733259419394333, 0.0157733243548171]
[-0.31733259419394333, 0.0157733243548171]
[-0.31733259419394333, 0.0157733243548171]
[-0.31733259419394333, 0.0157733243548171]
[-0.31733259419394333, 0.0157733243548171]
[-0.31733259419394333, 0.0157733243548171]
[-0.31733259419394333, 0.0157733243548171]
[-0.31733259419394333, 0.0157733243548171]
[-0.31487451904472796, 0.015432088062390081]
[-0.31487451904472796, 0.015432088062390081]
[-0.31487451904472796, 0.015432088062390081]
[-0.31487451904472796, 0.015432088062390081]
[-0.31487451904472796, 0.015432088062390081]
[-0.31487451904472796, 0.015432088062390081]
[-0.31487451904472796, 0.015432088062390081]
[-0.31487451904472796, 0.015432088062390081]
[-0.312654521451397, 0.015122596717848562]
[-0.312654521451397, 0.015122596717848562]
[-0.312654521451397, 0.015122596717848562]
[-0.312654521451397, 0.015122596717848562]
[-0.312654521451397, 0.015122596717848562]
[-0.312654521451397, 0.015122596717848562]
[-0.312654521451397, 0.015122596717848562]
[-0.312654521451397, 0.015122596717848562]
[-0.3103804287295188, 0.014794712768223129]
[-0.3103804287295188, 0.014794712768223129]
[-0.3103804287295188, 0.014794712768223129]
[-0.3103804287295188, 0.014794712768223129]
[-0.3103804287295188, 0.014794712768223129]
[-0.3103804287295188, 0.014794712768223129]
[-0.3103804287295188, 0.014794712768223129]
[-0.3103804287295188, 0.014794712768223129]
[-0.30816035636659045, 0.014466861455520634]
[-0.30816035636659045, 0.014466861455520634]
[-0.30816035636659045, 0.014466861455520634]
[-0.30816035636659045, 0.014466861455520634]
[-0.30816035636659045, 0.014466861455520634]
[-0.30816035636659045, 0.014466861455520634]
[-0.30816035636659045, 0.014466861455520634]
[-0.30816035636659045, 0.014466861455520634]
[-0.3057594631834206, 0.014109183946638225]
[-0.3057594631834206, 0.014109183946638225]
[-0.3057594631834206, 0.014109183946638225]
[-0.3057594631834206, 0.014109183946638225]
[-0.3057594631834206, 0.014109183946638225]
[-0.3057594631834206, 0.014109183946638225]
[-0.3057594631834206, 0.014109183946638225]
[-0.3057594631834206, 0.014109183946638225]
[-0.30385982255011285, 0.013831933594075505]
[-0.30385982255011285, 0.013831933594075505]
[-0.30385982255011285, 0.013831933594075505]
[-0.30385982255011285, 0.013831933594075505]
[-0.30385982255011285, 0.013831933594075505]
[-0.30385982255011285, 0.013831933594075505]
[-0.30385982255011285, 0.013831933594075505]
[-0.30385982255011285, 0.013831933594075505]
[-0.3020944192915317, 0.013590781461706124]
[-0.3020944192915317, 0.013590781461706124]
[-0.3020944192915317, 0.013590781461706124]
[-0.3020944192915317, 0.013590781461706124]
[-0.3020944192915317, 0.013590781461706124]
[-0.3020944192915317, 0.013590781461706124]
[-0.3020944192915317, 0.013590781461706124]
[-0.3020944192915317, 0.013590781461706124]
[-0.30038056302296523, 0.013373244078406342]
[-0.30038056302296523, 0.013373244078406342]
[-0.30038056302296523, 0.013373244078406342]
[-0.30038056302296523, 0.013373244078406342]
[-0.30038056302296523, 0.013373244078406342]
[-0.30038056302296523, 0.013373244078406342]
[-0.30038056302296523, 0.013373244078406342]
[-0.30038056302296523, 0.013373244078406342]
[-0.29805401564753037, 0.013083032707695967]
[-0.29805401564753037, 0.013083032707695967]
[-0.29805401564753037, 0.013083032707695967]
[-0.29805401564753037, 0.013083032707695967]
[-0.29805401564753037, 0.013083032707695967]
[-0.29805401564753037, 0.013083032707695967]
[-0.29805401564753037, 0.013083032707695967]
[-0.29805401564753037, 0.013083032707695967]
[-0.2958718647538168, 0.012799791596157623]
[-0.2958718647538168, 0.012799791596157623]
[-0.2958718647538168, 0.012799791596157623]
[-0.2958718647538168, 0.012799791596157623]
[-0.2958718647538168, 0.012799791596157623]
[-0.2958718647538168, 0.012799791596157623]
[-0.2958718647538168, 0.012799791596157623]
[-0.2958718647538168, 0.012799791596157623]
[-0.29352725887851133, 0.012481111083082919]
[-0.29352725887851133, 0.012481111083082919]
[-0.29352725887851133, 0.012481111083082919]
[-0.29352725887851133, 0.012481111083082919]
[-0.29352725887851133, 0.012481111083082919]
[-0.29352725887851133, 0.012481111083082919]
[-0.29352725887851133, 0.012481111083082919]
[-0.29352725887851133, 0.012481111083082919]
[-0.29143182455605937, 0.012185295838210201]
[-0.29143182455605937, 0.012185295838210201]
[-0.29143182455605937, 0.012185295838210201]
[-0.29143182455605937, 0.012185295838210201]
[-0.29143182455605937, 0.012185295838210201]
[-0.29143182455605937, 0.012185295838210201]
[-0.29143182455605937, 0.012185295838210201]
[-0.29143182455605937, 0.012185295838210201]
[-0.2892099639678553, 0.011851196659370027]
[-0.2892099639678553, 0.011851196659370027]
[-0.2892099639678553, 0.011851196659370027]
[-0.2892099639678553, 0.011851196659370027]
[-0.2892099639678553, 0.011851196659370027]
[-0.2892099639678553, 0.011851196659370027]
[-0.2892099639678553, 0.011851196659370027]
[-0.2892099639678553, 0.011851196659370027]
[-0.28735566010951485, 0.011559221799167517]
[-0.28735566010951485, 0.011559221799167517]
[-0.28735566010951485, 0.011559221799167517]
[-0.28735566010951485, 0.011559221799167517]
[-0.28735566010951485, 0.011559221799167517]
[-0.28735566010951485, 0.011559221799167517]
[-0.28735566010951485, 0.011559221799167517]
[-0.28735566010951485, 0.011559221799167517]
[-0.2854441762755435, 0.011274142882775897]
[-0.2854441762755435, 0.011274142882775897]
[-0.2854441762755435, 0.011274142882775897]
[-0.2854441762755435, 0.011274142882775897]
[-0.2854441762755435, 0.011274142882775897]
[-0.2854441762755435, 0.011274142882775897]
[-0.2854441762755435, 0.011274142882775897]
[-0.2854441762755435, 0.011274142882775897]
[-0.28342857126808035, 0.011002579532434803]
[-0.28342857126808035, 0.011002579532434803]
[-0.28342857126808035, 0.011002579532434803]
[-0.28342857126808035, 0.011002579532434803]
[-0.28342857126808035, 0.011002579532434803]
[-0.28342857126808035, 0.011002579532434803]
[-0.28342857126808035, 0.011002579532434803]
[-0.28342857126808035, 0.011002579532434803]
[-0.28117567352228545, 0.01066299009249804]
[-0.28117567352228545, 0.01066299009249804]
[-0.28117567352228545, 0.01066299009249804]
[-0.28117567352228545, 0.01066299009249804]
[-0.28117567352228545, 0.01066299009249804]
[-0.28117567352228545, 0.01066299009249804]
[-0.28117567352228545, 0.01066299009249804]
[-0.28117567352228545, 0.01066299009249804]
[-0.27902490602701785, 0.01032113406712288]
[-0.27902490602701785, 0.01032113406712288]
[-0.27902490602701785, 0.01032113406712288]
[-0.27902490602701785, 0.01032113406712288]
[-0.27902490602701785, 0.01032113406712288]
[-0.27902490602701785, 0.01032113406712288]
[-0.27902490602701785, 0.01032113406712288]
[-0.27902490602701785, 0.01032113406712288]
[-0.27689271197919246, 0.009966736257106201]
[-0.27689271197919246, 0.009966736257106201]
[-0.27689271197919246, 0.009966736257106201]
[-0.27689271197919246, 0.009966736257106201]
[-0.27689271197919246, 0.009966736257106201]
[-0.27689271197919246, 0.009966736257106201]
[-0.27689271197919246, 0.009966736257106201]
[-0.27689271197919246, 0.009966736257106201]
[-0.2745982476724836, 0.009572301090581312]
[-0.2745982476724836, 0.009572301090581312]
[-0.2745982476724836, 0.009572301090581312]
[-0.2745982476724836, 0.009572301090581312]
[-0.2745982476724836, 0.009572301090581312]
[-0.2745982476724836, 0.009572301090581312]
[-0.2745982476724836, 0.009572301090581312]
[-0.2745982476724836, 0.009572301090581312]
[-0.27207660943233536, 0.009140157614642196]
[-0.27207660943233536, 0.009140157614642196]
[-0.27207660943233536, 0.009140157614642196]
[-0.27207660943233536, 0.009140157614642196]
[-0.27207660943233536, 0.009140157614642196]
[-0.27207660943233536, 0.009140157614642196]
[-0.27207660943233536, 0.009140157614642196]
[-0.27207660943233536, 0.009140157614642196]
[-0.27052480521784616, 0.008886858134344625]
[-0.27052480521784616, 0.008886858134344625]
[-0.27052480521784616, 0.008886858134344625]
[-0.27052480521784616, 0.008886858134344625]
[-0.27052480521784616, 0.008886858134344625]
[-0.27052480521784616, 0.008886858134344625]
[-0.27052480521784616, 0.008886858134344625]
[-0.27052480521784616, 0.008886858134344625]
[-0.26831810522445126, 0.008536258510975576]
[-0.26831810522445126, 0.008536258510975576]
[-0.26831810522445126, 0.008536258510975576]
[-0.26831810522445126, 0.008536258510975576]
[-0.26831810522445126, 0.008536258510975576]
[-0.26831810522445126, 0.008536258510975576]
[-0.26831810522445126, 0.008536258510975576]
[-0.26831810522445126, 0.008536258510975576]
[-0.2662758652288673, 0.008205553972856914]
[-0.2662758652288673, 0.008205553972856914]
[-0.2662758652288673, 0.008205553972856914]
[-0.2662758652288673, 0.008205553972856914]
[-0.2662758652288673, 0.008205553972856914]
[-0.2662758652288673, 0.008205553972856914]
[-0.2662758652288673, 0.008205553972856914]
[-0.2662758652288673, 0.008205553972856914]
[-0.26377700257033937, 0.007773235053182423]
[-0.26377700257033937, 0.007773235053182423]
[-0.26377700257033937, 0.007773235053182423]
[-0.26377700257033937, 0.007773235053182423]
[-0.26377700257033937, 0.007773235053182423]
[-0.26377700257033937, 0.007773235053182423]
[-0.26377700257033937, 0.007773235053182423]
[-0.26377700257033937, 0.007773235053182423]
[-0.2615412577636785, 0.007396024418316111]
[-0.2615412577636785, 0.007396024418316111]
[-0.2615412577636785, 0.007396024418316111]
[-0.2615412577636785, 0.007396024418316111]
[-0.2615412577636785, 0.007396024418316111]
[-0.2615412577636785, 0.007396024418316111]
[-0.2615412577636785, 0.007396024418316111]
[-0.2615412577636785, 0.007396024418316111]
[-0.26000296959115976, 0.007130381342953105]
[-0.26000296959115976, 0.007130381342953105]
[-0.26000296959115976, 0.007130381342953105]
[-0.26000296959115976, 0.007130381342953105]
[-0.26000296959115976, 0.007130381342953105]
[-0.26000296959115976, 0.007130381342953105]
[-0.26000296959115976, 0.007130381342953105]
[-0.26000296959115976, 0.007130381342953105]
[-0.2579643997149569, 0.006770101842036478]
[-0.2579643997149569, 0.006770101842036478]
[-0.2579643997149569, 0.006770101842036478]
[-0.2579643997149569, 0.006770101842036478]
[-0.2579643997149569, 0.006770101842036478]
[-0.2579643997149569, 0.006770101842036478]
[-0.2579643997149569, 0.006770101842036478]
[-0.2579643997149569, 0.006770101842036478]
[-0.2560274557729672, 0.006441426703328024]
[-0.2560274557729672, 0.006441426703328024]
[-0.2560274557729672, 0.006441426703328024]
[-0.2560274557729672, 0.006441426703328024]
[-0.2560274557729672, 0.006441426703328024]
[-0.2560274557729672, 0.006441426703328024]
[-0.2560274557729672, 0.006441426703328024]
[-0.2560274557729672, 0.006441426703328024]
[-0.25354410918722226, 0.006053417175022132]
[-0.25354410918722226, 0.006053417175022132]
[-0.25354410918722226, 0.006053417175022132]
[-0.25354410918722226, 0.006053417175022132]
[-0.25354410918722226, 0.006053417175022132]
[-0.25354410918722226, 0.006053417175022132]
[-0.25354410918722226, 0.006053417175022132]
[-0.25354410918722226, 0.006053417175022132]
[-0.25163490575243475, 0.005762765463614686]
[-0.25163490575243475, 0.005762765463614686]
[-0.25163490575243475, 0.005762765463614686]
[-0.25163490575243475, 0.005762765463614686]
[-0.25163490575243475, 0.005762765463614686]
[-0.25163490575243475, 0.005762765463614686]
[-0.25163490575243475, 0.005762765463614686]
[-0.25163490575243475, 0.005762765463614686]
[-0.24975884136815452, 0.005457021258720614]
[-0.24975884136815452, 0.005457021258720614]
[-0.24975884136815452, 0.005457021258720614]
[-0.24975884136815452, 0.005457021258720614]
[-0.24975884136815452, 0.005457021258720614]
[-0.24975884136815452, 0.005457021258720614]
[-0.24975884136815452, 0.005457021258720614]
[-0.24975884136815452, 0.005457021258720614]
[-0.2475247524922601, 0.0051202333268120575]
[-0.2475247524922601, 0.0051202333268120575]
[-0.2475247524922601, 0.0051202333268120575]
[-0.2475247524922601, 0.0051202333268120575]
[-0.2475247524922601, 0.0051202333268120575]
[-0.2475247524922601, 0.0051202333268120575]
[-0.2475247524922601, 0.0051202333268120575]
[-0.2475247524922601, 0.0051202333268120575]
[-0.2457326486621015, 0.004855240252629574]
[-0.2457326486621015, 0.004855240252629574]
[-0.2457326486621015, 0.004855240252629574]
[-0.2457326486621015, 0.004855240252629574]
[-0.2457326486621015, 0.004855240252629574]
[-0.2457326486621015, 0.004855240252629574]
[-0.2457326486621015, 0.004855240252629574]
[-0.2457326486621015, 0.004855240252629574]
[-0.24340278239309399, 0.004465683630526362]
[-0.24340278239309399, 0.004465683630526362]
[-0.24340278239309399, 0.004465683630526362]
[-0.24340278239309399, 0.004465683630526362]
[-0.24340278239309399, 0.004465683630526362]
[-0.24340278239309399, 0.004465683630526362]
[-0.24340278239309399, 0.004465683630526362]
[-0.24340278239309399, 0.004465683630526362]
[-0.24109096364309499, 0.0040851761183869646]
[-0.24109096364309499, 0.0040851761183869646]
[-0.24109096364309499, 0.0040851761183869646]
[-0.24109096364309499, 0.0040851761183869646]
[-0.24109096364309499, 0.0040851761183869646]
[-0.24109096364309499, 0.0040851761183869646]
[-0.24109096364309499, 0.0040851761183869646]
[-0.24109096364309499, 0.0040851761183869646]
[-0.23897281284735852, 0.0037446465646228445]
[-0.23897281284735852, 0.0037446465646228445]
[-0.23897281284735852, 0.0037446465646228445]
[-0.23897281284735852, 0.0037446465646228445]
[-0.23897281284735852, 0.0037446465646228445]
[-0.23897281284735852, 0.0037446465646228445]
[-0.23897281284735852, 0.0037446465646228445]
[-0.23897281284735852, 0.0037446465646228445]
[-0.23713721219073428, 0.003455653245454422]
[-0.23713721219073428, 0.003455653245454422]
[-0.23713721219073428, 0.003455653245454422]
[-0.23713721219073428, 0.003455653245454422]
[-0.23713721219073428, 0.003455653245454422]
[-0.23713721219073428, 0.003455653245454422]
[-0.23713721219073428, 0.003455653245454422]
[-0.23713721219073428, 0.003455653245454422]
[-0.2349436404474896, 0.0031199023587891047]
[-0.2349436404474896, 0.0031199023587891047]
[-0.2349436404474896, 0.0031199023587891047]
[-0.2349436404474896, 0.0031199023587891047]
[-0.2349436404474896, 0.0031199023587891047]
[-0.2349436404474896, 0.0031199023587891047]
[-0.2349436404474896, 0.0031199023587891047]
[-0.2349436404474896, 0.0031199023587891047]
[-0.23267822620138456, 0.00277019344470168]
[-0.23267822620138456, 0.00277019344470168]
[-0.23267822620138456, 0.00277019344470168]
[-0.23267822620138456, 0.00277019344470168]
[-0.23267822620138456, 0.00277019344470168]
[-0.23267822620138456, 0.00277019344470168]
[-0.23267822620138456, 0.00277019344470168]
[-0.23267822620138456, 0.00277019344470168]
[-0.23092788680901127, 0.002503036628124976]
[-0.23092788680901127, 0.002503036628124976]
[-0.23092788680901127, 0.002503036628124976]
[-0.23092788680901127, 0.002503036628124976]
[-0.23092788680901127, 0.002503036628124976]
[-0.23092788680901127, 0.002503036628124976]
[-0.23092788680901127, 0.002503036628124976]
[-0.23092788680901127, 0.002503036628124976]
[-0.22852263340199275, 0.00214450761049289]
[-0.22852263340199275, 0.00214450761049289]
[-0.22852263340199275, 0.00214450761049289]
[-0.22852263340199275, 0.00214450761049289]
[-0.22852263340199275, 0.00214450761049289]
[-0.22852263340199275, 0.00214450761049289]
[-0.22852263340199275, 0.00214450761049289]
[-0.22852263340199275, 0.00214450761049289]
[-0.22630866664256497, 0.001833326260931292]
[-0.22630866664256497, 0.001833326260931292]
[-0.22630866664256497, 0.001833326260931292]
[-0.22630866664256497, 0.001833326260931292]
[-0.22630866664256497, 0.001833326260931292]
[-0.22630866664256497, 0.001833326260931292]
[-0.22630866664256497, 0.001833326260931292]
[-0.22630866664256497, 0.001833326260931292]
[-0.22440640502081516, 0.0015645419847543501]
[-0.22440640502081516, 0.0015645419847543501]
[-0.22440640502081516, 0.0015645419847543501]
[-0.22440640502081516, 0.0015645419847543501]
[-0.22440640502081516, 0.0015645419847543501]
[-0.22440640502081516, 0.0015645419847543501]
[-0.22440640502081516, 0.0015645419847543501]
[-0.22440640502081516, 0.0015645419847543501]
[-0.2221280753226591, 0.0012235150913243542]
[-0.2221280753226591, 0.0012235150913243542]
[-0.2221280753226591, 0.0012235150913243542]
[-0.2221280753226591, 0.0012235150913243542]
[-0.2221280753226591, 0.0012235150913243542]
[-0.2221280753226591, 0.0012235150913243542]
[-0.2221280753226591, 0.0012235150913243542]
[-0.2221280753226591, 0.0012235150913243542]
[-0.219663336214712, 0.0008669846653590761]
[-0.219663336214712, 0.0008669846653590761]
[-0.219663336214712, 0.0008669846653590761]
[-0.219663336214712, 0.0008669846653590761]
[-0.219663336214712, 0.0008669846653590761]
[-0.219663336214712, 0.0008669846653590761]
[-0.219663336214712, 0.0008669846653590761]
[-0.219663336214712, 0.0008669846653590761]
[-0.21757550612371707, 0.0005766471934963118]
[-0.21757550612371707, 0.0005766471934963118]
[-0.21757550612371707, 0.0005766471934963118]
[-0.21757550612371707, 0.0005766471934963118]
[-0.21757550612371707, 0.0005766471934963118]
[-0.21757550612371707, 0.0005766471934963118]
[-0.21757550612371707, 0.0005766471934963118]
[-0.21757550612371707, 0.0005766471934963118]
[-0.21576156710113106, 0.00030055529196273246]
[-0.21576156710113106, 0.00030055529196273246]
[-0.21576156710113106, 0.00030055529196273246]
[-0.21576156710113106, 0.00030055529196273246]
[-0.21576156710113106, 0.00030055529196273246]
[-0.21576156710113106, 0.00030055529196273246]
[-0.21576156710113106, 0.00030055529196273246]
[-0.21576156710113106, 0.00030055529196273246]
[-0.2139787532288411, 2.1237641425491128e-05]
[-0.2139787532288411, 2.1237641425491128e-05]
[-0.2139787532288411, 2.1237641425491128e-05]
[-0.2139787532288411, 2.1237641425491128e-05]
[-0.2139787532288411, 2.1237641425491128e-05]
[-0.2139787532288411, 2.1237641425491128e-05]
[-0.2139787532288411, 2.1237641425491128e-05]
[-0.2139787532288411, 2.1237641425491128e-05]
[-0.21225687685533978, -0.00023568255982583182]
[-0.21225687685533978, -0.00023568255982583182]
[-0.21225687685533978, -0.00023568255982583182]
[-0.21225687685533978, -0.00023568255982583182]
[-0.21225687685533978, -0.00023568255982583182]
[-0.21225687685533978, -0.00023568255982583182]
[-0.21225687685533978, -0.00023568255982583182]
[-0.21225687685533978, -0.00023568255982583182]
[-0.2103779661582958, -0.0005090446747800546]
[-0.2103779661582958, -0.0005090446747800546]
[-0.2103779661582958, -0.0005090446747800546]
[-0.2103779661582958, -0.0005090446747800546]
[-0.2103779661582958, -0.0005090446747800546]
[-0.2103779661582958, -0.0005090446747800546]
[-0.2103779661582958, -0.0005090446747800546]
[-0.2103779661582958, -0.0005090446747800546]
[-0.2082322786260309, -0.0008344590444292759]
[-0.2082322786260309, -0.0008344590444292759]
[-0.2082322786260309, -0.0008344590444292759]
[-0.2082322786260309, -0.0008344590444292759]
[-0.2082322786260309, -0.0008344590444292759]
[-0.2082322786260309, -0.0008344590444292759]
[-0.2082322786260309, -0.0008344590444292759]
[-0.2082322786260309, -0.0008344590444292759]
[-0.20645263128153057, -0.0011102970075239518]
[-0.20645263128153057, -0.0011102970075239518]
[-0.20645263128153057, -0.0011102970075239518]
[-0.20645263128153057, -0.0011102970075239518]
[-0.20645263128153057, -0.0011102970075239518]
[-0.20645263128153057, -0.0011102970075239518]
[-0.20645263128153057, -0.0011102970075239518]
[-0.20645263128153057, -0.0011102970075239518]
[-0.20440048543894482, -0.0014166966437282253]
[-0.20440048543894482, -0.0014166966437282253]
[-0.20440048543894482, -0.0014166966437282253]
[-0.20440048543894482, -0.0014166966437282253]
[-0.20440048543894482, -0.0014166966437282253]
[-0.20440048543894482, -0.0014166966437282253]
[-0.20440048543894482, -0.0014166966437282253]
[-0.20440048543894482, -0.0014166966437282253]
[-0.20182171950088426, -0.0018041801053128145]
[-0.20182171950088426, -0.0018041801053128145]
[-0.20182171950088426, -0.0018041801053128145]
[-0.20182171950088426, -0.0018041801053128145]
[-0.20182171950088426, -0.0018041801053128145]
[-0.20182171950088426, -0.0018041801053128145]
[-0.20182171950088426, -0.0018041801053128145]
[-0.20182171950088426, -0.0018041801053128145]
