[-0.731574831054457, 0.008838887817212369]
[-0.731574831054457, 0.008838887817212369]
[-0.731574831054457, 0.008838887817212369]
[-0.731574831054457, 0.008838887817212369]
[-0.731574831054457, 0.008838887817212369]
[-0.731574831054457, 0.008838887817212369]
[-0.731574831054457, 0.008838887817212369]
[-0.731574831054457, 0.008838887817212369]
[-0.7299636162845178, 0.010356656371441508]
[-0.7299636162845178, 0.010356656371441508]
[-0.7299636162845178, 0.010356656371441508]
[-0.7299636162845178, 0.010356656371441508]
[-0.7299636162845178, 0.010356656371441508]
[-0.7299636162845178, 0.010356656371441508]
[-0.7299636162845178, 0.010356656371441508]
[-0.7299636162845178, 0.010356656371441508]
[-0.7278218397000298, 0.011843905616311936]
[-0.7278218397000298, 0.011843905616311936]
[-0.7278218397000298, 0.011843905616311936]
[-0.7278218397000298, 0.011843905616311936]
[-0.7278218397000298, 0.011843905616311936]
[-0.7278218397000298, 0.011843905616311936]
[-0.7278218397000298, 0.011843905616311936]
[-0.7278218397000298, 0.011843905616311936]
[-0.7257031216653724, 0.013352945973569426]
[-0.7257031216653724, 0.013352945973569426]
[-0.7257031216653724, 0.013352945973569426]
[-0.7257031216653724, 0.013352945973569426]
[-0.7257031216653724, 0.013352945973569426]
[-0.7257031216653724, 0.013352945973569426]
[-0.7257031216653724, 0.013352945973569426]
[-0.7257031216653724, 0.013352945973569426]
[-0.7232889859905058, 0.01507967734389272]
[-0.7232889859905058, 0.01507967734389272]
[-0.7232889859905058, 0.01507967734389272]
[-0.7232889859905058, 0.01507967734389272]
[-0.7232889859905058, 0.01507967734389272]
[-0.7232889859905058, 0.01507967734389272]
[-0.7232889859905058, 0.01507967734389272]
[-0.7232889859905058, 0.01507967734389272]
[-0.7206160377919255, 0.016829213912614858]
[-0.7206160377919255, 0.016829213912614858]
[-0.7206160377919255, 0.016829213912614858]
[-0.7206160377919255, 0.016829213912614858]
[-0.7206160377919255, 0.016829213912614858]
[-0.7206160377919255, 0.016829213912614858]
[-0.7206160377919255, 0.016829213912614858]
[-0.7206160377919255, 0.016829213912614858]
[-0.7180009935271372, 0.018586022657542278]
[-0.7180009935271372, 0.018586022657542278]
[-0.7180009935271372, 0.018586022657542278]
[-0.7180009935271372, 0.018586022657542278]
[-0.7180009935271372, 0.018586022657542278]
[-0.7180009935271372, 0.018586022657542278]
[-0.7180009935271372, 0.018586022657542278]
[-0.7180009935271372, 0.018586022657542278]
[-0.7149222727211382, 0.020563538149453997]
[-0.7149222727211382, 0.020563538149453997]
[-0.7149222727211382, 0.020563538149453997]
[-0.7149222727211382, 0.020563538149453997]
[-0.7149222727211382, 0.020563538149453997]
[-0.7149222727211382, 0.020563538149453997]
[-0.7149222727211382, 0.020563538149453997]
[-0.7149222727211382, 0.020563538149453997]
[-0.7121719645745267, 0.022299457971723648]
[-0.7121719645745267, 0.022299457971723648]
[-0.7121719645745267, 0.022299457971723648]
[-0.7121719645745267, 0.022299457971723648]
[-0.7121719645745267, 0.022299457971723648]
[-0.7121719645745267, 0.022299457971723648]
[-0.7121719645745267, 0.022299457971723648]
[-0.7121719645745267, 0.022299457971723648]
[-0.7091402070713627, 0.024123382860142883]
[-0.7091402070713627, 0.024123382860142883]
[-0.7091402070713627, 0.024123382860142883]
[-0.7091402070713627, 0.024123382860142883]
[-0.7091402070713627, 0.024123382860142883]
[-0.7091402070713627, 0.024123382860142883]
[-0.7091402070713627, 0.024123382860142883]
[-0.7091402070713627, 0.024123382860142883]
[-0.7063535155313572, 0.02566973760950864]
[-0.7063535155313572, 0.02566973760950864]
[-0.7063535155313572, 0.02566973760950864]
[-0.7063535155313572, 0.02566973760950864]
[-0.7063535155313572, 0.02566973760950864]
[-0.7063535155313572, 0.02566973760950864]
[-0.7063535155313572, 0.02566973760950864]
[-0.7063535155313572, 0.02566973760950864]
[-0.7030234425713273, 0.027324248628229082]
[-0.7030234425713273, 0.027324248628229082]
[-0.7030234425713273, 0.027324248628229082]
[-0.7030234425713273, 0.027324248628229082]
[-0.7030234425713273, 0.027324248628229082]
[-0.7030234425713273, 0.027324248628229082]
[-0.7030234425713273, 0.027324248628229082]
[-0.7030234425713273, 0.027324248628229082]
[-0.6997919048203745, 0.02884831136416003]
[-0.6997919048203745, 0.02884831136416003]
[-0.6997919048203745, 0.02884831136416003]
[-0.6997919048203745, 0.02884831136416003]
[-0.6997919048203745, 0.02884831136416003]
[-0.6997919048203745, 0.02884831136416003]
[-0.6997919048203745, 0.02884831136416003]
[-0.6997919048203745, 0.02884831136416003]
[-0.6967095016181537, 0.03020440112990462]
[-0.6967095016181537, 0.03020440112990462]
[-0.6967095016181537, 0.03020440112990462]
[-0.6967095016181537, 0.03020440112990462]
[-0.6967095016181537, 0.03020440112990462]
[-0.6967095016181537, 0.03020440112990462]
[-0.6967095016181537, 0.03020440112990462]
[-0.6967095016181537, 0.03020440112990462]
[-0.6936548197829151, 0.031436154741356505]
[-0.6936548197829151, 0.031436154741356505]
[-0.6936548197829151, 0.031436154741356505]
[-0.6936548197829151, 0.031436154741356505]
[-0.6936548197829151, 0.031436154741356505]
[-0.6936548197829151, 0.031436154741356505]
[-0.6936548197829151, 0.031436154741356505]
[-0.6936548197829151, 0.031436154741356505]
[-0.6903400856550639, 0.03263242678212646]
[-0.6903400856550639, 0.03263242678212646]
[-0.6903400856550639, 0.03263242678212646]
[-0.6903400856550639, 0.03263242678212646]
[-0.6903400856550639, 0.03263242678212646]
[-0.6903400856550639, 0.03263242678212646]
[-0.6903400856550639, 0.03263242678212646]
[-0.6903400856550639, 0.03263242678212646]
[-0.6869984893625762, 0.03369993731108122]
[-0.6869984893625762, 0.03369993731108122]
[-0.6869984893625762, 0.03369993731108122]
[-0.6869984893625762, 0.03369993731108122]
[-0.6869984893625762, 0.03369993731108122]
[-0.6869984893625762, 0.03369993731108122]
[-0.6869984893625762, 0.03369993731108122]
[-0.6869984893625762, 0.03369993731108122]
[-0.6844183355399428, 0.034428629348195496]
[-0.6844183355399428, 0.034428629348195496]
[-0.6844183355399428, 0.034428629348195496]
[-0.6844183355399428, 0.034428629348195496]
[-0.6844183355399428, 0.034428629348195496]
[-0.6844183355399428, 0.034428629348195496]
[-0.6844183355399428, 0.034428629348195496]
[-0.6844183355399428, 0.034428629348195496]
[-0.6815242887873879, 0.035153391862845655]
[-0.6815242887873879, 0.035153391862845655]
[-0.6815242887873879, 0.035153391862845655]
[-0.6815242887873879, 0.035153391862845655]
[-0.6815242887873879, 0.035153391862845655]
[-0.6815242887873879, 0.035153391862845655]
[-0.6815242887873879, 0.035153391862845655]
[-0.6815242887873879, 0.035153391862845655]
[-0.6787341820775354, 0.03580337613192518]
[-0.6787341820775354, 0.03580337613192518]
[-0.6787341820775354, 0.03580337613192518]
[-0.6787341820775354, 0.03580337613192518]
[-0.6787341820775354, 0.03580337613192518]
[-0.6787341820775354, 0.03580337613192518]
[-0.6787341820775354, 0.03580337613192518]
[-0.6787341820775354, 0.03580337613192518]
[-0.6758962895685426, 0.03638390778660215]
[-0.6758962895685426, 0.03638390778660215]
[-0.6758962895685426, 0.03638390778660215]
[-0.6758962895685426, 0.03638390778660215]
[-0.6758962895685426, 0.03638390778660215]
[-0.6758962895685426, 0.03638390778660215]
[-0.6758962895685426, 0.03638390778660215]
[-0.6758962895685426, 0.03638390778660215]
[-0.673188836455234, 0.03687287860412726]
[-0.673188836455234, 0.03687287860412726]
[-0.673188836455234, 0.03687287860412726]
[-0.673188836455234, 0.03687287860412726]
[-0.673188836455234, 0.03687287860412726]
[-0.673188836455234, 0.03687287860412726]
[-0.673188836455234, 0.03687287860412726]
[-0.673188836455234, 0.03687287860412726]
[-0.6699915023754477, 0.03739333499643241]
[-0.6699915023754477, 0.03739333499643241]
[-0.6699915023754477, 0.03739333499643241]
[-0.6699915023754477, 0.03739333499643241]
[-0.6699915023754477, 0.03739333499643241]
[-0.6699915023754477, 0.03739333499643241]
[-0.6699915023754477, 0.03739333499643241]
[-0.6699915023754477, 0.03739333499643241]
[-0.6671358562010491, 0.037818298491453836]
[-0.6671358562010491, 0.037818298491453836]
[-0.6671358562010491, 0.037818298491453836]
[-0.6671358562010491, 0.037818298491453836]
[-0.6671358562010491, 0.037818298491453836]
[-0.6671358562010491, 0.037818298491453836]
[-0.6671358562010491, 0.037818298491453836]
[-0.6671358562010491, 0.037818298491453836]
[-0.663993679721416, 0.0382429455898083]
[-0.663993679721416, 0.0382429455898083]
[-0.663993679721416, 0.0382429455898083]
[-0.663993679721416, 0.0382429455898083]
[-0.663993679721416, 0.0382429455898083]
[-0.663993679721416, 0.0382429455898083]
[-0.663993679721416, 0.0382429455898083]
[-0.663993679721416, 0.0382429455898083]
[-0.6609383248419429, 0.038625588124869964]
[-0.6609383248419429, 0.038625588124869964]
[-0.6609383248419429, 0.038625588124869964]
[-0.6609383248419429, 0.038625588124869964]
[-0.6609383248419429, 0.038625588124869964]
[-0.6609383248419429, 0.038625588124869964]
[-0.6609383248419429, 0.038625588124869964]
[-0.6609383248419429, 0.038625588124869964]
[-0.6577886042199339, 0.03897688530092462]
[-0.6577886042199339, 0.03897688530092462]
[-0.6577886042199339, 0.03897688530092462]
[-0.6577886042199339, 0.03897688530092462]
[-0.6577886042199339, 0.03897688530092462]
[-0.6577886042199339, 0.03897688530092462]
[-0.6577886042199339, 0.03897688530092462]
[-0.6577886042199339, 0.03897688530092462]
[-0.6539346380452876, 0.039356072576458574]
[-0.6539346380452876, 0.039356072576458574]
[-0.6539346380452876, 0.039356072576458574]
[-0.6539346380452876, 0.039356072576458574]
[-0.6539346380452876, 0.039356072576458574]
[-0.6539346380452876, 0.039356072576458574]
[-0.6539346380452876, 0.039356072576458574]
[-0.6539346380452876, 0.039356072576458574]
[-0.6502463497349377, 0.039595416471955365]
[-0.6502463497349377, 0.039595416471955365]
[-0.6502463497349377, 0.039595416471955365]
[-0.6502463497349377, 0.039595416471955365]
[-0.6502463497349377, 0.039595416471955365]
[-0.6502463497349377, 0.039595416471955365]
[-0.6502463497349377, 0.039595416471955365]
[-0.6502463497349377, 0.039595416471955365]
[-0.6465465628150122, 0.03966454502657284]
[-0.6465465628150122, 0.03966454502657284]
[-0.6465465628150122, 0.03966454502657284]
[-0.6465465628150122, 0.03966454502657284]
[-0.6465465628150122, 0.03966454502657284]
[-0.6465465628150122, 0.03966454502657284]
[-0.6465465628150122, 0.03966454502657284]
[-0.6465465628150122, 0.03966454502657284]
[-0.642829007398353, 0.03955830601327039]
[-0.642829007398353, 0.03955830601327039]
[-0.642829007398353, 0.03955830601327039]
[-0.642829007398353, 0.03955830601327039]
[-0.642829007398353, 0.03955830601327039]
[-0.642829007398353, 0.03955830601327039]
[-0.642829007398353, 0.03955830601327039]
[-0.642829007398353, 0.03955830601327039]
[-0.638671093005503, 0.03927906229862677]
[-0.638671093005503, 0.03927906229862677]
[-0.638671093005503, 0.03927906229862677]
[-0.638671093005503, 0.03927906229862677]
[-0.638671093005503, 0.03927906229862677]
[-0.638671093005503, 0.03927906229862677]
[-0.638671093005503, 0.03927906229862677]
[-0.638671093005503, 0.03927906229862677]
[-0.6350593227686414, 0.039057786345889536]
[-0.6350593227686414, 0.039057786345889536]
[-0.6350593227686414, 0.039057786345889536]
[-0.6350593227686414, 0.039057786345889536]
[-0.6350593227686414, 0.039057786345889536]
[-0.6350593227686414, 0.039057786345889536]
[-0.6350593227686414, 0.039057786345889536]
[-0.6350593227686414, 0.039057786345889536]
[-0.631193653393572, 0.03873957080432806]
[-0.631193653393572, 0.03873957080432806]
[-0.631193653393572, 0.03873957080432806]
[-0.631193653393572, 0.03873957080432806]
[-0.631193653393572, 0.03873957080432806]
[-0.631193653393572, 0.03873957080432806]
[-0.631193653393572, 0.03873957080432806]
[-0.631193653393572, 0.03873957080432806]
[-0.6285064829304643, 0.03864250222648004]
[-0.6285064829304643, 0.03864250222648004]
[-0.6285064829304643, 0.03864250222648004]
[-0.6285064829304643, 0.03864250222648004]
[-0.6285064829304643, 0.03864250222648004]
[-0.6285064829304643, 0.03864250222648004]
[-0.6285064829304643, 0.03864250222648004]
[-0.6285064829304643, 0.03864250222648004]
[-0.6249110708438204, 0.03842003621562702]
[-0.6249110708438204, 0.03842003621562702]
[-0.6249110708438204, 0.03842003621562702]
[-0.6249110708438204, 0.03842003621562702]
[-0.6249110708438204, 0.03842003621562702]
[-0.6249110708438204, 0.03842003621562702]
[-0.6249110708438204, 0.03842003621562702]
[-0.6249110708438204, 0.03842003621562702]
[-0.6212173401876377, 0.03810006379711411]
[-0.6212173401876377, 0.03810006379711411]
[-0.6212173401876377, 0.03810006379711411]
[-0.6212173401876377, 0.03810006379711411]
[-0.6212173401876377, 0.03810006379711411]
[-0.6212173401876377, 0.03810006379711411]
[-0.6212173401876377, 0.03810006379711411]
[-0.6212173401876377, 0.03810006379711411]
[-0.6173159371241187, 0.03780613481880932]
[-0.6173159371241187, 0.03780613481880932]
[-0.6173159371241187, 0.03780613481880932]
[-0.6173159371241187, 0.03780613481880932]
[-0.6173159371241187, 0.03780613481880932]
[-0.6173159371241187, 0.03780613481880932]
[-0.6173159371241187, 0.03780613481880932]
[-0.6173159371241187, 0.03780613481880932]
[-0.6133240490674956, 0.03753255315987567]
[-0.6133240490674956, 0.03753255315987567]
[-0.6133240490674956, 0.03753255315987567]
[-0.6133240490674956, 0.03753255315987567]
[-0.6133240490674956, 0.03753255315987567]
[-0.6133240490674956, 0.03753255315987567]
[-0.6133240490674956, 0.03753255315987567]
[-0.6133240490674956, 0.03753255315987567]
[-0.6096609427228925, 0.03730509583077306]
[-0.6096609427228925, 0.03730509583077306]
[-0.6096609427228925, 0.03730509583077306]
[-0.6096609427228925, 0.03730509583077306]
[-0.6096609427228925, 0.03730509583077306]
[-0.6096609427228925, 0.03730509583077306]
[-0.6096609427228925, 0.03730509583077306]
[-0.6096609427228925, 0.03730509583077306]
[-0.6059080646112354, 0.03717869076107177]
[-0.6059080646112354, 0.03717869076107177]
[-0.6059080646112354, 0.03717869076107177]
[-0.6059080646112354, 0.03717869076107177]
[-0.6059080646112354, 0.03717869076107177]
[-0.6059080646112354, 0.03717869076107177]
[-0.6059080646112354, 0.03717869076107177]
[-0.6059080646112354, 0.03717869076107177]
[-0.6025191916539607, 0.03698498573880603]
[-0.6025191916539607, 0.03698498573880603]
[-0.6025191916539607, 0.03698498573880603]
[-0.6025191916539607, 0.03698498573880603]
[-0.6025191916539607, 0.03698498573880603]
[-0.6025191916539607, 0.03698498573880603]
[-0.6025191916539607, 0.03698498573880603]
[-0.6025191916539607, 0.03698498573880603]
[-0.5994275500965063, 0.036936026212815574]
[-0.5994275500965063, 0.036936026212815574]
[-0.5994275500965063, 0.036936026212815574]
[-0.5994275500965063, 0.036936026212815574]
[-0.5994275500965063, 0.036936026212815574]
[-0.5994275500965063, 0.036936026212815574]
[-0.5994275500965063, 0.036936026212815574]
[-0.5994275500965063, 0.036936026212815574]
[-0.5959125264149145, 0.03687006011213268]
[-0.5959125264149145, 0.03687006011213268]
[-0.5959125264149145, 0.03687006011213268]
[-0.5959125264149145, 0.03687006011213268]
[-0.5959125264149145, 0.03687006011213268]
[-0.5959125264149145, 0.03687006011213268]
[-0.5959125264149145, 0.03687006011213268]
[-0.5959125264149145, 0.03687006011213268]
[-0.5922150443210042, 0.0369224035229936]
[-0.5922150443210042, 0.0369224035229936]
[-0.5922150443210042, 0.0369224035229936]
[-0.5922150443210042, 0.0369224035229936]
[-0.5922150443210042, 0.0369224035229936]
[-0.5922150443210042, 0.0369224035229936]
[-0.5922150443210042, 0.0369224035229936]
[-0.5922150443210042, 0.0369224035229936]
[-0.5881588365955551, 0.036807075327334515]
[-0.5881588365955551, 0.036807075327334515]
[-0.5881588365955551, 0.036807075327334515]
[-0.5881588365955551, 0.036807075327334515]
[-0.5881588365955551, 0.036807075327334515]
[-0.5881588365955551, 0.036807075327334515]
[-0.5881588365955551, 0.036807075327334515]
[-0.5881588365955551, 0.036807075327334515]
[-0.5844523824373631, 0.036742131185739706]
[-0.5844523824373631, 0.036742131185739706]
[-0.5844523824373631, 0.036742131185739706]
[-0.5844523824373631, 0.036742131185739706]
[-0.5844523824373631, 0.036742131185739706]
[-0.5844523824373631, 0.036742131185739706]
[-0.5844523824373631, 0.036742131185739706]
[-0.5844523824373631, 0.036742131185739706]
[-0.5806017742050901, 0.03664796839132186]
[-0.5806017742050901, 0.03664796839132186]
[-0.5806017742050901, 0.03664796839132186]
[-0.5806017742050901, 0.03664796839132186]
[-0.5806017742050901, 0.03664796839132186]
[-0.5806017742050901, 0.03664796839132186]
[-0.5806017742050901, 0.03664796839132186]
[-0.5806017742050901, 0.03664796839132186]
[-0.5771809486131081, 0.036743033873275786]
[-0.5771809486131081, 0.036743033873275786]
[-0.5771809486131081, 0.036743033873275786]
[-0.5771809486131081, 0.036743033873275786]
[-0.5771809486131081, 0.036743033873275786]
[-0.5771809486131081, 0.036743033873275786]
[-0.5771809486131081, 0.036743033873275786]
[-0.5771809486131081, 0.036743033873275786]
[-0.5737125603227038, 0.03681922662138337]
[-0.5737125603227038, 0.03681922662138337]
[-0.5737125603227038, 0.03681922662138337]
[-0.5737125603227038, 0.03681922662138337]
[-0.5737125603227038, 0.03681922662138337]
[-0.5737125603227038, 0.03681922662138337]
[-0.5737125603227038, 0.03681922662138337]
[-0.5737125603227038, 0.03681922662138337]
[-0.569663462867886, 0.03680043101342626]
[-0.569663462867886, 0.03680043101342626]
[-0.569663462867886, 0.03680043101342626]
[-0.569663462867886, 0.03680043101342626]
[-0.569663462867886, 0.03680043101342626]
[-0.569663462867886, 0.03680043101342626]
[-0.569663462867886, 0.03680043101342626]
[-0.569663462867886, 0.03680043101342626]
[-0.5668770506721589, 0.03692807151661785]
[-0.5668770506721589, 0.03692807151661785]
[-0.5668770506721589, 0.03692807151661785]
[-0.5668770506721589, 0.03692807151661785]
[-0.5668770506721589, 0.03692807151661785]
[-0.5668770506721589, 0.03692807151661785]
[-0.5668770506721589, 0.03692807151661785]
[-0.5668770506721589, 0.03692807151661785]
[-0.563978480268559, 0.03694299243647172]
[-0.563978480268559, 0.03694299243647172]
[-0.563978480268559, 0.03694299243647172]
[-0.563978480268559, 0.03694299243647172]
[-0.563978480268559, 0.03694299243647172]
[-0.563978480268559, 0.03694299243647172]
[-0.563978480268559, 0.03694299243647172]
[-0.563978480268559, 0.03694299243647172]
[-0.5600195442475108, 0.03680233870829285]
[-0.5600195442475108, 0.03680233870829285]
[-0.5600195442475108, 0.03680233870829285]
[-0.5600195442475108, 0.03680233870829285]
[-0.5600195442475108, 0.03680233870829285]
[-0.5600195442475108, 0.03680233870829285]
[-0.5600195442475108, 0.03680233870829285]
[-0.5600195442475108, 0.03680233870829285]
[-0.5562541945720673, 0.036589606566597356]
[-0.5562541945720673, 0.036589606566597356]
[-0.5562541945720673, 0.036589606566597356]
[-0.5562541945720673, 0.036589606566597356]
[-0.5562541945720673, 0.036589606566597356]
[-0.5562541945720673, 0.036589606566597356]
[-0.5562541945720673, 0.036589606566597356]
[-0.5562541945720673, 0.036589606566597356]
[-0.5523537003997755, 0.03644273167601408]
[-0.5523537003997755, 0.03644273167601408]
[-0.5523537003997755, 0.03644273167601408]
[-0.5523537003997755, 0.03644273167601408]
[-0.5523537003997755, 0.03644273167601408]
[-0.5523537003997755, 0.03644273167601408]
[-0.5523537003997755, 0.03644273167601408]
[-0.5523537003997755, 0.03644273167601408]
[-0.5487569294424132, 0.036245998400756985]
[-0.5487569294424132, 0.036245998400756985]
[-0.5487569294424132, 0.036245998400756985]
[-0.5487569294424132, 0.036245998400756985]
[-0.5487569294424132, 0.036245998400756985]
[-0.5487569294424132, 0.036245998400756985]
[-0.5487569294424132, 0.036245998400756985]
[-0.5487569294424132, 0.036245998400756985]
[-0.5453849590125681, 0.03611296237811483]
[-0.5453849590125681, 0.03611296237811483]
[-0.5453849590125681, 0.03611296237811483]
[-0.5453849590125681, 0.03611296237811483]
[-0.5453849590125681, 0.03611296237811483]
[-0.5453849590125681, 0.03611296237811483]
[-0.5453849590125681, 0.03611296237811483]
[-0.5453849590125681, 0.03611296237811483]
[-0.5424314261484452, 0.03595721200678959]
[-0.5424314261484452, 0.03595721200678959]
[-0.5424314261484452, 0.03595721200678959]
[-0.5424314261484452, 0.03595721200678959]
[-0.5424314261484452, 0.03595721200678959]
[-0.5424314261484452, 0.03595721200678959]
[-0.5424314261484452, 0.03595721200678959]
[-0.5424314261484452, 0.03595721200678959]
[-0.5390140688136468, 0.03577859237604501]
[-0.5390140688136468, 0.03577859237604501]
[-0.5390140688136468, 0.03577859237604501]
[-0.5390140688136468, 0.03577859237604501]
[-0.5390140688136468, 0.03577859237604501]
[-0.5390140688136468, 0.03577859237604501]
[-0.5390140688136468, 0.03577859237604501]
[-0.5390140688136468, 0.03577859237604501]
[-0.5351729340996736, 0.03552716678658057]
[-0.5351729340996736, 0.03552716678658057]
[-0.5351729340996736, 0.03552716678658057]
[-0.5351729340996736, 0.03552716678658057]
[-0.5351729340996736, 0.03552716678658057]
[-0.5351729340996736, 0.03552716678658057]
[-0.5351729340996736, 0.03552716678658057]
[-0.5351729340996736, 0.03552716678658057]
[-0.5323368061566238, 0.035471400184800064]
[-0.5323368061566238, 0.035471400184800064]
[-0.5323368061566238, 0.035471400184800064]
[-0.5323368061566238, 0.035471400184800064]
[-0.5323368061566238, 0.035471400184800064]
[-0.5323368061566238, 0.035471400184800064]
[-0.5323368061566238, 0.035471400184800064]
[-0.5323368061566238, 0.035471400184800064]
[-0.5284634789990015, 0.035401231466743746]
[-0.5284634789990015, 0.035401231466743746]
[-0.5284634789990015, 0.035401231466743746]
[-0.5284634789990015, 0.035401231466743746]
[-0.5284634789990015, 0.035401231466743746]
[-0.5284634789990015, 0.035401231466743746]
[-0.5284634789990015, 0.035401231466743746]
[-0.5284634789990015, 0.035401231466743746]
[-0.5249380013860387, 0.03542543349859609]
[-0.5249380013860387, 0.03542543349859609]
[-0.5249380013860387, 0.03542543349859609]
[-0.5249380013860387, 0.03542543349859609]
[-0.5249380013860387, 0.03542543349859609]
[-0.5249380013860387, 0.03542543349859609]
[-0.5249380013860387, 0.03542543349859609]
[-0.5249380013860387, 0.03542543349859609]
[-0.5209876733720423, 0.0353128816400897]
[-0.5209876733720423, 0.0353128816400897]
[-0.5209876733720423, 0.0353128816400897]
[-0.5209876733720423, 0.0353128816400897]
[-0.5209876733720423, 0.0353128816400897]
[-0.5209876733720423, 0.0353128816400897]
[-0.5209876733720423, 0.0353128816400897]
[-0.5209876733720423, 0.0353128816400897]
[-0.5173236133350738, 0.0352165133970841]
[-0.5173236133350738, 0.0352165133970841]
[-0.5173236133350738, 0.0352165133970841]
[-0.5173236133350738, 0.0352165133970841]
[-0.5173236133350738, 0.0352165133970841]
[-0.5173236133350738, 0.0352165133970841]
[-0.5173236133350738, 0.0352165133970841]
[-0.5173236133350738, 0.0352165133970841]
[-0.5145499966307124, 0.03527371524815952]
[-0.5145499966307124, 0.03527371524815952]
[-0.5145499966307124, 0.03527371524815952]
[-0.5145499966307124, 0.03527371524815952]
[-0.5145499966307124, 0.03527371524815952]
[-0.5145499966307124, 0.03527371524815952]
[-0.5145499966307124, 0.03527371524815952]
[-0.5145499966307124, 0.03527371524815952]
[-0.5100975133153135, 0.034745722043138604]
[-0.5100975133153135, 0.034745722043138604]
[-0.5100975133153135, 0.034745722043138604]
[-0.5100975133153135, 0.034745722043138604]
[-0.5100975133153135, 0.034745722043138604]
[-0.5100975133153135, 0.034745722043138604]
[-0.5100975133153135, 0.034745722043138604]
[-0.5100975133153135, 0.034745722043138604]
[-0.5067983763680949, 0.033998022792043926]
[-0.5067983763680949, 0.033998022792043926]
[-0.5067983763680949, 0.033998022792043926]
[-0.5067983763680949, 0.033998022792043926]
[-0.5067983763680949, 0.033998022792043926]
[-0.5067983763680949, 0.033998022792043926]
[-0.5067983763680949, 0.033998022792043926]
[-0.5067983763680949, 0.033998022792043926]
[-0.5031699913864568, 0.03322171645295354]
[-0.5031699913864568, 0.03322171645295354]
[-0.5031699913864568, 0.03322171645295354]
[-0.5031699913864568, 0.03322171645295354]
[-0.5031699913864568, 0.03322171645295354]
[-0.5031699913864568, 0.03322171645295354]
[-0.5031699913864568, 0.03322171645295354]
[-0.5031699913864568, 0.03322171645295354]
[-0.4995205557699429, 0.032384987205446636]
[-0.4995205557699429, 0.032384987205446636]
[-0.4995205557699429, 0.032384987205446636]
[-0.4995205557699429, 0.032384987205446636]
[-0.4995205557699429, 0.032384987205446636]
[-0.4995205557699429, 0.032384987205446636]
[-0.4995205557699429, 0.032384987205446636]
[-0.4995205557699429, 0.032384987205446636]
[-0.4957735261194183, 0.031483909247262534]
[-0.4957735261194183, 0.031483909247262534]
[-0.4957735261194183, 0.031483909247262534]
[-0.4957735261194183, 0.031483909247262534]
[-0.4957735261194183, 0.031483909247262534]
[-0.4957735261194183, 0.031483909247262534]
[-0.4957735261194183, 0.031483909247262534]
[-0.4957735261194183, 0.031483909247262534]
[-0.49311466377035407, 0.030795925275143046]
[-0.49311466377035407, 0.030795925275143046]
[-0.49311466377035407, 0.030795925275143046]
[-0.49311466377035407, 0.030795925275143046]
[-0.49311466377035407, 0.030795925275143046]
[-0.49311466377035407, 0.030795925275143046]
[-0.49311466377035407, 0.030795925275143046]
[-0.49311466377035407, 0.030795925275143046]
[-0.4891077631665021, 0.029890655255065856]
[-0.4891077631665021, 0.029890655255065856]
[-0.4891077631665021, 0.029890655255065856]
[-0.4891077631665021, 0.029890655255065856]
[-0.4891077631665021, 0.029890655255065856]
[-0.4891077631665021, 0.029890655255065856]
[-0.4891077631665021, 0.029890655255065856]
[-0.4891077631665021, 0.029890655255065856]
[-0.48550379358750995, 0.02915283771115917]
[-0.48550379358750995, 0.02915283771115917]
[-0.48550379358750995, 0.02915283771115917]
[-0.48550379358750995, 0.02915283771115917]
[-0.48550379358750995, 0.02915283771115917]
[-0.48550379358750995, 0.02915283771115917]
[-0.48550379358750995, 0.02915283771115917]
[-0.48550379358750995, 0.02915283771115917]
[-0.4812205090220411, 0.028199298072856843]
[-0.4812205090220411, 0.028199298072856843]
[-0.4812205090220411, 0.028199298072856843]
[-0.4812205090220411, 0.028199298072856843]
[-0.4812205090220411, 0.028199298072856843]
[-0.4812205090220411, 0.028199298072856843]
[-0.4812205090220411, 0.028199298072856843]
[-0.4812205090220411, 0.028199298072856843]
[-0.4769609181277165, 0.02715579638477309]
[-0.4769609181277165, 0.02715579638477309]
[-0.4769609181277165, 0.02715579638477309]
[-0.4769609181277165, 0.02715579638477309]
[-0.4769609181277165, 0.02715579638477309]
[-0.4769609181277165, 0.02715579638477309]
[-0.4769609181277165, 0.02715579638477309]
[-0.4769609181277165, 0.02715579638477309]
[-0.4728954846474935, 0.02618328963562628]
[-0.4728954846474935, 0.02618328963562628]
[-0.4728954846474935, 0.02618328963562628]
[-0.4728954846474935, 0.02618328963562628]
[-0.4728954846474935, 0.02618328963562628]
[-0.4728954846474935, 0.02618328963562628]
[-0.4728954846474935, 0.02618328963562628]
[-0.4728954846474935, 0.02618328963562628]
[-0.46863523050838957, 0.025154487458395762]
[-0.46863523050838957, 0.025154487458395762]
[-0.46863523050838957, 0.025154487458395762]
[-0.46863523050838957, 0.025154487458395762]
[-0.46863523050838957, 0.025154487458395762]
[-0.46863523050838957, 0.025154487458395762]
[-0.46863523050838957, 0.025154487458395762]
[-0.46863523050838957, 0.025154487458395762]
[-0.46439597170260044, 0.024198068945250506]
[-0.46439597170260044, 0.024198068945250506]
[-0.46439597170260044, 0.024198068945250506]
[-0.46439597170260044, 0.024198068945250506]
[-0.46439597170260044, 0.024198068945250506]
[-0.46439597170260044, 0.024198068945250506]
[-0.46439597170260044, 0.024198068945250506]
[-0.46439597170260044, 0.024198068945250506]
[-0.4600597389786038, 0.02327675999462381]
[-0.4600597389786038, 0.02327675999462381]
[-0.4600597389786038, 0.02327675999462381]
[-0.4600597389786038, 0.02327675999462381]
[-0.4600597389786038, 0.02327675999462381]
[-0.4600597389786038, 0.02327675999462381]
[-0.4600597389786038, 0.02327675999462381]
[-0.4600597389786038, 0.02327675999462381]
[-0.4557088171425717, 0.02241607539150333]
[-0.4557088171425717, 0.02241607539150333]
[-0.4557088171425717, 0.02241607539150333]
[-0.4557088171425717, 0.02241607539150333]
[-0.4557088171425717, 0.02241607539150333]
[-0.4557088171425717, 0.02241607539150333]
[-0.4557088171425717, 0.02241607539150333]
[-0.4557088171425717, 0.02241607539150333]
[-0.4513072782744267, 0.021605971329962028]
[-0.4513072782744267, 0.021605971329962028]
[-0.4513072782744267, 0.021605971329962028]
[-0.4513072782744267, 0.021605971329962028]
[-0.4513072782744267, 0.021605971329962028]
[-0.4513072782744267, 0.021605971329962028]
[-0.4513072782744267, 0.021605971329962028]
[-0.4513072782744267, 0.021605971329962028]
[-0.4469483028865009, 0.02085968953832254]
[-0.4469483028865009, 0.02085968953832254]
[-0.4469483028865009, 0.02085968953832254]
[-0.4469483028865009, 0.02085968953832254]
[-0.4469483028865009, 0.02085968953832254]
[-0.4469483028865009, 0.02085968953832254]
[-0.4469483028865009, 0.02085968953832254]
[-0.4469483028865009, 0.02085968953832254]
[-0.4424800178453371, 0.02015183383602153]
[-0.4424800178453371, 0.02015183383602153]
[-0.4424800178453371, 0.02015183383602153]
[-0.4424800178453371, 0.02015183383602153]
[-0.4424800178453371, 0.02015183383602153]
[-0.4424800178453371, 0.02015183383602153]
[-0.4424800178453371, 0.02015183383602153]
[-0.4424800178453371, 0.02015183383602153]
[-0.438026271995164, 0.019488589276553912]
[-0.438026271995164, 0.019488589276553912]
[-0.438026271995164, 0.019488589276553912]
[-0.438026271995164, 0.019488589276553912]
[-0.438026271995164, 0.019488589276553912]
[-0.438026271995164, 0.019488589276553912]
[-0.438026271995164, 0.019488589276553912]
[-0.438026271995164, 0.019488589276553912]
[-0.43456588286617026, 0.01897832869568919]
[-0.43456588286617026, 0.01897832869568919]
[-0.43456588286617026, 0.01897832869568919]
[-0.43456588286617026, 0.01897832869568919]
[-0.43456588286617026, 0.01897832869568919]
[-0.43456588286617026, 0.01897832869568919]
[-0.43456588286617026, 0.01897832869568919]
[-0.43456588286617026, 0.01897832869568919]
[-0.43070405179637505, 0.01830674220502561]
[-0.43070405179637505, 0.01830674220502561]
[-0.43070405179637505, 0.01830674220502561]
[-0.43070405179637505, 0.01830674220502561]
[-0.43070405179637505, 0.01830674220502561]
[-0.43070405179637505, 0.01830674220502561]
[-0.43070405179637505, 0.01830674220502561]
[-0.43070405179637505, 0.01830674220502561]
[-0.4263843216128079, 0.017491417003013186]
[-0.4263843216128079, 0.017491417003013186]
[-0.4263843216128079, 0.017491417003013186]
[-0.4263843216128079, 0.017491417003013186]
[-0.4263843216128079, 0.017491417003013186]
[-0.4263843216128079, 0.017491417003013186]
[-0.4263843216128079, 0.017491417003013186]
[-0.4263843216128079, 0.017491417003013186]
[-0.42225608070777915, 0.016773106407918244]
[-0.42225608070777915, 0.016773106407918244]
[-0.42225608070777915, 0.016773106407918244]
[-0.42225608070777915, 0.016773106407918244]
[-0.42225608070777915, 0.016773106407918244]
[-0.42225608070777915, 0.016773106407918244]
[-0.42225608070777915, 0.016773106407918244]
[-0.42225608070777915, 0.016773106407918244]
[-0.4182162475134665, 0.01607167617368207]
[-0.4182162475134665, 0.01607167617368207]
[-0.4182162475134665, 0.01607167617368207]
[-0.4182162475134665, 0.01607167617368207]
[-0.4182162475134665, 0.01607167617368207]
[-0.4182162475134665, 0.01607167617368207]
[-0.4182162475134665, 0.01607167617368207]
[-0.4182162475134665, 0.01607167617368207]
[-0.4141304689651201, 0.015352366332151698]
[-0.4141304689651201, 0.015352366332151698]
[-0.4141304689651201, 0.015352366332151698]
[-0.4141304689651201, 0.015352366332151698]
[-0.4141304689651201, 0.015352366332151698]
[-0.4141304689651201, 0.015352366332151698]
[-0.4141304689651201, 0.015352366332151698]
[-0.4141304689651201, 0.015352366332151698]
[-0.41005924204557626, 0.014626413113427921]
[-0.41005924204557626, 0.014626413113427921]
[-0.41005924204557626, 0.014626413113427921]
[-0.41005924204557626, 0.014626413113427921]
[-0.41005924204557626, 0.014626413113427921]
[-0.41005924204557626, 0.014626413113427921]
[-0.41005924204557626, 0.014626413113427921]
[-0.41005924204557626, 0.014626413113427921]
[-0.40606046853354943, 0.013905122628484264]
[-0.40606046853354943, 0.013905122628484264]
[-0.40606046853354943, 0.013905122628484264]
[-0.40606046853354943, 0.013905122628484264]
[-0.40606046853354943, 0.013905122628484264]
[-0.40606046853354943, 0.013905122628484264]
[-0.40606046853354943, 0.013905122628484264]
[-0.40606046853354943, 0.013905122628484264]
[-0.40233367492629457, 0.013201958275882946]
[-0.40233367492629457, 0.013201958275882946]
[-0.40233367492629457, 0.013201958275882946]
[-0.40233367492629457, 0.013201958275882946]
[-0.40233367492629457, 0.013201958275882946]
[-0.40233367492629457, 0.013201958275882946]
[-0.40233367492629457, 0.013201958275882946]
[-0.40233367492629457, 0.013201958275882946]
[-0.39817948202906617, 0.01236328663902009]
[-0.39817948202906617, 0.01236328663902009]
[-0.39817948202906617, 0.01236328663902009]
[-0.39817948202906617, 0.01236328663902009]
[-0.39817948202906617, 0.01236328663902009]
[-0.39817948202906617, 0.01236328663902009]
[-0.39817948202906617, 0.01236328663902009]
[-0.39817948202906617, 0.01236328663902009]
[-0.3941797588714183, 0.01155481873339863]
[-0.3941797588714183, 0.01155481873339863]
[-0.3941797588714183, 0.01155481873339863]
[-0.3941797588714183, 0.01155481873339863]
[-0.3941797588714183, 0.01155481873339863]
[-0.3941797588714183, 0.01155481873339863]
[-0.3941797588714183, 0.01155481873339863]
[-0.3941797588714183, 0.01155481873339863]
[-0.39042828745636005, 0.010774161340681869]
[-0.39042828745636005, 0.010774161340681869]
[-0.39042828745636005, 0.010774161340681869]
[-0.39042828745636005, 0.010774161340681869]
[-0.39042828745636005, 0.010774161340681869]
[-0.39042828745636005, 0.010774161340681869]
[-0.39042828745636005, 0.010774161340681869]
[-0.39042828745636005, 0.010774161340681869]
[-0.3867476557287544, 0.009980065052646894]
[-0.3867476557287544, 0.009980065052646894]
[-0.3867476557287544, 0.009980065052646894]
[-0.3867476557287544, 0.009980065052646894]
[-0.3867476557287544, 0.009980065052646894]
[-0.3867476557287544, 0.009980065052646894]
[-0.3867476557287544, 0.009980065052646894]
[-0.3867476557287544, 0.009980065052646894]
[-0.3829988215803467, 0.009099669131995173]
[-0.3829988215803467, 0.009099669131995173]
[-0.3829988215803467, 0.009099669131995173]
[-0.3829988215803467, 0.009099669131995173]
[-0.3829988215803467, 0.009099669131995173]
[-0.3829988215803467, 0.009099669131995173]
[-0.3829988215803467, 0.009099669131995173]
[-0.3829988215803467, 0.009099669131995173]
[-0.3790524460194664, 0.00812640739194525]
[-0.3790524460194664, 0.00812640739194525]
[-0.3790524460194664, 0.00812640739194525]
[-0.3790524460194664, 0.00812640739194525]
[-0.3790524460194664, 0.00812640739194525]
[-0.3790524460194664, 0.00812640739194525]
[-0.3790524460194664, 0.00812640739194525]
[-0.3790524460194664, 0.00812640739194525]
[-0.37576073596920095, 0.0072923082636676744]
[-0.37576073596920095, 0.0072923082636676744]
[-0.37576073596920095, 0.0072923082636676744]
[-0.37576073596920095, 0.0072923082636676744]
[-0.37576073596920095, 0.0072923082636676744]
[-0.37576073596920095, 0.0072923082636676744]
[-0.37576073596920095, 0.0072923082636676744]
[-0.37576073596920095, 0.0072923082636676744]
[-0.37229409200286856, 0.006338374464835147]
[-0.37229409200286856, 0.006338374464835147]
[-0.37229409200286856, 0.006338374464835147]
[-0.37229409200286856, 0.006338374464835147]
[-0.37229409200286856, 0.006338374464835147]
[-0.37229409200286856, 0.006338374464835147]
[-0.37229409200286856, 0.006338374464835147]
[-0.37229409200286856, 0.006338374464835147]
[-0.36926125152571293, 0.005439556561367323]
[-0.36926125152571293, 0.005439556561367323]
[-0.36926125152571293, 0.005439556561367323]
[-0.36926125152571293, 0.005439556561367323]
[-0.36926125152571293, 0.005439556561367323]
[-0.36926125152571293, 0.005439556561367323]
[-0.36926125152571293, 0.005439556561367323]
[-0.36926125152571293, 0.005439556561367323]
[-0.36622676854842134, 0.00447263522243723]
[-0.36622676854842134, 0.00447263522243723]
[-0.36622676854842134, 0.00447263522243723]
[-0.36622676854842134, 0.00447263522243723]
[-0.36622676854842134, 0.00447263522243723]
[-0.36622676854842134, 0.00447263522243723]
[-0.36622676854842134, 0.00447263522243723]
[-0.36622676854842134, 0.00447263522243723]
[-0.36373611072619727, 0.0037274148083309444]
[-0.36373611072619727, 0.0037274148083309444]
[-0.36373611072619727, 0.0037274148083309444]
[-0.36373611072619727, 0.0037274148083309444]
[-0.36373611072619727, 0.0037274148083309444]
[-0.36373611072619727, 0.0037274148083309444]
[-0.36373611072619727, 0.0037274148083309444]
[-0.36373611072619727, 0.0037274148083309444]
[-0.36075029170208717, 0.0028407544192810916]
[-0.36075029170208717, 0.0028407544192810916]
[-0.36075029170208717, 0.0028407544192810916]
[-0.36075029170208717, 0.0028407544192810916]
[-0.36075029170208717, 0.0028407544192810916]
[-0.36075029170208717, 0.0028407544192810916]
[-0.36075029170208717, 0.0028407544192810916]
[-0.36075029170208717, 0.0028407544192810916]
[-0.35696964215697424, 0.0017970657053404642]
[-0.35696964215697424, 0.0017970657053404642]
[-0.35696964215697424, 0.0017970657053404642]
[-0.35696964215697424, 0.0017970657053404642]
[-0.35696964215697424, 0.0017970657053404642]
[-0.35696964215697424, 0.0017970657053404642]
[-0.35696964215697424, 0.0017970657053404642]
[-0.35696964215697424, 0.0017970657053404642]
[-0.35338578191922554, 0.0008113669628681764]
[-0.35338578191922554, 0.0008113669628681764]
[-0.35338578191922554, 0.0008113669628681764]
[-0.35338578191922554, 0.0008113669628681764]
[-0.35338578191922554, 0.0008113669628681764]
[-0.35338578191922554, 0.0008113669628681764]
[-0.35338578191922554, 0.0008113669628681764]
[-0.35338578191922554, 0.0008113669628681764]
[-0.34968435912013923, -0.00023278794061252638]
[-0.34968435912013923, -0.00023278794061252638]
[-0.34968435912013923, -0.00023278794061252638]
[-0.34968435912013923, -0.00023278794061252638]
[-0.34968435912013923, -0.00023278794061252638]
[-0.34968435912013923, -0.00023278794061252638]
[-0.34968435912013923, -0.00023278794061252638]
[-0.34968435912013923, -0.00023278794061252638]
[-0.346290434367707, -0.0012301640848915222]
[-0.346290434367707, -0.0012301640848915222]
[-0.346290434367707, -0.0012301640848915222]
[-0.346290434367707, -0.0012301640848915222]
[-0.346290434367707, -0.0012301640848915222]
[-0.346290434367707, -0.0012301640848915222]
[-0.346290434367707, -0.0012301640848915222]
[-0.346290434367707, -0.0012301640848915222]
[-0.34375736796871165, -0.001996271396525468]
[-0.34375736796871165, -0.001996271396525468]
[-0.34375736796871165, -0.001996271396525468]
[-0.34375736796871165, -0.001996271396525468]
[-0.34375736796871165, -0.001996271396525468]
[-0.34375736796871165, -0.001996271396525468]
[-0.34375736796871165, -0.001996271396525468]
[-0.34375736796871165, -0.001996271396525468]
[-0.3403556540065315, -0.003017050116365907]
[-0.3403556540065315, -0.003017050116365907]
[-0.3403556540065315, -0.003017050116365907]
[-0.3403556540065315, -0.003017050116365907]
[-0.3403556540065315, -0.003017050116365907]
[-0.3403556540065315, -0.003017050116365907]
[-0.3403556540065315, -0.003017050116365907]
[-0.3403556540065315, -0.003017050116365907]
[-0.3364971136697523, -0.004197593698928072]
[-0.3364971136697523, -0.004197593698928072]
[-0.3364971136697523, -0.004197593698928072]
[-0.3364971136697523, -0.004197593698928072]
[-0.3364971136697523, -0.004197593698928072]
[-0.3364971136697523, -0.004197593698928072]
[-0.3364971136697523, -0.004197593698928072]
[-0.3364971136697523, -0.004197593698928072]
[-0.3328989478271456, -0.005256942411365485]
[-0.3328989478271456, -0.005256942411365485]
[-0.3328989478271456, -0.005256942411365485]
[-0.3328989478271456, -0.005256942411365485]
[-0.3328989478271456, -0.005256942411365485]
[-0.3328989478271456, -0.005256942411365485]
[-0.3328989478271456, -0.005256942411365485]
[-0.3328989478271456, -0.005256942411365485]
[-0.32953915322849087, -0.006215116767119881]
[-0.32953915322849087, -0.006215116767119881]
[-0.32953915322849087, -0.006215116767119881]
[-0.32953915322849087, -0.006215116767119881]
[-0.32953915322849087, -0.006215116767119881]
[-0.32953915322849087, -0.006215116767119881]
[-0.32953915322849087, -0.006215116767119881]
[-0.32953915322849087, -0.006215116767119881]
[-0.32610430232524157, -0.007090976832201207]
[-0.32610430232524157, -0.007090976832201207]
[-0.32610430232524157, -0.007090976832201207]
[-0.32610430232524157, -0.007090976832201207]
[-0.32610430232524157, -0.007090976832201207]
[-0.32610430232524157, -0.007090976832201207]
[-0.32610430232524157, -0.007090976832201207]
[-0.32610430232524157, -0.007090976832201207]
[-0.3229872997274325, -0.007868284615941436]
[-0.3229872997274325, -0.007868284615941436]
[-0.3229872997274325, -0.007868284615941436]
[-0.3229872997274325, -0.007868284615941436]
[-0.3229872997274325, -0.007868284615941436]
[-0.3229872997274325, -0.007868284615941436]
[-0.3229872997274325, -0.007868284615941436]
[-0.3229872997274325, -0.007868284615941436]
[-0.31943678126536956, -0.008674258846754714]
[-0.31943678126536956, -0.008674258846754714]
[-0.31943678126536956, -0.008674258846754714]
[-0.31943678126536956, -0.008674258846754714]
[-0.31943678126536956, -0.008674258846754714]
[-0.31943678126536956, -0.008674258846754714]
[-0.31943678126536956, -0.008674258846754714]
[-0.31943678126536956, -0.008674258846754714]
[-0.31577524935481716, -0.009524922770901379]
[-0.31577524935481716, -0.009524922770901379]
[-0.31577524935481716, -0.009524922770901379]
[-0.31577524935481716, -0.009524922770901379]
[-0.31577524935481716, -0.009524922770901379]
[-0.31577524935481716, -0.009524922770901379]
[-0.31577524935481716, -0.009524922770901379]
[-0.31577524935481716, -0.009524922770901379]
[-0.3121038037912463, -0.010390115600645827]
[-0.3121038037912463, -0.010390115600645827]
[-0.3121038037912463, -0.010390115600645827]
[-0.3121038037912463, -0.010390115600645827]
[-0.3121038037912463, -0.010390115600645827]
[-0.3121038037912463, -0.010390115600645827]
[-0.3121038037912463, -0.010390115600645827]
[-0.3121038037912463, -0.010390115600645827]
[-0.3083928450347805, -0.011270334323625026]
[-0.3083928450347805, -0.011270334323625026]
[-0.3083928450347805, -0.011270334323625026]
[-0.3083928450347805, -0.011270334323625026]
[-0.3083928450347805, -0.011270334323625026]
[-0.3083928450347805, -0.011270334323625026]
[-0.3083928450347805, -0.011270334323625026]
[-0.3083928450347805, -0.011270334323625026]
[-0.3048198926537121, -0.012141523008997991]
[-0.3048198926537121, -0.012141523008997991]
[-0.3048198926537121, -0.012141523008997991]
[-0.3048198926537121, -0.012141523008997991]
[-0.3048198926537121, -0.012141523008997991]
[-0.3048198926537121, -0.012141523008997991]
[-0.3048198926537121, -0.012141523008997991]
[-0.3048198926537121, -0.012141523008997991]
[-0.30209456485159186, -0.012822465007950843]
[-0.30209456485159186, -0.012822465007950843]
[-0.30209456485159186, -0.012822465007950843]
[-0.30209456485159186, -0.012822465007950843]
[-0.30209456485159186, -0.012822465007950843]
[-0.30209456485159186, -0.012822465007950843]
[-0.30209456485159186, -0.012822465007950843]
[-0.30209456485159186, -0.012822465007950843]
[-0.2994565128545598, -0.013452132904399918]
[-0.2994565128545598, -0.013452132904399918]
[-0.2994565128545598, -0.013452132904399918]
[-0.2994565128545598, -0.013452132904399918]
[-0.2994565128545598, -0.013452132904399918]
[-0.2994565128545598, -0.013452132904399918]
[-0.2994565128545598, -0.013452132904399918]
[-0.2994565128545598, -0.013452132904399918]
[-0.2960749043978206, -0.014232445468303592]
[-0.2960749043978206, -0.014232445468303592]
[-0.2960749043978206, -0.014232445468303592]
[-0.2960749043978206, -0.014232445468303592]
[-0.2960749043978206, -0.014232445468303592]
[-0.2960749043978206, -0.014232445468303592]
[-0.2960749043978206, -0.014232445468303592]
[-0.2960749043978206, -0.014232445468303592]
[-0.29275731986411246, -0.015015608741082705]
[-0.29275731986411246, -0.015015608741082705]
[-0.29275731986411246, -0.015015608741082705]
[-0.29275731986411246, -0.015015608741082705]
[-0.29275731986411246, -0.015015608741082705]
[-0.29275731986411246, -0.015015608741082705]
[-0.29275731986411246, -0.015015608741082705]
[-0.29275731986411246, -0.015015608741082705]
[-0.28921389514681534, -0.015875262134222662]
[-0.28921389514681534, -0.015875262134222662]
[-0.28921389514681534, -0.015875262134222662]
[-0.28921389514681534, -0.015875262134222662]
[-0.28921389514681534, -0.015875262134222662]
[-0.28921389514681534, -0.015875262134222662]
[-0.28921389514681534, -0.015875262134222662]
[-0.28921389514681534, -0.015875262134222662]
[-0.28564519312657305, -0.0167389744916897]
[-0.28564519312657305, -0.0167389744916897]
[-0.28564519312657305, -0.0167389744916897]
[-0.28564519312657305, -0.0167389744916897]
[-0.28564519312657305, -0.0167389744916897]
[-0.28564519312657305, -0.0167389744916897]
[-0.28564519312657305, -0.0167389744916897]
[-0.28564519312657305, -0.0167389744916897]
[-0.28204415244708125, -0.017557436331418118]
[-0.28204415244708125, -0.017557436331418118]
[-0.28204415244708125, -0.017557436331418118]
[-0.28204415244708125, -0.017557436331418118]
[-0.28204415244708125, -0.017557436331418118]
[-0.28204415244708125, -0.017557436331418118]
[-0.28204415244708125, -0.017557436331418118]
[-0.28204415244708125, -0.017557436331418118]
[-0.27881671567338956, -0.018204384958097022]
[-0.27881671567338956, -0.018204384958097022]
[-0.27881671567338956, -0.018204384958097022]
[-0.27881671567338956, -0.018204384958097022]
[-0.27881671567338956, -0.018204384958097022]
[-0.27881671567338956, -0.018204384958097022]
[-0.27881671567338956, -0.018204384958097022]
[-0.27881671567338956, -0.018204384958097022]
[-0.27536119921293867, -0.018951325972518182]
[-0.27536119921293867, -0.018951325972518182]
[-0.27536119921293867, -0.018951325972518182]
[-0.27536119921293867, -0.018951325972518182]
[-0.27536119921293867, -0.018951325972518182]
[-0.27536119921293867, -0.018951325972518182]
[-0.27536119921293867, -0.018951325972518182]
[-0.27536119921293867, -0.018951325972518182]
[-0.2716080528786513, -0.019778087950906496]
[-0.2716080528786513, -0.019778087950906496]
[-0.2716080528786513, -0.019778087950906496]
[-0.2716080528786513, -0.019778087950906496]
[-0.2716080528786513, -0.019778087950906496]
[-0.2716080528786513, -0.019778087950906496]
[-0.2716080528786513, -0.019778087950906496]
[-0.2716080528786513, -0.019778087950906496]
[-0.26771131383141494, -0.020601204012567244]
[-0.26771131383141494, -0.020601204012567244]
[-0.26771131383141494, -0.020601204012567244]
[-0.26771131383141494, -0.020601204012567244]
[-0.26771131383141494, -0.020601204012567244]
[-0.26771131383141494, -0.020601204012567244]
[-0.26771131383141494, -0.020601204012567244]
[-0.26771131383141494, -0.020601204012567244]
[-0.26423825051120314, -0.02129809844290316]
[-0.26423825051120314, -0.02129809844290316]
[-0.26423825051120314, -0.02129809844290316]
[-0.26423825051120314, -0.02129809844290316]
[-0.26423825051120314, -0.02129809844290316]
[-0.26423825051120314, -0.02129809844290316]
[-0.26423825051120314, -0.02129809844290316]
[-0.26423825051120314, -0.02129809844290316]
[-0.2610469444223401, -0.021931545254274345]
[-0.2610469444223401, -0.021931545254274345]
[-0.2610469444223401, -0.021931545254274345]
[-0.2610469444223401, -0.021931545254274345]
[-0.2610469444223401, -0.021931545254274345]
[-0.2610469444223401, -0.021931545254274345]
[-0.2610469444223401, -0.021931545254274345]
[-0.2610469444223401, -0.021931545254274345]
[-0.25794271320682444, -0.022454062641878207]
[-0.25794271320682444, -0.022454062641878207]
[-0.25794271320682444, -0.022454062641878207]
[-0.25794271320682444, -0.022454062641878207]
[-0.25794271320682444, -0.022454062641878207]
[-0.25794271320682444, -0.022454062641878207]
[-0.25794271320682444, -0.022454062641878207]
[-0.25794271320682444, -0.022454062641878207]
[-0.255007403045699, -0.022882939680549927]
[-0.255007403045699, -0.022882939680549927]
[-0.255007403045699, -0.022882939680549927]
[-0.255007403045699, -0.022882939680549927]
[-0.255007403045699, -0.022882939680549927]
[-0.255007403045699, -0.022882939680549927]
[-0.255007403045699, -0.022882939680549927]
[-0.255007403045699, -0.022882939680549927]
[-0.25173125744342206, -0.023321565446874658]
[-0.25173125744342206, -0.023321565446874658]
[-0.25173125744342206, -0.023321565446874658]
[-0.25173125744342206, -0.023321565446874658]
[-0.25173125744342206, -0.023321565446874658]
[-0.25173125744342206, -0.023321565446874658]
[-0.25173125744342206, -0.023321565446874658]
[-0.25173125744342206, -0.023321565446874658]
[-0.2482235041543397, -0.0238517307733344]
[-0.2482235041543397, -0.0238517307733344]
[-0.2482235041543397, -0.0238517307733344]
[-0.2482235041543397, -0.0238517307733344]
[-0.2482235041543397, -0.0238517307733344]
[-0.2482235041543397, -0.0238517307733344]
[-0.2482235041543397, -0.0238517307733344]
[-0.2482235041543397, -0.0238517307733344]
[-0.24438023668014616, -0.024451497333913816]
[-0.24438023668014616, -0.024451497333913816]
[-0.24438023668014616, -0.024451497333913816]
[-0.24438023668014616, -0.024451497333913816]
[-0.24438023668014616, -0.024451497333913816]
[-0.24438023668014616, -0.024451497333913816]
[-0.24438023668014616, -0.024451497333913816]
[-0.24438023668014616, -0.024451497333913816]
[-0.2415587151263747, -0.024870855750320806]
[-0.2415587151263747, -0.024870855750320806]
[-0.2415587151263747, -0.024870855750320806]
[-0.2415587151263747, -0.024870855750320806]
[-0.2415587151263747, -0.024870855750320806]
[-0.2415587151263747, -0.024870855750320806]
[-0.2415587151263747, -0.024870855750320806]
[-0.2415587151263747, -0.024870855750320806]
[-0.2381396115003936, -0.02536719069239201]
[-0.2381396115003936, -0.02536719069239201]
[-0.2381396115003936, -0.02536719069239201]
[-0.2381396115003936, -0.02536719069239201]
[-0.2381396115003936, -0.02536719069239201]
[-0.2381396115003936, -0.02536719069239201]
[-0.2381396115003936, -0.02536719069239201]
[-0.2381396115003936, -0.02536719069239201]
[-0.2343180667129956, -0.02595816420329703]
[-0.2343180667129956, -0.02595816420329703]
[-0.2343180667129956, -0.02595816420329703]
[-0.2343180667129956, -0.02595816420329703]
[-0.2343180667129956, -0.02595816420329703]
[-0.2343180667129956, -0.02595816420329703]
[-0.2343180667129956, -0.02595816420329703]
[-0.2343180667129956, -0.02595816420329703]
[-0.23086423678348636, -0.026506877670488777]
[-0.23086423678348636, -0.026506877670488777]
[-0.23086423678348636, -0.026506877670488777]
[-0.23086423678348636, -0.026506877670488777]
[-0.23086423678348636, -0.026506877670488777]
[-0.23086423678348636, -0.026506877670488777]
[-0.23086423678348636, -0.026506877670488777]
[-0.23086423678348636, -0.026506877670488777]
[-0.2282042945913755, -0.026952903642598832]
[-0.2282042945913755, -0.026952903642598832]
[-0.2282042945913755, -0.026952903642598832]
[-0.2282042945913755, -0.026952903642598832]
[-0.2282042945913755, -0.026952903642598832]
[-0.2282042945913755, -0.026952903642598832]
[-0.2282042945913755, -0.026952903642598832]
[-0.2282042945913755, -0.026952903642598832]
[-0.22448532174469624, -0.027560265533734904]
[-0.22448532174469624, -0.027560265533734904]
[-0.22448532174469624, -0.027560265533734904]
[-0.22448532174469624, -0.027560265533734904]
[-0.22448532174469624, -0.027560265533734904]
[-0.22448532174469624, -0.027560265533734904]
[-0.22448532174469624, -0.027560265533734904]
[-0.22448532174469624, -0.027560265533734904]
[-0.22073514656623958, -0.028188388525179426]
[-0.22073514656623958, -0.028188388525179426]
[-0.22073514656623958, -0.028188388525179426]
[-0.22073514656623958, -0.028188388525179426]
[-0.22073514656623958, -0.028188388525179426]
[-0.22073514656623958, -0.028188388525179426]
[-0.22073514656623958, -0.028188388525179426]
[-0.22073514656623958, -0.028188388525179426]
[-0.21739942483049124, -0.028745293313060895]
[-0.21739942483049124, -0.028745293313060895]
[-0.21739942483049124, -0.028745293313060895]
[-0.21739942483049124, -0.028745293313060895]
[-0.21739942483049124, -0.028745293313060895]
[-0.21739942483049124, -0.028745293313060895]
[-0.21739942483049124, -0.028745293313060895]
[-0.21739942483049124, -0.028745293313060895]
[-0.21382279539018467, -0.029400504948105106]
[-0.21382279539018467, -0.029400504948105106]
[-0.21382279539018467, -0.029400504948105106]
[-0.21382279539018467, -0.029400504948105106]
[-0.21382279539018467, -0.029400504948105106]
[-0.21382279539018467, -0.029400504948105106]
[-0.21382279539018467, -0.029400504948105106]
[-0.21382279539018467, -0.029400504948105106]
[-0.21030677561324868, -0.03008828033631824]
[-0.21030677561324868, -0.03008828033631824]
[-0.21030677561324868, -0.03008828033631824]
[-0.21030677561324868, -0.03008828033631824]
[-0.21030677561324868, -0.03008828033631824]
[-0.21030677561324868, -0.03008828033631824]
[-0.21030677561324868, -0.03008828033631824]
[-0.21030677561324868, -0.03008828033631824]
