[-0.7303739991833138, 0.006081820112773114]
[-0.7303739991833138, 0.006081820112773114]
[-0.7303739991833138, 0.006081820112773114]
[-0.7303739991833138, 0.006081820112773114]
[-0.7303739991833138, 0.006081820112773114]
[-0.7303739991833138, 0.006081820112773114]
[-0.7303739991833138, 0.006081820112773114]
[-0.7303739991833138, 0.006081820112773114]
[-0.728853433716446, 0.006200677525825192]
[-0.728853433716446, 0.006200677525825192]
[-0.728853433716446, 0.006200677525825192]
[-0.728853433716446, 0.006200677525825192]
[-0.728853433716446, 0.006200677525825192]
[-0.728853433716446, 0.006200677525825192]
[-0.728853433716446, 0.006200677525825192]
[-0.728853433716446, 0.006200677525825192]
[-0.7271651222310374, 0.0063168266587330085]
[-0.7271651222310374, 0.0063168266587330085]
[-0.7271651222310374, 0.0063168266587330085]
[-0.7271651222310374, 0.0063168266587330085]
[-0.7271651222310374, 0.0063168266587330085]
[-0.7271651222310374, 0.0063168266587330085]
[-0.7271651222310374, 0.0063168266587330085]
[-0.7271651222310374, 0.0063168266587330085]
[-0.7256672923097687, 0.0064054366566776615]
[-0.7256672923097687, 0.0064054366566776615]
[-0.7256672923097687, 0.0064054366566776615]
[-0.7256672923097687, 0.0064054366566776615]
[-0.7256672923097687, 0.0064054366566776615]
[-0.7256672923097687, 0.0064054366566776615]
[-0.7256672923097687, 0.0064054366566776615]
[-0.7256672923097687, 0.0064054366566776615]
[-0.723745271929438, 0.0065107587391522274]
[-0.723745271929438, 0.0065107587391522274]
[-0.723745271929438, 0.0065107587391522274]
[-0.723745271929438, 0.0065107587391522274]
[-0.723745271929438, 0.0065107587391522274]
[-0.723745271929438, 0.0065107587391522274]
[-0.723745271929438, 0.0065107587391522274]
[-0.723745271929438, 0.0065107587391522274]
[-0.722072221627558, 0.006609714923208819]
[-0.722072221627558, 0.006609714923208819]
[-0.722072221627558, 0.006609714923208819]
[-0.722072221627558, 0.006609714923208819]
[-0.722072221627558, 0.006609714923208819]
[-0.722072221627558, 0.006609714923208819]
[-0.722072221627558, 0.006609714923208819]
[-0.722072221627558, 0.006609714923208819]
[-0.7203908475723473, 0.00670060068602736]
[-0.7203908475723473, 0.00670060068602736]
[-0.7203908475723473, 0.00670060068602736]
[-0.7203908475723473, 0.00670060068602736]
[-0.7203908475723473, 0.00670060068602736]
[-0.7203908475723473, 0.00670060068602736]
[-0.7203908475723473, 0.00670060068602736]
[-0.7203908475723473, 0.00670060068602736]
[-0.7189768436297561, 0.006776200191087721]
[-0.7189768436297561, 0.006776200191087721]
[-0.7189768436297561, 0.006776200191087721]
[-0.7189768436297561, 0.006776200191087721]
[-0.7189768436297561, 0.006776200191087721]
[-0.7189768436297561, 0.006776200191087721]
[-0.7189768436297561, 0.006776200191087721]
[-0.7189768436297561, 0.006776200191087721]
[-0.7172599081133932, 0.006849012145200052]
[-0.7172599081133932, 0.006849012145200052]
[-0.7172599081133932, 0.006849012145200052]
[-0.7172599081133932, 0.006849012145200052]
[-0.7172599081133932, 0.006849012145200052]
[-0.7172599081133932, 0.006849012145200052]
[-0.7172599081133932, 0.006849012145200052]
[-0.7172599081133932, 0.006849012145200052]
[-0.7155918472843065, 0.006916557539648039]
[-0.7155918472843065, 0.006916557539648039]
[-0.7155918472843065, 0.006916557539648039]
[-0.7155918472843065, 0.006916557539648039]
[-0.7155918472843065, 0.006916557539648039]
[-0.7155918472843065, 0.006916557539648039]
[-0.7155918472843065, 0.006916557539648039]
[-0.7155918472843065, 0.006916557539648039]
[-0.7138846421202811, 0.006977680117046008]
[-0.7138846421202811, 0.006977680117046008]
[-0.7138846421202811, 0.006977680117046008]
[-0.7138846421202811, 0.006977680117046008]
[-0.7138846421202811, 0.006977680117046008]
[-0.7138846421202811, 0.006977680117046008]
[-0.7138846421202811, 0.006977680117046008]
[-0.7138846421202811, 0.006977680117046008]
[-0.712087524606485, 0.007042859680857787]
[-0.712087524606485, 0.007042859680857787]
[-0.712087524606485, 0.007042859680857787]
[-0.712087524606485, 0.007042859680857787]
[-0.712087524606485, 0.007042859680857787]
[-0.712087524606485, 0.007042859680857787]
[-0.712087524606485, 0.007042859680857787]
[-0.712087524606485, 0.007042859680857787]
[-0.7100256076120639, 0.007130019425691336]
[-0.7100256076120639, 0.007130019425691336]
[-0.7100256076120639, 0.007130019425691336]
[-0.7100256076120639, 0.007130019425691336]
[-0.7100256076120639, 0.007130019425691336]
[-0.7100256076120639, 0.007130019425691336]
[-0.7100256076120639, 0.007130019425691336]
[-0.7100256076120639, 0.007130019425691336]
[-0.708335803809821, 0.00720860274833804]
[-0.708335803809821, 0.00720860274833804]
[-0.708335803809821, 0.00720860274833804]
[-0.708335803809821, 0.00720860274833804]
[-0.708335803809821, 0.00720860274833804]
[-0.708335803809821, 0.00720860274833804]
[-0.708335803809821, 0.00720860274833804]
[-0.708335803809821, 0.00720860274833804]
[-0.7066347459903354, 0.007279883714414985]
[-0.7066347459903354, 0.007279883714414985]
[-0.7066347459903354, 0.007279883714414985]
[-0.7066347459903354, 0.007279883714414985]
[-0.7066347459903354, 0.007279883714414985]
[-0.7066347459903354, 0.007279883714414985]
[-0.7066347459903354, 0.007279883714414985]
[-0.7066347459903354, 0.007279883714414985]
[-0.705360368849685, 0.007321628609657431]
[-0.705360368849685, 0.007321628609657431]
[-0.705360368849685, 0.007321628609657431]
[-0.705360368849685, 0.007321628609657431]
[-0.705360368849685, 0.007321628609657431]
[-0.705360368849685, 0.007321628609657431]
[-0.705360368849685, 0.007321628609657431]
[-0.705360368849685, 0.007321628609657431]
[-0.7035107910792641, 0.007364848356843644]
[-0.7035107910792641, 0.007364848356843644]
[-0.7035107910792641, 0.007364848356843644]
[-0.7035107910792641, 0.007364848356843644]
[-0.7035107910792641, 0.007364848356843644]
[-0.7035107910792641, 0.007364848356843644]
[-0.7035107910792641, 0.007364848356843644]
[-0.7035107910792641, 0.007364848356843644]
[-0.701834377541902, 0.0074151338568838095]
[-0.701834377541902, 0.0074151338568838095]
[-0.701834377541902, 0.0074151338568838095]
[-0.701834377541902, 0.0074151338568838095]
[-0.701834377541902, 0.0074151338568838095]
[-0.701834377541902, 0.0074151338568838095]
[-0.701834377541902, 0.0074151338568838095]
[-0.701834377541902, 0.0074151338568838095]
[-0.7004016233191402, 0.007458318495440374]
[-0.7004016233191402, 0.007458318495440374]
[-0.7004016233191402, 0.007458318495440374]
[-0.7004016233191402, 0.007458318495440374]
[-0.7004016233191402, 0.007458318495440374]
[-0.7004016233191402, 0.007458318495440374]
[-0.7004016233191402, 0.007458318495440374]
[-0.7004016233191402, 0.007458318495440374]
[-0.6988412018080412, 0.007488938772579747]
[-0.6988412018080412, 0.007488938772579747]
[-0.6988412018080412, 0.007488938772579747]
[-0.6988412018080412, 0.007488938772579747]
[-0.6988412018080412, 0.007488938772579747]
[-0.6988412018080412, 0.007488938772579747]
[-0.6988412018080412, 0.007488938772579747]
[-0.6988412018080412, 0.007488938772579747]
[-0.6976936202820033, 0.0075010603824274815]
[-0.6976936202820033, 0.0075010603824274815]
[-0.6976936202820033, 0.0075010603824274815]
[-0.6976936202820033, 0.0075010603824274815]
[-0.6976936202820033, 0.0075010603824274815]
[-0.6976936202820033, 0.0075010603824274815]
[-0.6976936202820033, 0.0075010603824274815]
[-0.6976936202820033, 0.0075010603824274815]
[-0.6961435876160894, 0.007486165532523936]
[-0.6961435876160894, 0.007486165532523936]
[-0.6961435876160894, 0.007486165532523936]
[-0.6961435876160894, 0.007486165532523936]
[-0.6961435876160894, 0.007486165532523936]
[-0.6961435876160894, 0.007486165532523936]
[-0.6961435876160894, 0.007486165532523936]
[-0.6961435876160894, 0.007486165532523936]
[-0.6946736666870433, 0.00746192243536308]
[-0.6946736666870433, 0.00746192243536308]
[-0.6946736666870433, 0.00746192243536308]
[-0.6946736666870433, 0.00746192243536308]
[-0.6946736666870433, 0.00746192243536308]
[-0.6946736666870433, 0.00746192243536308]
[-0.6946736666870433, 0.00746192243536308]
[-0.6946736666870433, 0.00746192243536308]
[-0.6932746617503036, 0.007427449207052221]
[-0.6932746617503036, 0.007427449207052221]
[-0.6932746617503036, 0.007427449207052221]
[-0.6932746617503036, 0.007427449207052221]
[-0.6932746617503036, 0.007427449207052221]
[-0.6932746617503036, 0.007427449207052221]
[-0.6932746617503036, 0.007427449207052221]
[-0.6932746617503036, 0.007427449207052221]
[-0.6917673210749085, 0.007379326168614711]
[-0.6917673210749085, 0.007379326168614711]
[-0.6917673210749085, 0.007379326168614711]
[-0.6917673210749085, 0.007379326168614711]
[-0.6917673210749085, 0.007379326168614711]
[-0.6917673210749085, 0.007379326168614711]
[-0.6917673210749085, 0.007379326168614711]
[-0.6917673210749085, 0.007379326168614711]
[-0.6900826597952859, 0.0073216321756228876]
[-0.6900826597952859, 0.0073216321756228876]
[-0.6900826597952859, 0.0073216321756228876]
[-0.6900826597952859, 0.0073216321756228876]
[-0.6900826597952859, 0.0073216321756228876]
[-0.6900826597952859, 0.0073216321756228876]
[-0.6900826597952859, 0.0073216321756228876]
[-0.6900826597952859, 0.0073216321756228876]
[-0.6886035587140859, 0.007270154801338275]
[-0.6886035587140859, 0.007270154801338275]
[-0.6886035587140859, 0.007270154801338275]
[-0.6886035587140859, 0.007270154801338275]
[-0.6886035587140859, 0.007270154801338275]
[-0.6886035587140859, 0.007270154801338275]
[-0.6886035587140859, 0.007270154801338275]
[-0.6886035587140859, 0.007270154801338275]
[-0.6867408639689236, 0.0071936440839425915]
[-0.6867408639689236, 0.0071936440839425915]
[-0.6867408639689236, 0.0071936440839425915]
[-0.6867408639689236, 0.0071936440839425915]
[-0.6867408639689236, 0.0071936440839425915]
[-0.6867408639689236, 0.0071936440839425915]
[-0.6867408639689236, 0.0071936440839425915]
[-0.6867408639689236, 0.0071936440839425915]
[-0.6853235994081986, 0.0071534861022339215]
[-0.6853235994081986, 0.0071534861022339215]
[-0.6853235994081986, 0.0071534861022339215]
[-0.6853235994081986, 0.0071534861022339215]
[-0.6853235994081986, 0.0071534861022339215]
[-0.6853235994081986, 0.0071534861022339215]
[-0.6853235994081986, 0.0071534861022339215]
[-0.6853235994081986, 0.0071534861022339215]
[-0.6834549266518546, 0.0070862607845213225]
[-0.6834549266518546, 0.0070862607845213225]
[-0.6834549266518546, 0.0070862607845213225]
[-0.6834549266518546, 0.0070862607845213225]
[-0.6834549266518546, 0.0070862607845213225]
[-0.6834549266518546, 0.0070862607845213225]
[-0.6834549266518546, 0.0070862607845213225]
[-0.6834549266518546, 0.0070862607845213225]
[-0.6816364188614492, 0.00703379836712052]
[-0.6816364188614492, 0.00703379836712052]
[-0.6816364188614492, 0.00703379836712052]
[-0.6816364188614492, 0.00703379836712052]
[-0.6816364188614492, 0.00703379836712052]
[-0.6816364188614492, 0.00703379836712052]
[-0.6816364188614492, 0.00703379836712052]
[-0.6816364188614492, 0.00703379836712052]
[-0.6804330073745765, 0.007001711945672951]
[-0.6804330073745765, 0.007001711945672951]
[-0.6804330073745765, 0.007001711945672951]
[-0.6804330073745765, 0.007001711945672951]
[-0.6804330073745765, 0.007001711945672951]
[-0.6804330073745765, 0.007001711945672951]
[-0.6804330073745765, 0.007001711945672951]
[-0.6804330073745765, 0.007001711945672951]
[-0.6782025745172963, 0.006937828454631858]
[-0.6782025745172963, 0.006937828454631858]
[-0.6782025745172963, 0.006937828454631858]
[-0.6782025745172963, 0.006937828454631858]
[-0.6782025745172963, 0.006937828454631858]
[-0.6782025745172963, 0.006937828454631858]
[-0.6782025745172963, 0.006937828454631858]
[-0.6782025745172963, 0.006937828454631858]
[-0.6767687503572911, 0.006911230328075683]
[-0.6767687503572911, 0.006911230328075683]
[-0.6767687503572911, 0.006911230328075683]
[-0.6767687503572911, 0.006911230328075683]
[-0.6767687503572911, 0.006911230328075683]
[-0.6767687503572911, 0.006911230328075683]
[-0.6767687503572911, 0.006911230328075683]
[-0.6767687503572911, 0.006911230328075683]
[-0.6750849826279522, 0.006872625553631711]
[-0.6750849826279522, 0.006872625553631711]
[-0.6750849826279522, 0.006872625553631711]
[-0.6750849826279522, 0.006872625553631711]
[-0.6750849826279522, 0.006872625553631711]
[-0.6750849826279522, 0.006872625553631711]
[-0.6750849826279522, 0.006872625553631711]
[-0.6750849826279522, 0.006872625553631711]
[-0.6731285453728687, 0.006838002876337607]
[-0.6731285453728687, 0.006838002876337607]
[-0.6731285453728687, 0.006838002876337607]
[-0.6731285453728687, 0.006838002876337607]
[-0.6731285453728687, 0.006838002876337607]
[-0.6731285453728687, 0.006838002876337607]
[-0.6731285453728687, 0.006838002876337607]
[-0.6731285453728687, 0.006838002876337607]
[-0.6708128909779922, 0.006835400350937686]
[-0.6708128909779922, 0.006835400350937686]
[-0.6708128909779922, 0.006835400350937686]
[-0.6708128909779922, 0.006835400350937686]
[-0.6708128909779922, 0.006835400350937686]
[-0.6708128909779922, 0.006835400350937686]
[-0.6708128909779922, 0.006835400350937686]
[-0.6708128909779922, 0.006835400350937686]
[-0.668941096999454, 0.006875330833862345]
[-0.668941096999454, 0.006875330833862345]
[-0.668941096999454, 0.006875330833862345]
[-0.668941096999454, 0.006875330833862345]
[-0.668941096999454, 0.006875330833862345]
[-0.668941096999454, 0.006875330833862345]
[-0.668941096999454, 0.006875330833862345]
[-0.668941096999454, 0.006875330833862345]
[-0.6667895707665538, 0.00693670448893031]
[-0.6667895707665538, 0.00693670448893031]
[-0.6667895707665538, 0.00693670448893031]
[-0.6667895707665538, 0.00693670448893031]
[-0.6667895707665538, 0.00693670448893031]
[-0.6667895707665538, 0.00693670448893031]
[-0.6667895707665538, 0.00693670448893031]
[-0.6667895707665538, 0.00693670448893031]
[-0.6650788177668525, 0.007004854585801121]
[-0.6650788177668525, 0.007004854585801121]
[-0.6650788177668525, 0.007004854585801121]
[-0.6650788177668525, 0.007004854585801121]
[-0.6650788177668525, 0.007004854585801121]
[-0.6650788177668525, 0.007004854585801121]
[-0.6650788177668525, 0.007004854585801121]
[-0.6650788177668525, 0.007004854585801121]
[-0.6630728764933872, 0.0070802388951695695]
[-0.6630728764933872, 0.0070802388951695695]
[-0.6630728764933872, 0.0070802388951695695]
[-0.6630728764933872, 0.0070802388951695695]
[-0.6630728764933872, 0.0070802388951695695]
[-0.6630728764933872, 0.0070802388951695695]
[-0.6630728764933872, 0.0070802388951695695]
[-0.6630728764933872, 0.0070802388951695695]
[-0.6612569507391782, 0.00716292343837357]
[-0.6612569507391782, 0.00716292343837357]
[-0.6612569507391782, 0.00716292343837357]
[-0.6612569507391782, 0.00716292343837357]
[-0.6612569507391782, 0.00716292343837357]
[-0.6612569507391782, 0.00716292343837357]
[-0.6612569507391782, 0.00716292343837357]
[-0.6612569507391782, 0.00716292343837357]
[-0.659536979496343, 0.007240238079709162]
[-0.659536979496343, 0.007240238079709162]
[-0.659536979496343, 0.007240238079709162]
[-0.659536979496343, 0.007240238079709162]
[-0.659536979496343, 0.007240238079709162]
[-0.659536979496343, 0.007240238079709162]
[-0.659536979496343, 0.007240238079709162]
[-0.659536979496343, 0.007240238079709162]
[-0.6575584148796786, 0.007334750155322825]
[-0.6575584148796786, 0.007334750155322825]
[-0.6575584148796786, 0.007334750155322825]
[-0.6575584148796786, 0.007334750155322825]
[-0.6575584148796786, 0.007334750155322825]
[-0.6575584148796786, 0.007334750155322825]
[-0.6575584148796786, 0.007334750155322825]
[-0.6575584148796786, 0.007334750155322825]
[-0.656060709697923, 0.007406859116366061]
[-0.656060709697923, 0.007406859116366061]
[-0.656060709697923, 0.007406859116366061]
[-0.656060709697923, 0.007406859116366061]
[-0.656060709697923, 0.007406859116366061]
[-0.656060709697923, 0.007406859116366061]
[-0.656060709697923, 0.007406859116366061]
[-0.656060709697923, 0.007406859116366061]
[-0.6538282139146647, 0.007516822843100126]
[-0.6538282139146647, 0.007516822843100126]
[-0.6538282139146647, 0.007516822843100126]
[-0.6538282139146647, 0.007516822843100126]
[-0.6538282139146647, 0.007516822843100126]
[-0.6538282139146647, 0.007516822843100126]
[-0.6538282139146647, 0.007516822843100126]
[-0.6538282139146647, 0.007516822843100126]
[-0.6521040119247333, 0.007619460730749876]
[-0.6521040119247333, 0.007619460730749876]
[-0.6521040119247333, 0.007619460730749876]
[-0.6521040119247333, 0.007619460730749876]
[-0.6521040119247333, 0.007619460730749876]
[-0.6521040119247333, 0.007619460730749876]
[-0.6521040119247333, 0.007619460730749876]
[-0.6521040119247333, 0.007619460730749876]
[-0.6497052050856452, 0.007768388431858863]
[-0.6497052050856452, 0.007768388431858863]
[-0.6497052050856452, 0.007768388431858863]
[-0.6497052050856452, 0.007768388431858863]
[-0.6497052050856452, 0.007768388431858863]
[-0.6497052050856452, 0.007768388431858863]
[-0.6497052050856452, 0.007768388431858863]
[-0.6497052050856452, 0.007768388431858863]
[-0.6477169899947243, 0.007925624233129062]
[-0.6477169899947243, 0.007925624233129062]
[-0.6477169899947243, 0.007925624233129062]
[-0.6477169899947243, 0.007925624233129062]
[-0.6477169899947243, 0.007925624233129062]
[-0.6477169899947243, 0.007925624233129062]
[-0.6477169899947243, 0.007925624233129062]
[-0.6477169899947243, 0.007925624233129062]
[-0.6457666557463105, 0.008088757451079901]
[-0.6457666557463105, 0.008088757451079901]
[-0.6457666557463105, 0.008088757451079901]
[-0.6457666557463105, 0.008088757451079901]
[-0.6457666557463105, 0.008088757451079901]
[-0.6457666557463105, 0.008088757451079901]
[-0.6457666557463105, 0.008088757451079901]
[-0.6457666557463105, 0.008088757451079901]
[-0.6444007144375306, 0.008204950313873288]
[-0.6444007144375306, 0.008204950313873288]
[-0.6444007144375306, 0.008204950313873288]
[-0.6444007144375306, 0.008204950313873288]
[-0.6444007144375306, 0.008204950313873288]
[-0.6444007144375306, 0.008204950313873288]
[-0.6444007144375306, 0.008204950313873288]
[-0.6444007144375306, 0.008204950313873288]
[-0.6425916024896835, 0.008321476134349344]
[-0.6425916024896835, 0.008321476134349344]
[-0.6425916024896835, 0.008321476134349344]
[-0.6425916024896835, 0.008321476134349344]
[-0.6425916024896835, 0.008321476134349344]
[-0.6425916024896835, 0.008321476134349344]
[-0.6425916024896835, 0.008321476134349344]
[-0.6425916024896835, 0.008321476134349344]
[-0.6405122375449559, 0.008458446667295503]
[-0.6405122375449559, 0.008458446667295503]
[-0.6405122375449559, 0.008458446667295503]
[-0.6405122375449559, 0.008458446667295503]
[-0.6405122375449559, 0.008458446667295503]
[-0.6405122375449559, 0.008458446667295503]
[-0.6405122375449559, 0.008458446667295503]
[-0.6405122375449559, 0.008458446667295503]
[-0.6382946851062165, 0.00863644975537276]
[-0.6382946851062165, 0.00863644975537276]
[-0.6382946851062165, 0.00863644975537276]
[-0.6382946851062165, 0.00863644975537276]
[-0.6382946851062165, 0.00863644975537276]
[-0.6382946851062165, 0.00863644975537276]
[-0.6382946851062165, 0.00863644975537276]
[-0.6382946851062165, 0.00863644975537276]
[-0.6365038645665739, 0.0087964181117113]
[-0.6365038645665739, 0.0087964181117113]
[-0.6365038645665739, 0.0087964181117113]
[-0.6365038645665739, 0.0087964181117113]
[-0.6365038645665739, 0.0087964181117113]
[-0.6365038645665739, 0.0087964181117113]
[-0.6365038645665739, 0.0087964181117113]
[-0.6365038645665739, 0.0087964181117113]
[-0.6342709209014624, 0.009001603435922255]
[-0.6342709209014624, 0.009001603435922255]
[-0.6342709209014624, 0.009001603435922255]
[-0.6342709209014624, 0.009001603435922255]
[-0.6342709209014624, 0.009001603435922255]
[-0.6342709209014624, 0.009001603435922255]
[-0.6342709209014624, 0.009001603435922255]
[-0.6342709209014624, 0.009001603435922255]
[-0.6323118641352776, 0.00919600280005872]
[-0.6323118641352776, 0.00919600280005872]
[-0.6323118641352776, 0.00919600280005872]
[-0.6323118641352776, 0.00919600280005872]
[-0.6323118641352776, 0.00919600280005872]
[-0.6323118641352776, 0.00919600280005872]
[-0.6323118641352776, 0.00919600280005872]
[-0.6323118641352776, 0.00919600280005872]
[-0.6301185179954917, 0.009418688542826221]
[-0.6301185179954917, 0.009418688542826221]
[-0.6301185179954917, 0.009418688542826221]
[-0.6301185179954917, 0.009418688542826221]
[-0.6301185179954917, 0.009418688542826221]
[-0.6301185179954917, 0.009418688542826221]
[-0.6301185179954917, 0.009418688542826221]
[-0.6301185179954917, 0.009418688542826221]
[-0.6281707228946332, 0.009629844466769188]
[-0.6281707228946332, 0.009629844466769188]
[-0.6281707228946332, 0.009629844466769188]
[-0.6281707228946332, 0.009629844466769188]
[-0.6281707228946332, 0.009629844466769188]
[-0.6281707228946332, 0.009629844466769188]
[-0.6281707228946332, 0.009629844466769188]
[-0.6281707228946332, 0.009629844466769188]
[-0.6261702411794557, 0.00984342811913296]
[-0.6261702411794557, 0.00984342811913296]
[-0.6261702411794557, 0.00984342811913296]
[-0.6261702411794557, 0.00984342811913296]
[-0.6261702411794557, 0.00984342811913296]
[-0.6261702411794557, 0.00984342811913296]
[-0.6261702411794557, 0.00984342811913296]
[-0.6261702411794557, 0.00984342811913296]
[-0.6247920569187239, 0.009994864655357974]
[-0.6247920569187239, 0.009994864655357974]
[-0.6247920569187239, 0.009994864655357974]
[-0.6247920569187239, 0.009994864655357974]
[-0.6247920569187239, 0.009994864655357974]
[-0.6247920569187239, 0.009994864655357974]
[-0.6247920569187239, 0.009994864655357974]
[-0.6247920569187239, 0.009994864655357974]
[-0.6232094047591881, 0.0101314008063302]
[-0.6232094047591881, 0.0101314008063302]
[-0.6232094047591881, 0.0101314008063302]
[-0.6232094047591881, 0.0101314008063302]
[-0.6232094047591881, 0.0101314008063302]
[-0.6232094047591881, 0.0101314008063302]
[-0.6232094047591881, 0.0101314008063302]
[-0.6232094047591881, 0.0101314008063302]
[-0.6215383910129652, 0.010251142328720276]
[-0.6215383910129652, 0.010251142328720276]
[-0.6215383910129652, 0.010251142328720276]
[-0.6215383910129652, 0.010251142328720276]
[-0.6215383910129652, 0.010251142328720276]
[-0.6215383910129652, 0.010251142328720276]
[-0.6215383910129652, 0.010251142328720276]
[-0.6215383910129652, 0.010251142328720276]
[-0.6190581955868044, 0.010422654143279477]
[-0.6190581955868044, 0.010422654143279477]
[-0.6190581955868044, 0.010422654143279477]
[-0.6190581955868044, 0.010422654143279477]
[-0.6190581955868044, 0.010422654143279477]
[-0.6190581955868044, 0.010422654143279477]
[-0.6190581955868044, 0.010422654143279477]
[-0.6190581955868044, 0.010422654143279477]
[-0.617317893980159, 0.01056121061050438]
[-0.617317893980159, 0.01056121061050438]
[-0.617317893980159, 0.01056121061050438]
[-0.617317893980159, 0.01056121061050438]
[-0.617317893980159, 0.01056121061050438]
[-0.617317893980159, 0.01056121061050438]
[-0.617317893980159, 0.01056121061050438]
[-0.617317893980159, 0.01056121061050438]
[-0.6155374250236042, 0.01069066487891253]
[-0.6155374250236042, 0.01069066487891253]
[-0.6155374250236042, 0.01069066487891253]
[-0.6155374250236042, 0.01069066487891253]
[-0.6155374250236042, 0.01069066487891253]
[-0.6155374250236042, 0.01069066487891253]
[-0.6155374250236042, 0.01069066487891253]
[-0.6155374250236042, 0.01069066487891253]
[-0.6140872613673145, 0.010779907827820385]
[-0.6140872613673145, 0.010779907827820385]
[-0.6140872613673145, 0.010779907827820385]
[-0.6140872613673145, 0.010779907827820385]
[-0.6140872613673145, 0.010779907827820385]
[-0.6140872613673145, 0.010779907827820385]
[-0.6140872613673145, 0.010779907827820385]
[-0.6140872613673145, 0.010779907827820385]
[-0.6124648927997589, 0.01086058053022673]
[-0.6124648927997589, 0.01086058053022673]
[-0.6124648927997589, 0.01086058053022673]
[-0.6124648927997589, 0.01086058053022673]
[-0.6124648927997589, 0.01086058053022673]
[-0.6124648927997589, 0.01086058053022673]
[-0.6124648927997589, 0.01086058053022673]
[-0.6124648927997589, 0.01086058053022673]
[-0.6104467987523922, 0.01094697086062929]
[-0.6104467987523922, 0.01094697086062929]
[-0.6104467987523922, 0.01094697086062929]
[-0.6104467987523922, 0.01094697086062929]
[-0.6104467987523922, 0.01094697086062929]
[-0.6104467987523922, 0.01094697086062929]
[-0.6104467987523922, 0.01094697086062929]
[-0.6104467987523922, 0.01094697086062929]
[-0.608544428765601, 0.011042555220801229]
[-0.608544428765601, 0.011042555220801229]
[-0.608544428765601, 0.011042555220801229]
[-0.608544428765601, 0.011042555220801229]
[-0.608544428765601, 0.011042555220801229]
[-0.608544428765601, 0.011042555220801229]
[-0.608544428765601, 0.011042555220801229]
[-0.608544428765601, 0.011042555220801229]
[-0.6064834862509608, 0.011144407993360141]
[-0.6064834862509608, 0.011144407993360141]
[-0.6064834862509608, 0.011144407993360141]
[-0.6064834862509608, 0.011144407993360141]
[-0.6064834862509608, 0.011144407993360141]
[-0.6064834862509608, 0.011144407993360141]
[-0.6064834862509608, 0.011144407993360141]
[-0.6064834862509608, 0.011144407993360141]
[-0.6049278196979245, 0.011236655872224445]
[-0.6049278196979245, 0.011236655872224445]
[-0.6049278196979245, 0.011236655872224445]
[-0.6049278196979245, 0.011236655872224445]
[-0.6049278196979245, 0.011236655872224445]
[-0.6049278196979245, 0.011236655872224445]
[-0.6049278196979245, 0.011236655872224445]
[-0.6049278196979245, 0.011236655872224445]
[-0.6033265945041949, 0.011311574987709542]
[-0.6033265945041949, 0.011311574987709542]
[-0.6033265945041949, 0.011311574987709542]
[-0.6033265945041949, 0.011311574987709542]
[-0.6033265945041949, 0.011311574987709542]
[-0.6033265945041949, 0.011311574987709542]
[-0.6033265945041949, 0.011311574987709542]
[-0.6033265945041949, 0.011311574987709542]
[-0.6014425088570049, 0.01138219208430262]
[-0.6014425088570049, 0.01138219208430262]
[-0.6014425088570049, 0.01138219208430262]
[-0.6014425088570049, 0.01138219208430262]
[-0.6014425088570049, 0.01138219208430262]
[-0.6014425088570049, 0.01138219208430262]
[-0.6014425088570049, 0.01138219208430262]
[-0.6014425088570049, 0.01138219208430262]
[-0.6001484320546128, 0.011417563428538802]
[-0.6001484320546128, 0.011417563428538802]
[-0.6001484320546128, 0.011417563428538802]
[-0.6001484320546128, 0.011417563428538802]
[-0.6001484320546128, 0.011417563428538802]
[-0.6001484320546128, 0.011417563428538802]
[-0.6001484320546128, 0.011417563428538802]
[-0.6001484320546128, 0.011417563428538802]
[-0.5979466824018861, 0.011475383026117973]
[-0.5979466824018861, 0.011475383026117973]
[-0.5979466824018861, 0.011475383026117973]
[-0.5979466824018861, 0.011475383026117973]
[-0.5979466824018861, 0.011475383026117973]
[-0.5979466824018861, 0.011475383026117973]
[-0.5979466824018861, 0.011475383026117973]
[-0.5979466824018861, 0.011475383026117973]
[-0.5960666144101882, 0.011544604568383764]
[-0.5960666144101882, 0.011544604568383764]
[-0.5960666144101882, 0.011544604568383764]
[-0.5960666144101882, 0.011544604568383764]
[-0.5960666144101882, 0.011544604568383764]
[-0.5960666144101882, 0.011544604568383764]
[-0.5960666144101882, 0.011544604568383764]
[-0.5960666144101882, 0.011544604568383764]
[-0.5940121153831726, 0.011628001109770308]
[-0.5940121153831726, 0.011628001109770308]
[-0.5940121153831726, 0.011628001109770308]
[-0.5940121153831726, 0.011628001109770308]
[-0.5940121153831726, 0.011628001109770308]
[-0.5940121153831726, 0.011628001109770308]
[-0.5940121153831726, 0.011628001109770308]
[-0.5940121153831726, 0.011628001109770308]
[-0.5922394109633862, 0.011707340934161705]
[-0.5922394109633862, 0.011707340934161705]
[-0.5922394109633862, 0.011707340934161705]
[-0.5922394109633862, 0.011707340934161705]
[-0.5922394109633862, 0.011707340934161705]
[-0.5922394109633862, 0.011707340934161705]
[-0.5922394109633862, 0.011707340934161705]
[-0.5922394109633862, 0.011707340934161705]
[-0.5904425887230835, 0.011778558467415337]
[-0.5904425887230835, 0.011778558467415337]
[-0.5904425887230835, 0.011778558467415337]
[-0.5904425887230835, 0.011778558467415337]
[-0.5904425887230835, 0.011778558467415337]
[-0.5904425887230835, 0.011778558467415337]
[-0.5904425887230835, 0.011778558467415337]
[-0.5904425887230835, 0.011778558467415337]
[-0.5883848373176966, 0.011858647193056432]
[-0.5883848373176966, 0.011858647193056432]
[-0.5883848373176966, 0.011858647193056432]
[-0.5883848373176966, 0.011858647193056432]
[-0.5883848373176966, 0.011858647193056432]
[-0.5883848373176966, 0.011858647193056432]
[-0.5883848373176966, 0.011858647193056432]
[-0.5883848373176966, 0.011858647193056432]
[-0.5866674267808262, 0.01194244696781932]
[-0.5866674267808262, 0.01194244696781932]
[-0.5866674267808262, 0.01194244696781932]
[-0.5866674267808262, 0.01194244696781932]
[-0.5866674267808262, 0.01194244696781932]
[-0.5866674267808262, 0.01194244696781932]
[-0.5866674267808262, 0.01194244696781932]
[-0.5866674267808262, 0.01194244696781932]
[-0.5851669937818804, 0.012008686600354963]
[-0.5851669937818804, 0.012008686600354963]
[-0.5851669937818804, 0.012008686600354963]
[-0.5851669937818804, 0.012008686600354963]
[-0.5851669937818804, 0.012008686600354963]
[-0.5851669937818804, 0.012008686600354963]
[-0.5851669937818804, 0.012008686600354963]
[-0.5851669937818804, 0.012008686600354963]
[-0.5832503329037605, 0.012074827777692915]
[-0.5832503329037605, 0.012074827777692915]
[-0.5832503329037605, 0.012074827777692915]
[-0.5832503329037605, 0.012074827777692915]
[-0.5832503329037605, 0.012074827777692915]
[-0.5832503329037605, 0.012074827777692915]
[-0.5832503329037605, 0.012074827777692915]
[-0.5832503329037605, 0.012074827777692915]
[-0.5815349765200389, 0.012136037493364872]
[-0.5815349765200389, 0.012136037493364872]
[-0.5815349765200389, 0.012136037493364872]
[-0.5815349765200389, 0.012136037493364872]
[-0.5815349765200389, 0.012136037493364872]
[-0.5815349765200389, 0.012136037493364872]
[-0.5815349765200389, 0.012136037493364872]
[-0.5815349765200389, 0.012136037493364872]
[-0.5799887532850592, 0.012179032291222684]
[-0.5799887532850592, 0.012179032291222684]
[-0.5799887532850592, 0.012179032291222684]
[-0.5799887532850592, 0.012179032291222684]
[-0.5799887532850592, 0.012179032291222684]
[-0.5799887532850592, 0.012179032291222684]
[-0.5799887532850592, 0.012179032291222684]
[-0.5799887532850592, 0.012179032291222684]
[-0.5781240675318505, 0.012221467408242563]
[-0.5781240675318505, 0.012221467408242563]
[-0.5781240675318505, 0.012221467408242563]
[-0.5781240675318505, 0.012221467408242563]
[-0.5781240675318505, 0.012221467408242563]
[-0.5781240675318505, 0.012221467408242563]
[-0.5781240675318505, 0.012221467408242563]
[-0.5781240675318505, 0.012221467408242563]
[-0.5769010556663358, 0.012241436059065433]
[-0.5769010556663358, 0.012241436059065433]
[-0.5769010556663358, 0.012241436059065433]
[-0.5769010556663358, 0.012241436059065433]
[-0.5769010556663358, 0.012241436059065433]
[-0.5769010556663358, 0.012241436059065433]
[-0.5769010556663358, 0.012241436059065433]
[-0.5769010556663358, 0.012241436059065433]
[-0.575578918191277, 0.012242391241482124]
[-0.575578918191277, 0.012242391241482124]
[-0.575578918191277, 0.012242391241482124]
[-0.575578918191277, 0.012242391241482124]
[-0.575578918191277, 0.012242391241482124]
[-0.575578918191277, 0.012242391241482124]
[-0.575578918191277, 0.012242391241482124]
[-0.575578918191277, 0.012242391241482124]
[-0.573481317620658, 0.012215116946014895]
[-0.573481317620658, 0.012215116946014895]
[-0.573481317620658, 0.012215116946014895]
[-0.573481317620658, 0.012215116946014895]
[-0.573481317620658, 0.012215116946014895]
[-0.573481317620658, 0.012215116946014895]
[-0.573481317620658, 0.012215116946014895]
[-0.573481317620658, 0.012215116946014895]
[-0.571316035666361, 0.012229320494271946]
[-0.571316035666361, 0.012229320494271946]
[-0.571316035666361, 0.012229320494271946]
[-0.571316035666361, 0.012229320494271946]
[-0.571316035666361, 0.012229320494271946]
[-0.571316035666361, 0.012229320494271946]
[-0.571316035666361, 0.012229320494271946]
[-0.571316035666361, 0.012229320494271946]
[-0.5692651958300361, 0.012281139830592992]
[-0.5692651958300361, 0.012281139830592992]
[-0.5692651958300361, 0.012281139830592992]
[-0.5692651958300361, 0.012281139830592992]
[-0.5692651958300361, 0.012281139830592992]
[-0.5692651958300361, 0.012281139830592992]
[-0.5692651958300361, 0.012281139830592992]
[-0.5692651958300361, 0.012281139830592992]
[-0.5679923619413285, 0.012321075310616965]
[-0.5679923619413285, 0.012321075310616965]
[-0.5679923619413285, 0.012321075310616965]
[-0.5679923619413285, 0.012321075310616965]
[-0.5679923619413285, 0.012321075310616965]
[-0.5679923619413285, 0.012321075310616965]
[-0.5679923619413285, 0.012321075310616965]
[-0.5679923619413285, 0.012321075310616965]
[-0.5668211744938768, 0.012326754026809246]
[-0.5668211744938768, 0.012326754026809246]
[-0.5668211744938768, 0.012326754026809246]
[-0.5668211744938768, 0.012326754026809246]
[-0.5668211744938768, 0.012326754026809246]
[-0.5668211744938768, 0.012326754026809246]
[-0.5668211744938768, 0.012326754026809246]
[-0.5668211744938768, 0.012326754026809246]
[-0.5655282690891605, 0.012307606434252756]
[-0.5655282690891605, 0.012307606434252756]
[-0.5655282690891605, 0.012307606434252756]
[-0.5655282690891605, 0.012307606434252756]
[-0.5655282690891605, 0.012307606434252756]
[-0.5655282690891605, 0.012307606434252756]
[-0.5655282690891605, 0.012307606434252756]
[-0.5655282690891605, 0.012307606434252756]
[-0.5638895767809915, 0.012268934166152686]
[-0.5638895767809915, 0.012268934166152686]
[-0.5638895767809915, 0.012268934166152686]
[-0.5638895767809915, 0.012268934166152686]
[-0.5638895767809915, 0.012268934166152686]
[-0.5638895767809915, 0.012268934166152686]
[-0.5638895767809915, 0.012268934166152686]
[-0.5638895767809915, 0.012268934166152686]
[-0.5619569254319785, 0.012229324188313484]
[-0.5619569254319785, 0.012229324188313484]
[-0.5619569254319785, 0.012229324188313484]
[-0.5619569254319785, 0.012229324188313484]
[-0.5619569254319785, 0.012229324188313484]
[-0.5619569254319785, 0.012229324188313484]
[-0.5619569254319785, 0.012229324188313484]
[-0.5619569254319785, 0.012229324188313484]
[-0.5600989388591303, 0.01220540636595643]
[-0.5600989388591303, 0.01220540636595643]
[-0.5600989388591303, 0.01220540636595643]
[-0.5600989388591303, 0.01220540636595643]
[-0.5600989388591303, 0.01220540636595643]
[-0.5600989388591303, 0.01220540636595643]
[-0.5600989388591303, 0.01220540636595643]
[-0.5600989388591303, 0.01220540636595643]
[-0.5581244043902035, 0.012189678413276762]
[-0.5581244043902035, 0.012189678413276762]
[-0.5581244043902035, 0.012189678413276762]
[-0.5581244043902035, 0.012189678413276762]
[-0.5581244043902035, 0.012189678413276762]
[-0.5581244043902035, 0.012189678413276762]
[-0.5581244043902035, 0.012189678413276762]
[-0.5581244043902035, 0.012189678413276762]
[-0.5561211447436352, 0.012189212496838318]
[-0.5561211447436352, 0.012189212496838318]
[-0.5561211447436352, 0.012189212496838318]
[-0.5561211447436352, 0.012189212496838318]
[-0.5561211447436352, 0.012189212496838318]
[-0.5561211447436352, 0.012189212496838318]
[-0.5561211447436352, 0.012189212496838318]
[-0.5561211447436352, 0.012189212496838318]
[-0.5542593236264888, 0.012202744955129529]
[-0.5542593236264888, 0.012202744955129529]
[-0.5542593236264888, 0.012202744955129529]
[-0.5542593236264888, 0.012202744955129529]
[-0.5542593236264888, 0.012202744955129529]
[-0.5542593236264888, 0.012202744955129529]
[-0.5542593236264888, 0.012202744955129529]
[-0.5542593236264888, 0.012202744955129529]
[-0.5524841491789136, 0.012219340006036729]
[-0.5524841491789136, 0.012219340006036729]
[-0.5524841491789136, 0.012219340006036729]
[-0.5524841491789136, 0.012219340006036729]
[-0.5524841491789136, 0.012219340006036729]
[-0.5524841491789136, 0.012219340006036729]
[-0.5524841491789136, 0.012219340006036729]
[-0.5524841491789136, 0.012219340006036729]
